1.000000000000000000e+00 2.237769467538665817e-06 2.631659759095888756e-07 0.000000000000000000e+00 0.000000000000000000e+00 0.000000000000000000e+00
1.042343452601165010e+00 2.059655341825771198e-06 2.422196295689184524e-07 0.000000000000000000e+00 0.000000000000000000e+00 0.000000000000000000e+00
1.086479873180516975e+00 1.895720799144258893e-06 2.229409057388687826e-07 0.000000000000000000e+00 0.000000000000000000e+00 0.000000000000000000e+00
1.132485182192656037e+00 1.744838132377520943e-06 2.051972152610842940e-07 0.000000000000000000e+00 0.000000000000000000e+00 0.000000000000000000e+00
1.180438514826352314e+00 1.605967645042133967e-06 1.888662467355665192e-07 0.000000000000000000e+00 0.000000000000000000e+00 0.000000000000000000e+00
1.230422357127491484e+00 1.478137890118086023e-06 1.738331393013310381e-07 0.000000000000000000e+00 0.000000000000000000e+00 0.000000000000000000e+00
1.282522687885933044e+00 1.360495880167229314e-06 1.599986542081355740e-07 0.000000000000000000e+00 0.000000000000000000e+00 0.000000000000000000e+00
1.336829126530349798e+00 1.252204794537141790e-06 1.472633035434586423e-07 0.000000000000000000e+00 0.000000000000000000e+00 0.000000000000000000e+00
1.393435087285444407e+00 1.152542971936809016e-06 1.355433014288350909e-07 0.000000000000000000e+00 0.000000000000000000e+00 0.000000000000000000e+00
1.452437939856715765e+00 1.060806124498851852e-06 1.247546894755298465e-07 0.000000000000000000e+00 0.000000000000000000e+00 0.000000000000000000e+00
1.513939176919172347e+00 9.763692623679978813e-07 1.148246312915761986e-07 0.000000000000000000e+00 0.000000000000000000e+00 0.000000000000000000e+00
1.578044588698096051e+00 8.986606437510349228e-07 1.056862345780527902e-07 0.000000000000000000e+00 0.000000000000000000e+00 0.000000000000000000e+00
1.644864444942158777e+00 8.271314505321060325e-07 9.727409412097344230e-08 0.000000000000000000e+00 0.000000000000000000e+00 0.000000000000000000e+00
1.714513684601908450e+00 7.612942485535273627e-07 8.953139199234716521e-08 0.000000000000000000e+00 0.000000000000000000e+00 0.000000000000000000e+00
1.787112113539898184e+00 7.007025453871929894e-07 8.240585465803869771e-08 0.000000000000000000e+00 0.000000000000000000e+00 0.000000000000000000e+00
1.862784610612542746e+00 6.449296425292674952e-07 7.584670529515967441e-08 0.000000000000000000e+00 0.000000000000000000e+00 0.000000000000000000e+00
1.941661342478194330e+00 5.935950453011602817e-07 6.980954559869104475e-08 0.000000000000000000e+00 0.000000000000000000e+00 0.000000000000000000e+00
2.023877987500934061e+00 5.463466332710876346e-07 6.425294422363310442e-08 0.000000000000000000e+00 0.000000000000000000e+00 0.000000000000000000e+00
2.109575969135220941e+00 5.028593322037850659e-07 5.913867852105955132e-08 0.000000000000000000e+00 0.000000000000000000e+00 0.000000000000000000e+00
2.198902699192854637e+00 4.628365422690776811e-07 5.443201479035254492e-08 0.000000000000000000e+00 0.000000000000000000e+00 0.000000000000000000e+00
2.292011831410701195e+00 4.259976742329397872e-07 5.009964012433231649e-08 0.000000000000000000e+00 0.000000000000000000e+00 0.000000000000000000e+00
2.389063525755349193e+00 3.920908101941864184e-07 4.611210545331224056e-08 0.000000000000000000e+00 0.000000000000000000e+00 0.000000000000000000e+00
2.490224723919343131e+00 3.608812698459169122e-07 4.244171259334215710e-08 0.000000000000000000e+00 0.000000000000000000e+00 0.000000000000000000e+00
2.595669436482870740e+00 3.321574472936225232e-07 3.906372322461503160e-08 0.000000000000000000e+00 0.000000000000000000e+00 0.000000000000000000e+00
2.705579042234875775e+00 3.057196042016638872e-07 3.595456507585345180e-08 0.000000000000000000e+00 0.000000000000000000e+00 0.000000000000000000e+00
2.820142600168453750e+00 2.813860448009362529e-07 3.309287860855783355e-08 0.000000000000000000e+00 0.000000000000000000e+00 0.000000000000000000e+00
2.939557174687212449e+00 2.589884462985278611e-07 3.045879452632748863e-08 0.000000000000000000e+00 0.000000000000000000e+00 0.000000000000000000e+00
3.064028174581995057e+00 2.383734891453357000e-07 2.803436838207612414e-08 0.000000000000000000e+00 0.000000000000000000e+00 0.000000000000000000e+00
3.193769706361041738e+00 2.194015258026751741e-07 2.580326939656887072e-08 0.000000000000000000e+00 0.000000000000000000e+00 0.000000000000000000e+00
3.329004942541377243e+00 2.019385409803490691e-07 2.374957554051182191e-08 0.000000000000000000e+00 0.000000000000000000e+00 0.000000000000000000e+00
3.469966505534922252e+00 1.858646437277707140e-07 2.185918388691693899e-08 0.000000000000000000e+00 0.000000000000000000e+00 0.000000000000000000e+00
3.616896867789669567e+00 1.710718806275221881e-07 2.011956647231170059e-08 0.000000000000000000e+00 0.000000000000000000e+00 0.000000000000000000e+00
3.770048768874223466e+00 1.574561595588260942e-07 1.851835816608827411e-08 0.000000000000000000e+00 0.000000000000000000e+00 0.000000000000000000e+00
3.929685650223130100e+00 1.449230670354401083e-07 1.704437083126023667e-08 0.000000000000000000e+00 0.000000000000000000e+00 0.000000000000000000e+00
4.096082108290830526e+00 1.333873096379975618e-07 1.568768763609519824e-08 0.000000000000000000e+00 0.000000000000000000e+00 0.000000000000000000e+00
4.269524366893723055e+00 1.227711853397540910e-07 1.443924807265406321e-08 0.000000000000000000e+00 0.000000000000000000e+00 0.000000000000000000e+00
4.450310769552807244e+00 1.129989838628990881e-07 1.328997359450694013e-08 0.000000000000000000e+00 0.000000000000000000e+00 0.000000000000000000e+00
4.638752292683820500e+00 1.040050079738102043e-07 1.223225878371984781e-08 0.000000000000000000e+00 0.000000000000000000e+00 0.000000000000000000e+00
4.835173080517622068e+00 9.572641784712810307e-08 1.125864366428343701e-08 0.000000000000000000e+00 0.000000000000000000e+00 0.000000000000000000e+00
5.039911002670948825e+00 8.810698889936279384e-08 1.036255288584407070e-08 0.000000000000000000e+00 0.000000000000000000e+00 0.000000000000000000e+00
5.253318235326636554e+00 8.109367260372733832e-08 9.537730499573326239e-09 0.000000000000000000e+00 0.000000000000000000e+00 0.000000000000000000e+00
5.475761867023024365e+00 7.463929478822804747e-08 8.778692931569329986e-09 0.000000000000000000e+00 0.000000000000000000e+00 0.000000000000000000e+00
5.707624530094580706e+00 6.869842070197727027e-08 8.080027935919781277e-09 0.000000000000000000e+00 0.000000000000000000e+00 0.000000000000000000e+00
5.949305058849887473e+00 6.323017648595294730e-08 7.436931486201903128e-09 0.000000000000000000e+00 0.000000000000000000e+00 0.000000000000000000e+00
6.201219175619169022e+00 5.819726968628830663e-08 6.845029499305519562e-09 0.000000000000000000e+00 0.000000000000000000e+00 0.000000000000000000e+00
6.463800205851433667e+00 5.356520218920910977e-08 6.300297845838053141e-09 0.000000000000000000e+00 0.000000000000000000e+00 0.000000000000000000e+00
6.737499823491305051e+00 4.930127337155696816e-08 5.798816321146512225e-09 0.000000000000000000e+00 0.000000000000000000e+00 0.000000000000000000e+00
7.022788827917666232e+00 4.537707772476348126e-08 5.337318109803429200e-09 0.000000000000000000e+00 0.000000000000000000e+00 0.000000000000000000e+00
7.320157953780587867e+00 4.176495654375091746e-08 4.912501212933998421e-09 0.000000000000000000e+00 0.000000000000000000e+00 0.000000000000000000e+00
7.630118715129537321e+00 3.844046278540514659e-08 4.521519550153702334e-09 0.000000000000000000e+00 0.000000000000000000e+00 0.000000000000000000e+00
7.953204285284886765e+00 3.538067132175106534e-08 4.161677770908848814e-09 0.000000000000000000e+00 0.000000000000000000e+00 0.000000000000000000e+00
8.289970413966230467e+00 3.256445191274547987e-08 3.830483760553581102e-09 0.000000000000000000e+00 0.000000000000000000e+00 0.000000000000000000e+00
8.640996383255068025e+00 2.997212590154326499e-08 3.525595459982667615e-09 0.000000000000000000e+00 0.000000000000000000e+00 0.000000000000000000e+00
9.006886004036267934e+00 2.758641369185485592e-08 3.245030797574467966e-09 0.000000000000000000e+00 0.000000000000000000e+00 0.000000000000000000e+00
9.388268654632273780e+00 2.539035588176538607e-08 2.986755066239625658e-09 0.000000000000000000e+00 0.000000000000000000e+00 0.000000000000000000e+00
9.785800363416699454e+00 2.336912901532602930e-08 2.749044982946776448e-09 0.000000000000000000e+00 0.000000000000000000e+00 0.000000000000000000e+00
1.020016493726949491e+01 2.150868077202598424e-08 2.530234944147624152e-09 0.000000000000000000e+00 0.000000000000000000e+00 0.000000000000000000e+00
1.063207513781483016e+01 1.979640853365834332e-08 2.328860600857136488e-09 0.000000000000000000e+00 0.000000000000000000e+00 0.000000000000000000e+00
1.108227390746491814e+01 1.822053628564679602e-08 2.143536182511312653e-09 0.000000000000000000e+00 0.000000000000000000e+00 0.000000000000000000e+00
1.155153564737878646e+01 1.676993218850300559e-08 1.972932160982094414e-09 0.000000000000000000e+00 0.000000000000000000e+00 0.000000000000000000e+00
1.204066754953423946e+01 1.543469748530112965e-08 1.815885518300006241e-09 0.000000000000000000e+00 0.000000000000000000e+00 0.000000000000000000e+00
1.255051098520432262e+01 1.420600253771698988e-08 1.671398673514023000e-09 0.000000000000000000e+00 0.000000000000000000e+00 0.000000000000000000e+00
1.308194295222672210e+01 1.307488369861606126e-08 1.538364111749007393e-09 0.000000000000000000e+00 0.000000000000000000e+00 0.000000000000000000e+00
1.363587758355547841e+01 1.203373957487201336e-08 1.415902976644718738e-09 0.000000000000000000e+00 0.000000000000000000e+00 0.000000000000000000e+00
1.421326771969004987e+01 1.107568759463933599e-08 1.303245563406562090e-09 0.000000000000000000e+00 0.000000000000000000e+00 0.000000000000000000e+00
1.481510654768641366e+01 1.019365722304357111e-08 1.199496646657259138e-09 0.000000000000000000e+00 0.000000000000000000e+00 0.000000000000000000e+00
1.544242930956958304e+01 9.382026301322841478e-09 1.104056162930352116e-09 0.000000000000000000e+00 0.000000000000000000e+00 0.000000000000000000e+00
1.609631508308618564e+01 8.634839912223244089e-09 1.016171532145712929e-09 0.000000000000000000e+00 0.000000000000000000e+00 0.000000000000000000e+00
1.677788863786025431e+01 7.947166566746671139e-09 9.352975937904514320e-10 0.000000000000000000e+00 0.000000000000000000e+00 0.000000000000000000e+00
1.748832237014511648e+01 7.314221492875404525e-09 8.608536599047829795e-10 0.000000000000000000e+00 0.000000000000000000e+00 0.000000000000000000e+00
1.822883831949924982e+01 6.731654171877751874e-09 7.923391498752572487e-10 0.000000000000000000e+00 0.000000000000000000e+00 0.000000000000000000e+00
1.900071027085526509e+01 6.195468321965911639e-09 7.292790942637448271e-10 0.000000000000000000e+00 0.000000000000000000e+00 0.000000000000000000e+00
1.980526594559769649e+01 5.701938651078220667e-09 6.712351124817142869e-10 0.000000000000000000e+00 0.000000000000000000e+00 0.000000000000000000e+00
2.064388928541858093e+01 5.247705985444383830e-09 6.178137855373352506e-10 0.000000000000000000e+00 0.000000000000000000e+00 0.000000000000000000e+00
2.151802283287939943e+01 4.829619482024490506e-09 5.686445823760408906e-10 0.000000000000000000e+00 0.000000000000000000e+00 0.000000000000000000e+00
2.242917021277420631e+01 4.444780966562191475e-09 5.233771809326323439e-10 0.000000000000000000e+00 0.000000000000000000e+00 0.000000000000000000e+00
2.337889871856227231e+01 4.090630946983078601e-09 4.817359242800601245e-10 0.000000000000000000e+00 0.000000000000000000e+00 0.000000000000000000e+00
2.436884200831915237e+01 3.764605911225364751e-09 4.433850608006928658e-10 0.000000000000000000e+00 0.000000000000000000e+00 0.000000000000000000e+00
2.540070291484369136e+01 3.464556504928408676e-09 4.080930947469413262e-10 0.000000000000000000e+00 0.000000000000000000e+00 0.000000000000000000e+00
2.647625637475465155e+01 3.188401596494523919e-09 3.756167807772274016e-10 0.000000000000000000e+00 0.000000000000000000e+00 0.000000000000000000e+00
2.759735248161536703e+01 2.934223424827448141e-09 3.457201791527665616e-10 0.000000000000000000e+00 0.000000000000000000e+00 0.000000000000000000e+00
2.876591966833829161e+01 2.700255246276935828e-09 3.181977502336233642e-10 0.000000000000000000e+00 0.000000000000000000e+00 0.000000000000000000e+00
2.998396802434348274e+01 2.484949524157385892e-09 2.928757300140429723e-10 0.000000000000000000e+00 0.000000000000000000e+00 0.000000000000000000e+00
3.125359275317711649e+01 2.286764720259370759e-09 2.695639176759242303e-10 0.000000000000000000e+00 0.000000000000000000e+00 0.000000000000000000e+00
3.257697777653739024e+01 2.104385149584102391e-09 2.481141796511379136e-10 0.000000000000000000e+00 0.000000000000000000e+00 0.000000000000000000e+00
3.395639949090740828e+01 1.936521732872577309e-09 2.283711887431870352e-10 0.000000000000000000e+00 0.000000000000000000e+00 0.000000000000000000e+00
3.539423068325686472e+01 1.782024488562948799e-09 2.101971663992646375e-10 0.000000000000000000e+00 0.000000000000000000e+00 0.000000000000000000e+00
3.689294461254805668e+01 1.639828639873325823e-09 1.934657832476275869e-10 0.000000000000000000e+00 0.000000000000000000e+00 0.000000000000000000e+00
3.845511926406689440e+01 1.508976014874457791e-09 1.780734321528550439e-10 0.000000000000000000e+00 0.000000000000000000e+00 0.000000000000000000e+00
4.008344178389703671e+01 1.388555244501650176e-09 1.639070156143201527e-10 0.000000000000000000e+00 0.000000000000000000e+00 0.000000000000000000e+00
4.178071310116503412e+01 1.277724226849603262e-09 1.508627141571364372e-10 0.000000000000000000e+00 0.000000000000000000e+00 0.000000000000000000e+00
4.354985274600709744e+01 1.175736165583625856e-09 1.388605398236532626e-10 0.000000000000000000e+00 0.000000000000000000e+00 0.000000000000000000e+00
4.539390387154536199e+01 1.081890478688118785e-09 1.278161104591367008e-10 0.000000000000000000e+00 0.000000000000000000e+00 0.000000000000000000e+00
4.731603848851198535e+01 9.955266218737382215e-10 1.176458634306892655e-10 0.000000000000000000e+00 0.000000000000000000e+00 0.000000000000000000e+00
4.931956292152518984e+01 9.160726582940454331e-10 1.082913203394470007e-10 0.000000000000000000e+00 0.000000000000000000e+00 0.000000000000000000e+00
5.140792349640297232e+01 8.429641817734222538e-10 9.968037328512127369e-11 0.000000000000000000e+00 0.000000000000000000e+00 0.000000000000000000e+00
5.358471246829720513e+01 7.757040314601875885e-10 9.175487887494604530e-11 0.000000000000000000e+00 0.000000000000000000e+00 0.000000000000000000e+00
5.585367420084560308e+01 7.138260850053797118e-10 8.446005048707213482e-11 0.000000000000000000e+00 0.000000000000000000e+00 0.000000000000000000e+00
5.821871160697001812e+01 6.569000652173197403e-10 7.774679943139779568e-11 0.000000000000000000e+00 0.000000000000000000e+00 0.000000000000000000e+00
6.068389286240065417e+01 6.045405631526922766e-10 7.156865028255039654e-11 0.000000000000000000e+00 0.000000000000000000e+00 0.000000000000000000e+00
6.325345840347389270e+01 5.563863340198161916e-10 6.588264079777887357e-11 0.000000000000000000e+00 0.000000000000000000e+00 0.000000000000000000e+00
6.593182822124114750e+01 5.120903926344094853e-10 6.064828961687776740e-11 0.000000000000000000e+00 0.000000000000000000e+00 0.000000000000000000e+00
6.872360946443542673e+01 4.713816685445837509e-10 5.583383487596645128e-11 0.000000000000000000e+00 0.000000000000000000e+00 0.000000000000000000e+00
7.163360436437373835e+01 4.339326340611500793e-10 5.140033561676275509e-11 0.000000000000000000e+00 0.000000000000000000e+00 0.000000000000000000e+00
7.466681849542716520e+01 3.995019626992091012e-10 4.731946172329794966e-11 0.000000000000000000e+00 0.000000000000000000e+00 0.000000000000000000e+00
7.782846938526807890e+01 3.678437092950459494e-10 4.356456996026332665e-11 0.000000000000000000e+00 0.000000000000000000e+00 0.000000000000000000e+00
8.112399548970439866e+01 3.387572471288622758e-10 4.010892119438537123e-11 0.000000000000000000e+00 0.000000000000000000e+00 0.000000000000000000e+00
8.455906554753981652e+01 3.120003897362304953e-10 3.692679763946516988e-11 0.000000000000000000e+00 0.000000000000000000e+00 0.000000000000000000e+00
8.813958833155088257e+01 2.874149414594137552e-10 3.399842124260187468e-11 0.000000000000000000e+00 0.000000000000000000e+00 0.000000000000000000e+00
9.187172281235410765e+01 2.648005538303588557e-10 3.130288670795263096e-11 0.000000000000000000e+00 0.000000000000000000e+00 0.000000000000000000e+00
9.576188875264639933e+01 2.440207190947205126e-10 2.882218438710430715e-11 0.000000000000000000e+00 0.000000000000000000e+00 0.000000000000000000e+00
9.981677775004206410e+01 2.249023279711199904e-10 2.653806350994687889e-11 0.000000000000000000e+00 0.000000000000000000e+00 0.000000000000000000e+00
1.040433647475019967e+02 2.073198892721347395e-10 2.443482468836826677e-11 0.000000000000000000e+00 0.000000000000000000e+00 0.000000000000000000e+00
1.084489200311536194e+02 1.911309411491023141e-10 2.249881394930775827e-11 0.000000000000000000e+00 0.000000000000000000e+00 0.000000000000000000e+00
1.130410217361402516e+02 1.762355854517425203e-10 2.071661840451404751e-11 0.000000000000000000e+00 0.000000000000000000e+00 0.000000000000000000e+00
1.178275688820117182e+02 1.625230702588023502e-10 1.907529255220313927e-11 0.000000000000000000e+00 0.000000000000000000e+00 0.000000000000000000e+00
1.228167949600777575e+02 1.498711844644245941e-10 1.756346639016551684e-11 0.000000000000000000e+00 0.000000000000000000e+00 0.000000000000000000e+00
1.280172820960967499e+02 1.382171638026329285e-10 1.617179427738259696e-11 0.000000000000000000e+00 0.000000000000000000e+00 0.000000000000000000e+00
1.334379758126628701e+02 1.274725490605748934e-10 1.489037432280863232e-11 0.000000000000000000e+00 0.000000000000000000e+00 0.000000000000000000e+00
1.390882004166816728e+02 1.175653230477178611e-10 1.371092515278688907e-11 0.000000000000000000e+00 0.000000000000000000e+00 0.000000000000000000e+00
1.449776750384068578e+02 1.084285836828421550e-10 1.262504843105833190e-11 0.000000000000000000e+00 0.000000000000000000e+00 0.000000000000000000e+00
1.511165303496226784e+02 9.999530546764075722e-11 1.162547350592636513e-11 0.000000000000000000e+00 0.000000000000000000e+00 0.000000000000000000e+00
1.575153259897343503e+02 9.221701039211528744e-11 1.070545985391488975e-11 0.000000000000000000e+00 0.000000000000000000e+00 0.000000000000000000e+00
1.641850687297378215e+02 8.503932391744974844e-11 9.858810429403608594e-12 0.000000000000000000e+00 0.000000000000000000e+00 0.000000000000000000e+00
1.711372314053143953e+02 7.843104825771974396e-11 9.080141572043093682e-12 0.000000000000000000e+00 0.000000000000000000e+00 0.000000000000000000e+00
1.783837726516200348e+02 7.235065227421900922e-11 8.364203545786615674e-12 0.000000000000000000e+00 0.000000000000000000e+00 0.000000000000000000e+00
1.859371574737108119e+02 6.676976715938158091e-11 7.706465964713399681e-12 0.000000000000000000e+00 0.000000000000000000e+00 0.000000000000000000e+00
1.938103786879943584e+02 6.165697599514952536e-11 7.102354838343569420e-12 0.000000000000000000e+00 0.000000000000000000e+00 0.000000000000000000e+00
2.020169792715831818e+02 5.699106132203831179e-11 6.548207160123345716e-12 0.000000000000000000e+00 0.000000000000000000e+00 0.000000000000000000e+00
2.105710756579998986e+02 5.274485564270584401e-11 6.040250503568987198e-12 0.000000000000000000e+00 0.000000000000000000e+00 0.000000000000000000e+00
2.194873820193008669e+02 4.889502124141405317e-11 5.575203139308209253e-12 0.000000000000000000e+00 0.000000000000000000e+00 0.000000000000000000e+00
2.287812355763888092e+02 4.541542630312544011e-11 5.149752603504474894e-12 0.000000000000000000e+00 0.000000000000000000e+00 0.000000000000000000e+00
2.384686229810537270e+02 4.228268636933206693e-11 4.761092170294921051e-12 0.000000000000000000e+00 0.000000000000000000e+00 0.000000000000000000e+00
2.485662078151169396e+02 3.946798941111365922e-11 4.406440922198655599e-12 0.000000000000000000e+00 0.000000000000000000e+00 0.000000000000000000e+00
2.590913592539878323e+02 3.694067280332514121e-11 4.083122440559129856e-12 0.000000000000000000e+00 0.000000000000000000e+00 0.000000000000000000e+00
2.700621819439303408e+02 3.466788240778926304e-11 3.788687007401282915e-12 0.000000000000000000e+00 0.000000000000000000e+00 0.000000000000000000e+00
2.814975471444402046e+02 3.261777425134398664e-11 3.520868293902039821e-12 0.000000000000000000e+00 0.000000000000000000e+00 0.000000000000000000e+00
2.934171251892951773e+02 3.075161453493535464e-11 3.277436049864976052e-12 0.000000000000000000e+00 0.000000000000000000e+00 0.000000000000000000e+00
3.058414193221180426e+02 2.901844275012174223e-11 3.055882026592992399e-12 0.000000000000000000e+00 0.000000000000000000e+00 0.000000000000000000e+00
3.187918009646573410e+02 2.737394875508476140e-11 2.854065197137728728e-12 0.000000000000000000e+00 0.000000000000000000e+00 0.000000000000000000e+00
3.322905464784441847e+02 2.577680745594436630e-11 2.669784343416328996e-12 0.000000000000000000e+00 0.000000000000000000e+00 0.000000000000000000e+00
3.463608754830696057e+02 2.420105973971284317e-11 2.500928479237568180e-12 0.000000000000000000e+00 0.000000000000000000e+00 0.000000000000000000e+00
3.610269907969848191e+02 2.264552923074411090e-11 2.345532338942323229e-12 0.000000000000000000e+00 0.000000000000000000e+00 0.000000000000000000e+00
3.763141200695379780e+02 2.113666087794457217e-11 2.201533653781536442e-12 0.000000000000000000e+00 0.000000000000000000e+00 0.000000000000000000e+00
3.922485591758517671e+02 1.972140218304654804e-11 2.067338898282737632e-12 0.000000000000000000e+00 0.000000000000000000e+00 0.000000000000000000e+00
4.088577174491895221e+02 1.844514292576709852e-11 1.941526549231818747e-12 0.000000000000000000e+00 0.000000000000000000e+00 0.000000000000000000e+00
4.261701648286200452e+02 1.732181693270439177e-11 1.823041790634702811e-12 0.000000000000000000e+00 0.000000000000000000e+00 0.000000000000000000e+00
4.442156810030711540e+02 1.632637136508765563e-11 1.711368643733308392e-12 0.000000000000000000e+00 0.000000000000000000e+00 0.000000000000000000e+00
4.630253066363192147e+02 1.540808243571822399e-11 1.606390318509089065e-12 0.000000000000000000e+00 0.000000000000000000e+00 0.000000000000000000e+00
4.826313967610138320e+02 1.452170138845742662e-11 1.508357269674446920e-12 0.000000000000000000e+00 0.000000000000000000e+00 0.000000000000000000e+00
5.030676764335976827e+02 1.365284545971538708e-11 1.417892591970757537e-12 0.000000000000000000e+00 0.000000000000000000e+00 0.000000000000000000e+00
5.243692987458422294e+02 1.281959594648338875e-11 1.335808702124211927e-12 0.000000000000000000e+00 0.000000000000000000e+00 0.000000000000000000e+00
5.465729052927925977e+02 1.205324860605906341e-11 1.262728828101791326e-12 0.000000000000000000e+00 0.000000000000000000e+00 0.000000000000000000e+00
5.697166892011393884e+02 1.137825198743953973e-11 1.199008465663199326e-12 0.000000000000000000e+00 0.000000000000000000e+00 0.000000000000000000e+00
5.938404608264202125e+02 1.080082926973436746e-11 1.144461002641805581e-12 0.000000000000000000e+00 0.000000000000000000e+00 0.000000000000000000e+00
6.189857162320780617e+02 1.031651000044044907e-11 1.098366518472114675e-12 0.000000000000000000e+00 0.000000000000000000e+00 0.000000000000000000e+00
6.451957085681489161e+02 9.927292768920437560e-12 1.059234530949943779e-12 0.000000000000000000e+00 0.000000000000000000e+00 0.000000000000000000e+00
6.725155224723790752e+02 9.656115061218965250e-12 1.025105161749395891e-12 0.000000000000000000e+00 0.000000000000000000e+00 0.000000000000000000e+00
7.009921516217362978e+02 9.523438962910175628e-12 9.936372582434340151e-13 0.000000000000000000e+00 0.000000000000000000e+00 0.000000000000000000e+00
7.306745795677196611e+02 9.495391987193052106e-12 9.630147763147337933e-13 0.000000000000000000e+00 0.000000000000000000e+00 0.000000000000000000e+00
7.616138639945219211e+02 9.454922439839961938e-12 9.324175370213128125e-13 0.000000000000000000e+00 0.000000000000000000e+00 0.000000000000000000e+00
7.938632245449637139e+02 9.279959755158868833e-12 9.027173586545173106e-13 0.000000000000000000e+00 0.000000000000000000e+00 0.000000000000000000e+00
8.274781343652917940e+02 8.971380854883934217e-12 8.764199698593539094e-13 0.000000000000000000e+00 0.000000000000000000e+00 0.000000000000000000e+00
8.625164155262885970e+02 8.647659058448712701e-12 8.564366631867441115e-13 0.000000000000000000e+00 0.000000000000000000e+00 0.000000000000000000e+00
8.990383384848522610e+02 8.421742417796725641e-12 8.454040163855440129e-13 0.000000000000000000e+00 0.000000000000000000e+00 0.000000000000000000e+00
9.371067257571163509e+02 8.304925751838337629e-12 8.440053962363547949e-13 0.000000000000000000e+00 0.000000000000000000e+00 0.000000000000000000e+00
9.767870599814451680e+02 8.254446020977807573e-12 8.504971440827305015e-13 0.000000000000000000e+00 0.000000000000000000e+00 0.000000000000000000e+00
1.018147596557201382e+03 8.289334002875066216e-12 8.604865077015722277e-13 0.000000000000000000e+00 0.000000000000000000e+00 0.000000000000000000e+00
1.061259481053010859e+03 8.462566341304174015e-12 8.692896825439498297e-13 0.000000000000000000e+00 0.000000000000000000e+00 0.000000000000000000e+00
1.106196871586516636e+03 8.665478154865073770e-12 8.752714638669379762e-13 0.000000000000000000e+00 0.000000000000000000e+00 0.000000000000000000e+00
1.153037066386096740e+03 8.718858660356293491e-12 8.820412126183046385e-13 0.000000000000000000e+00 0.000000000000000000e+00 0.000000000000000000e+00
1.201860636754002144e+03 8.683915395034495558e-12 8.969682004123812764e-13 0.000000000000000000e+00 0.000000000000000000e+00 0.000000000000000000e+00
1.252751565659601965e+03 8.795991964668472441e-12 9.260082859556548367e-13 0.000000000000000000e+00 0.000000000000000000e+00 0.000000000000000000e+00
1.305797392201143793e+03 9.229848082716021932e-12 9.692519540391849794e-13 0.000000000000000000e+00 0.000000000000000000e+00 0.000000000000000000e+00
1.361089362184538686e+03 1.001062190389853443e-11 1.018467853070437052e-12 0.000000000000000000e+00 0.000000000000000000e+00 0.000000000000000000e+00
1.418722585078148768e+03 1.085420352142249146e-11 1.063689235037551018e-12 0.000000000000000000e+00 0.000000000000000000e+00 0.000000000000000000e+00
1.478796197613608456e+03 1.130044778661172385e-11 1.105040087546657707e-12 0.000000000000000000e+00 0.000000000000000000e+00 0.000000000000000000e+00
1.541413534314042636e+03 1.148220577067371593e-11 1.154831926378662430e-12 0.000000000000000000e+00 0.000000000000000000e+00 0.000000000000000000e+00
1.606682305243062729e+03 1.182128213869074256e-11 1.220604503872010073e-12 0.000000000000000000e+00 0.000000000000000000e+00 0.000000000000000000e+00
1.674714781280253874e+03 1.243637049849074731e-11 1.288674832470167905e-12 0.000000000000000000e+00 0.000000000000000000e+00 0.000000000000000000e+00
1.745627987241863821e+03 1.321493944511321759e-11 1.329335242288916865e-12 0.000000000000000000e+00 0.000000000000000000e+00 0.000000000000000000e+00
1.819543903178907613e+03 1.348505109484444457e-11 1.335472719734498529e-12 0.000000000000000000e+00 0.000000000000000000e+00 0.000000000000000000e+00
1.896589674198901548e+03 1.322653153890282144e-11 1.330401766995011402e-12 0.000000000000000000e+00 0.000000000000000000e+00 0.000000000000000000e+00
1.976897829172202819e+03 1.280209718743080091e-11 1.311012302681769023e-12 0.000000000000000000e+00 0.000000000000000000e+00 0.000000000000000000e+00
2.060606508699101141e+03 1.247972880265093644e-11 1.275746863833713726e-12 0.000000000000000000e+00 0.000000000000000000e+00 0.000000000000000000e+00
2.147859702729852415e+03 1.222196910795336598e-11 1.242537001575283647e-12 0.000000000000000000e+00 0.000000000000000000e+00 0.000000000000000000e+00
2.238807498246347677e+03 1.213099795132238264e-11 1.219901090342344555e-12 0.000000000000000000e+00 0.000000000000000000e+00 0.000000000000000000e+00
2.333606337431473548e+03 1.230947433293974817e-11 1.224528937927091189e-12 0.000000000000000000e+00 0.000000000000000000e+00 0.000000000000000000e+00
2.432419286770282724e+03 1.259181318189835436e-11 1.251989178829144797e-12 0.000000000000000000e+00 0.000000000000000000e+00 0.000000000000000000e+00
2.535416317545798393e+03 1.311180943437744824e-11 1.306006887466484672e-12 0.000000000000000000e+00 0.000000000000000000e+00 0.000000000000000000e+00
2.642774598212020919e+03 1.437328661704685805e-11 1.427792808775155342e-12 0.000000000000000000e+00 0.000000000000000000e+00 0.000000000000000000e+00
2.754678799146972779e+03 1.681658855614625559e-11 1.604636175654827081e-12 0.000000000000000000e+00 0.000000000000000000e+00 0.000000000000000000e+00
2.871321410310085412e+03 1.948871173489239901e-11 1.872037309677269012e-12 0.000000000000000000e+00 0.000000000000000000e+00 0.000000000000000000e+00
2.992903072350262391e+03 2.422211211966321657e-11 2.341610754710163292e-12 0.000000000000000000e+00 0.000000000000000000e+00 0.000000000000000000e+00
3.119632921734205411e+03 3.306558148685537690e-11 3.055447677120647684e-12 0.000000000000000000e+00 0.000000000000000000e+00 0.000000000000000000e+00
3.251728950488693499e+03 4.399297933590040015e-11 4.337774975789420755e-12 0.000000000000000000e+00 0.000000000000000000e+00 0.000000000000000000e+00
3.389418381175546074e+03 7.792947732037892696e-11 6.797897075621645083e-12 0.000000000000000000e+00 0.000000000000000000e+00 0.000000000000000000e+00
3.532938057744372145e+03 1.416480543663854589e-10 1.221085433865910127e-11 0.000000000000000000e+00 0.000000000000000000e+00 0.000000000000000000e+00
3.682534852935320941e+03 4.723003576122544091e-10 3.344552659630837776e-11 0.000000000000000000e+00 0.000000000000000000e+00 0.000000000000000000e+00
3.838466092932727861e+03 4.869792599056119914e-09 1.259691840044669560e-10 0.000000000000000000e+00 0.000000000000000000e+00 0.000000000000000000e+00
4.001000000000001819e+03 0.000000000000000000e+00 0.000000000000000000e+00 0.000000000000000000e+00 0.000000000000000000e+00 0.000000000000000000e+00
