1.000000000000000000e+00 3.248196842075181865e-07 3.326854646759647106e-08 0.000000000000000000e+00 0.000000000000000000e+00 0.000000000000000000e+00
1.047129071589127935e+00 2.962388083887021770e-07 3.034124809716747039e-08 0.000000000000000000e+00 0.000000000000000000e+00 0.000000000000000000e+00
1.096479292567109187e+00 2.701727944344589354e-07 2.767152510629547350e-08 0.000000000000000000e+00 0.000000000000000000e+00 0.000000000000000000e+00
1.148155343642500714e+00 2.464003705068703935e-07 2.523671426650774768e-08 0.000000000000000000e+00 0.000000000000000000e+00 0.000000000000000000e+00
1.202266839028468093e+00 2.247197129049822604e-07 2.301614484239558283e-08 0.000000000000000000e+00 0.000000000000000000e+00 0.000000000000000000e+00
1.258928558954275356e+00 2.049465900783419818e-07 2.099095275760511823e-08 0.000000000000000000e+00 0.000000000000000000e+00 0.000000000000000000e+00
1.318260693134829076e+00 1.869134549067709319e-07 1.914396849072280625e-08 0.000000000000000000e+00 0.000000000000000000e+00 0.000000000000000000e+00
1.380389095714713799e+00 1.704669090222765706e-07 1.745948970534331871e-08 0.000000000000000000e+00 0.000000000000000000e+00 0.000000000000000000e+00
1.445445552227504260e+00 1.554676288455361342e-07 1.592323814203406080e-08 0.000000000000000000e+00 0.000000000000000000e+00 0.000000000000000000e+00
1.513568059136620958e+00 1.417880043881301239e-07 1.452215178289829033e-08 0.000000000000000000e+00 0.000000000000000000e+00 0.000000000000000000e+00
1.584901116550688105e+00 1.293121576306570050e-07 1.324435489194320622e-08 0.000000000000000000e+00 0.000000000000000000e+00 0.000000000000000000e+00
1.659596034734294401e+00 1.179339552974576138e-07 1.207898371175746740e-08 0.000000000000000000e+00 0.000000000000000000e+00 0.000000000000000000e+00
1.737811255064319882e+00 1.075569207003924751e-07 1.101615347027491575e-08 0.000000000000000000e+00 0.000000000000000000e+00 0.000000000000000000e+00
1.819712686112638478e+00 9.809296177143938049e-08 1.004684169630066440e-08 0.000000000000000000e+00 0.000000000000000000e+00 0.000000000000000000e+00
1.905474055568085578e+00 8.946180226643624550e-08 9.162824452995588448e-09 0.000000000000000000e+00 0.000000000000000000e+00 0.000000000000000000e+00
1.995277278744179705e+00 8.159003299747326627e-08 8.356587071106697726e-09 0.000000000000000000e+00 0.000000000000000000e+00 0.000000000000000000e+00
2.089312844454274565e+00 7.441090802162929156e-08 7.621291084848618119e-09 0.000000000000000000e+00 0.000000000000000000e+00 0.000000000000000000e+00
2.187780219072644972e+00 6.786347889154457208e-08 6.950694220035473945e-09 0.000000000000000000e+00 0.000000000000000000e+00 0.000000000000000000e+00
2.290888269638597485e+00 6.189219995226747674e-08 6.339106336487695863e-09 0.000000000000000000e+00 0.000000000000000000e+00 0.000000000000000000e+00
2.398855706901088514e+00 5.644630245189916960e-08 5.781329846888017376e-09 0.000000000000000000e+00 0.000000000000000000e+00 0.000000000000000000e+00
2.511911549243617703e+00 5.147957030004582787e-08 5.272630541803976842e-09 0.000000000000000000e+00 0.000000000000000000e+00 0.000000000000000000e+00
2.630295608473477653e+00 4.694988104528139403e-08 4.808693374420894687e-09 0.000000000000000000e+00 0.000000000000000000e+00 0.000000000000000000e+00
2.754258998505793254e+00 4.281873960450600767e-08 4.385576409066128805e-09 0.000000000000000000e+00 0.000000000000000000e+00 0.000000000000000000e+00
2.884064668021372402e+00 3.905111529455970138e-08 3.999691018529948536e-09 0.000000000000000000e+00 0.000000000000000000e+00 0.000000000000000000e+00
3.019987958228226521e+00 3.561498817216678637e-08 3.647758338759363367e-09 0.000000000000000000e+00 0.000000000000000000e+00 0.000000000000000000e+00
3.162317186909868738e+00 3.248122250052523117e-08 3.326793495846021102e-09 0.000000000000000000e+00 0.000000000000000000e+00 0.000000000000000000e+00
3.311354259999273797e+00 2.962320170674221657e-08 3.034070928705572620e-09 0.000000000000000000e+00 0.000000000000000000e+00 0.000000000000000000e+00
3.467415311975743819e+00 2.701665020009291288e-08 2.767104418585806045e-09 0.000000000000000000e+00 0.000000000000000000e+00 0.000000000000000000e+00
3.630831376443087510e+00 2.463945272996777109e-08 2.523628635276725953e-09 0.000000000000000000e+00 0.000000000000000000e+00 0.000000000000000000e+00
3.801949088311525671e+00 2.247140783009001246e-08 2.301574738202445504e-09 0.000000000000000000e+00 0.000000000000000000e+00 0.000000000000000000e+00
3.981131419072778677e+00 2.049415397329605635e-08 2.099061547424819317e-09 0.000000000000000000e+00 0.000000000000000000e+00 0.000000000000000000e+00
4.168758446727986566e+00 1.869085555385255187e-08 1.914365453476383352e-09 0.000000000000000000e+00 0.000000000000000000e+00 0.000000000000000000e+00
4.365228162001612233e+00 1.704624606765370427e-08 1.745922335409256361e-09 0.000000000000000000e+00 0.000000000000000000e+00 0.000000000000000000e+00
4.570957312551463758e+00 1.554633207965489464e-08 1.592299292623977286e-09 0.000000000000000000e+00 0.000000000000000000e+00 0.000000000000000000e+00
4.786382286965549682e+00 1.417839167385252844e-08 1.452193159201335551e-09 0.000000000000000000e+00 0.000000000000000000e+00 0.000000000000000000e+00
5.011960040420881946e+00 1.293083555763453606e-08 1.324416708070068402e-09 0.000000000000000000e+00 0.000000000000000000e+00 0.000000000000000000e+00
5.248169063967726977e+00 1.179303998057656139e-08 1.207882325683495914e-09 0.000000000000000000e+00 0.000000000000000000e+00 0.000000000000000000e+00
5.495510399495309173e+00 1.075535524395484094e-08 1.101601433987666260e-09 0.000000000000000000e+00 0.000000000000000000e+00 0.000000000000000000e+00
5.754508702531921038e+00 9.808980838983438240e-09 1.004672641593817373e-09 0.000000000000000000e+00 0.000000000000000000e+00 0.000000000000000000e+00
6.025713355133808236e+00 8.945880544507339059e-09 9.162729447859343106e-10 0.000000000000000000e+00 0.000000000000000000e+00 0.000000000000000000e+00
6.309699631223472771e+00 8.158720982693478280e-09 8.356510436157651570e-10 0.000000000000000000e+00 0.000000000000000000e+00 0.000000000000000000e+00
6.607069916849297897e+00 7.440818405204365086e-09 7.621226407513235229e-10 0.000000000000000000e+00 0.000000000000000000e+00 0.000000000000000000e+00
6.918454987954862467e+00 6.786093004441759100e-09 6.950649961821792310e-10 0.000000000000000000e+00 0.000000000000000000e+00 0.000000000000000000e+00
7.244515348368347318e+00 6.188968032341941972e-09 6.339067903225621883e-10 0.000000000000000000e+00 0.000000000000000000e+00 0.000000000000000000e+00
7.585942630850135870e+00 5.644391553714821668e-09 5.781308112754898997e-10 0.000000000000000000e+00 0.000000000000000000e+00 0.000000000000000000e+00
7.943461064170490360e+00 5.147727480791201058e-09 5.272619665033406509e-10 0.000000000000000000e+00 0.000000000000000000e+00 0.000000000000000000e+00
8.317829009329230416e+00 4.694763462781898289e-09 4.808689025881477127e-10 0.000000000000000000e+00 0.000000000000000000e+00 0.000000000000000000e+00
8.709840568176032249e+00 4.281661258198638964e-09 4.385586122797802282e-10 0.000000000000000000e+00 0.000000000000000000e+00 0.000000000000000000e+00
9.120327267843492791e+00 3.904904814730153907e-09 3.999708602068111491e-10 0.000000000000000000e+00 0.000000000000000000e+00 0.000000000000000000e+00
9.550159824565964684e+00 3.561299718836012628e-09 3.647786125373359115e-10 0.000000000000000000e+00 0.000000000000000000e+00 0.000000000000000000e+00
1.000024999062554620e+01 3.247925593295736513e-09 3.326825864739250816e-10 0.000000000000000000e+00 0.000000000000000000e+00 0.000000000000000000e+00
1.047155248834291719e+01 2.962124859727608847e-09 3.034106445958675926e-10 0.000000000000000000e+00 0.000000000000000000e+00 0.000000000000000000e+00
1.096506703521533943e+01 2.701470533488261032e-09 2.767140989780725158e-10 0.000000000000000000e+00 0.000000000000000000e+00 0.000000000000000000e+00
1.148184046449759421e+01 2.463757365880307039e-09 2.523677107691966083e-10 0.000000000000000000e+00 0.000000000000000000e+00 0.000000000000000000e+00
1.202296894572384467e+01 2.246956575580033529e-09 2.301627527771527506e-10 0.000000000000000000e+00 0.000000000000000000e+00 0.000000000000000000e+00
1.258960030988072276e+01 2.049232024777458419e-09 2.099117432639923209e-10 0.000000000000000000e+00 0.000000000000000000e+00 0.000000000000000000e+00
1.318293648416360320e+01 1.868905369103430684e-09 1.914426557879726922e-10 0.000000000000000000e+00 0.000000000000000000e+00 0.000000000000000000e+00
1.380423604148067440e+01 1.704445064526663763e-09 1.745984423136030036e-10 0.000000000000000000e+00 0.000000000000000000e+00 0.000000000000000000e+00
1.445481687011284144e+01 1.554456663096838727e-09 1.592367822743898465e-10 0.000000000000000000e+00 0.000000000000000000e+00 0.000000000000000000e+00
1.513605896919212235e+01 1.417665178870364891e-09 1.452266200611937225e-10 0.000000000000000000e+00 0.000000000000000000e+00 0.000000000000000000e+00
1.584940737592843618e+01 1.292910142139352561e-09 1.324492786259387127e-10 0.000000000000000000e+00 0.000000000000000000e+00 0.000000000000000000e+00
1.659637523079382504e+01 1.179131080206705708e-09 1.207959524562404124e-10 0.000000000000000000e+00 0.000000000000000000e+00 0.000000000000000000e+00
1.737854698716593305e+01 1.075365168459042518e-09 1.101682765451664424e-10 0.000000000000000000e+00 0.000000000000000000e+00 0.000000000000000000e+00
1.819758177223910778e+01 9.807290682955320786e-10 1.004758144891770226e-10 0.000000000000000000e+00 0.000000000000000000e+00 0.000000000000000000e+00
1.905521690633197096e+01 8.944195327540111754e-10 9.163594709752706223e-11 0.000000000000000000e+00 0.000000000000000000e+00 0.000000000000000000e+00
1.995327158805684675e+01 8.157054205900095641e-10 8.357431594527380719e-11 0.000000000000000000e+00 0.000000000000000000e+00 0.000000000000000000e+00
2.089365075316769804e+01 7.439168780081821821e-10 7.622176642885625524e-11 0.000000000000000000e+00 0.000000000000000000e+00 0.000000000000000000e+00
2.187834911527197335e+01 6.784457451201457478e-10 6.951621840684114304e-11 0.000000000000000000e+00 0.000000000000000000e+00 0.000000000000000000e+00
2.290945539697756672e+01 6.187352429292563097e-10 6.340086307910179183e-11 0.000000000000000000e+00 0.000000000000000000e+00 0.000000000000000000e+00
2.398915676044964940e+01 5.642789843855165430e-10 5.782352035435359876e-11 0.000000000000000000e+00 0.000000000000000000e+00 0.000000000000000000e+00
2.511974344677568993e+01 5.146145774626426785e-10 5.273684176764659730e-11 0.000000000000000000e+00 0.000000000000000000e+00 0.000000000000000000e+00
2.630361363397931740e+01 4.693209658728498188e-10 4.809816914118968509e-11 0.000000000000000000e+00 0.000000000000000000e+00 0.000000000000000000e+00
2.754327852398788679e+01 4.280126934574569099e-10 4.386731177929709607e-11 0.000000000000000000e+00 0.000000000000000000e+00 0.000000000000000000e+00
2.884136766934421203e+01 3.903399903413961282e-10 4.000896077979895097e-11 0.000000000000000000e+00 0.000000000000000000e+00 0.000000000000000000e+00
3.020063455096109095e+01 3.559825189842740121e-10 3.649011505950262663e-11 0.000000000000000000e+00 0.000000000000000000e+00 0.000000000000000000e+00
3.162396241875041980e+01 3.246489800979463181e-10 3.328097360935751962e-11 0.000000000000000000e+00 0.000000000000000000e+00 0.000000000000000000e+00
3.311437040751560801e+01 2.960731977187643718e-10 3.035420715457264568e-11 0.000000000000000000e+00 0.000000000000000000e+00 0.000000000000000000e+00
3.467501994108030772e+01 2.700126755745625030e-10 2.768497589397582928e-11 0.000000000000000000e+00 0.000000000000000000e+00 0.000000000000000000e+00
3.630922143823793391e+01 2.462463157979056324e-10 2.525071716900608899e-11 0.000000000000000000e+00 0.000000000000000000e+00 0.000000000000000000e+00
3.802044133474613830e+01 2.245722241864245356e-10 2.303074752444622961e-11 0.000000000000000000e+00 0.000000000000000000e+00 0.000000000000000000e+00
3.981230943626162144e+01 2.048065076675121569e-10 2.100612001324294488e-11 0.000000000000000000e+00 0.000000000000000000e+00 0.000000000000000000e+00
4.168862661781172108e+01 1.867814616917588778e-10 1.915972069572327456e-11 0.000000000000000000e+00 0.000000000000000000e+00 0.000000000000000000e+00
4.365337288613498856e+01 1.703438937708613953e-10 1.747585104017123145e-11 0.000000000000000000e+00 0.000000000000000000e+00 0.000000000000000000e+00
4.571071582199255801e+01 1.553540350283721349e-10 1.594010811595785502e-11 0.000000000000000000e+00 0.000000000000000000e+00 0.000000000000000000e+00
4.786501942035751966e+01 1.416853445165866014e-10 1.453965280773625085e-11 0.000000000000000000e+00 0.000000000000000000e+00 0.000000000000000000e+00
5.012085334723456498e+01 1.292206879108830541e-10 1.326234400525152464e-11 0.000000000000000000e+00 0.000000000000000000e+00 0.000000000000000000e+00
5.248300263274455801e+01 1.178559714601038366e-10 1.209762402780743626e-11 0.000000000000000000e+00 0.000000000000000000e+00 0.000000000000000000e+00
5.495647782103555556e+01 1.074932591613216189e-10 1.103540659438584701e-11 0.000000000000000000e+00 0.000000000000000000e+00 0.000000000000000000e+00
5.754652559854947924e+01 9.804437417274922275e-11 1.006663005765576369e-11 0.000000000000000000e+00 0.000000000000000000e+00 0.000000000000000000e+00
6.025863992318909368e+01 8.942960270170513113e-11 9.183133258082223566e-12 0.000000000000000000e+00 0.000000000000000000e+00 0.000000000000000000e+00
6.309857367799257588e+01 8.157572833120583817e-11 8.377430670326437783e-12 0.000000000000000000e+00 0.000000000000000000e+00 0.000000000000000000e+00
6.607235087403454088e+01 7.441490829471550279e-11 7.642571024220896841e-12 0.000000000000000000e+00 0.000000000000000000e+00 0.000000000000000000e+00
6.918627942843887979e+01 6.788841893532363593e-11 6.972464165731884256e-12 0.000000000000000000e+00 0.000000000000000000e+00 0.000000000000000000e+00
7.244696454460721213e+01 6.193838843711645527e-11 6.361302408567890880e-12 0.000000000000000000e+00 0.000000000000000000e+00 0.000000000000000000e+00
7.586132272304500646e+01 5.651565636689783684e-11 5.803961787124070708e-12 0.000000000000000000e+00 0.000000000000000000e+00 0.000000000000000000e+00
7.943659643250535396e+01 5.157186526178568727e-11 5.295605027328398562e-12 0.000000000000000000e+00 0.000000000000000000e+00 0.000000000000000000e+00
8.318036947256955216e+01 4.706584352233419977e-11 4.831961593493149366e-12 0.000000000000000000e+00 0.000000000000000000e+00 0.000000000000000000e+00
8.710058306025237584e+01 4.295811511393672703e-11 4.409075031662583583e-12 0.000000000000000000e+00 0.000000000000000000e+00 0.000000000000000000e+00
9.120555267475383232e+01 3.921403141761316998e-11 4.023376901851139329e-12 0.000000000000000000e+00 0.000000000000000000e+00 0.000000000000000000e+00
9.550398569608826449e+01 3.580146134156944666e-11 3.671598102457431966e-12 0.000000000000000000e+00 0.000000000000000000e+00 0.000000000000000000e+00
1.000049998750062343e+02 3.268902550804987164e-11 3.350691038094939888e-12 0.000000000000000000e+00 0.000000000000000000e+00 0.000000000000000000e+00
1.047181426733861684e+02 2.985156305226278632e-11 3.057975300579949307e-12 0.000000000000000000e+00 0.000000000000000000e+00 0.000000000000000000e+00
1.096534115161207410e+02 2.726321788170022618e-11 2.790934650991432067e-12 0.000000000000000000e+00 0.000000000000000000e+00 0.000000000000000000e+00
1.148212749974560154e+02 2.490228377417610241e-11 2.547324519388379140e-12 0.000000000000000000e+00 0.000000000000000000e+00 0.000000000000000000e+00
1.202326950867661139e+02 2.274675615569544760e-11 2.325046119150051741e-12 0.000000000000000000e+00 0.000000000000000000e+00 0.000000000000000000e+00
1.258991503808641426e+02 2.077957896222504040e-11 2.122255345407588991e-12 0.000000000000000000e+00 0.000000000000000000e+00 0.000000000000000000e+00
1.318326604521743093e+02 1.898361237147642131e-11 1.937234671706784045e-12 0.000000000000000000e+00 0.000000000000000000e+00 0.000000000000000000e+00
1.380458113444099411e+02 1.734308513821340712e-11 1.768408325747673507e-12 0.000000000000000000e+00 0.000000000000000000e+00 0.000000000000000000e+00
1.445517822698399470e+02 1.584501430430904211e-11 1.614377517093035877e-12 0.000000000000000000e+00 0.000000000000000000e+00 0.000000000000000000e+00
1.513643735647713129e+02 1.447618393915751411e-11 1.473826702917543069e-12 0.000000000000000000e+00 0.000000000000000000e+00 0.000000000000000000e+00
1.584980359625488120e+02 1.322577800652407676e-11 1.345588180807679390e-12 0.000000000000000000e+00 0.000000000000000000e+00 0.000000000000000000e+00
1.659679012461640184e+02 1.208347632044490824e-11 1.228583211054436083e-12 0.000000000000000000e+00 0.000000000000000000e+00 0.000000000000000000e+00
1.737898143454918340e+02 1.104036550734233377e-11 1.121836356350749943e-12 0.000000000000000000e+00 0.000000000000000000e+00 0.000000000000000000e+00
1.819803669472416630e+02 1.008905296249458920e-11 1.024477988875457311e-12 0.000000000000000000e+00 0.000000000000000000e+00 0.000000000000000000e+00
1.905569326889140314e+02 9.222210097586394608e-12 9.356993044348760863e-13 0.000000000000000000e+00 0.000000000000000000e+00 0.000000000000000000e+00
1.995377040114145757e+02 8.433448555913671464e-12 8.547683328363493970e-13 0.000000000000000000e+00 0.000000000000000000e+00 0.000000000000000000e+00
2.089417307484988271e+02 7.716920517175825106e-12 7.810208664690523233e-13 0.000000000000000000e+00 0.000000000000000000e+00 0.000000000000000000e+00
2.187889605349009798e+02 7.067001259323982684e-12 7.138459065852052419e-13 0.000000000000000000e+00 0.000000000000000000e+00 0.000000000000000000e+00
2.291002811188612895e+02 6.478488239176213643e-12 6.526939238052256169e-13 0.000000000000000000e+00 0.000000000000000000e+00 0.000000000000000000e+00
2.398975646688014933e+02 5.946195662109067665e-12 5.970502758308537738e-13 0.000000000000000000e+00 0.000000000000000000e+00 0.000000000000000000e+00
2.512037141681347236e+02 5.464878927332840997e-12 5.464449900252427561e-13 0.000000000000000000e+00 0.000000000000000000e+00 0.000000000000000000e+00
2.630427119966196869e+02 5.029477301182506938e-12 5.004456034171406028e-13 0.000000000000000000e+00 0.000000000000000000e+00 0.000000000000000000e+00
2.754396708013068178e+02 4.634680687455389389e-12 4.586487023237165708e-13 0.000000000000000000e+00 0.000000000000000000e+00 0.000000000000000000e+00
2.884208867649872445e+02 4.275827589396365866e-12 4.206931923189983648e-13 0.000000000000000000e+00 0.000000000000000000e+00 0.000000000000000000e+00
3.020138953851341626e+02 3.947315992542289746e-12 3.862182038752124935e-13 0.000000000000000000e+00 0.000000000000000000e+00 0.000000000000000000e+00
3.162475298816517011e+02 3.644122979880098363e-12 3.548928435714923550e-13 0.000000000000000000e+00 0.000000000000000000e+00 0.000000000000000000e+00
3.311519823573290182e+02 3.361967507623976518e-12 3.264071068003903137e-13 0.000000000000000000e+00 0.000000000000000000e+00 0.000000000000000000e+00
3.467588678407289535e+02 3.097900272707266292e-12 3.004713162559402246e-13 0.000000000000000000e+00 0.000000000000000000e+00 0.000000000000000000e+00
3.631012913473597905e+02 2.850905737635630135e-12 2.768172881614530534e-13 0.000000000000000000e+00 0.000000000000000000e+00 0.000000000000000000e+00
3.802139181013744178e+02 2.622010589362340996e-12 2.552005887975131652e-13 0.000000000000000000e+00 0.000000000000000000e+00 0.000000000000000000e+00
3.981330470667566601e+02 2.413338527012025005e-12 2.354041133755342143e-13 0.000000000000000000e+00 0.000000000000000000e+00 0.000000000000000000e+00
4.168966879439635704e+02 2.226113825084856169e-12 2.172416220401636118e-13 0.000000000000000000e+00 0.000000000000000000e+00 0.000000000000000000e+00
4.365446417953451146e+02 2.058863515046924227e-12 2.005600550257418083e-13 0.000000000000000000e+00 0.000000000000000000e+00 0.000000000000000000e+00
4.571185854703683162e+02 1.907597143778615115e-12 1.852399530244080414e-13 0.000000000000000000e+00 0.000000000000000000e+00 0.000000000000000000e+00
4.786621600097219016e+02 1.768040696069482498e-12 1.711927673425296791e-13 0.000000000000000000e+00 0.000000000000000000e+00 0.000000000000000000e+00
5.012210632158268595e+02 1.637827408235270443e-12 1.583537844308848152e-13 0.000000000000000000e+00 0.000000000000000000e+00 0.000000000000000000e+00
5.248431465861045808e+02 1.516862830753299327e-12 1.466712589785869342e-13 0.000000000000000000e+00 0.000000000000000000e+00 0.000000000000000000e+00
5.495785168146238675e+02 1.406061361240031612e-12 1.360934806853432281e-13 0.000000000000000000e+00 0.000000000000000000e+00 0.000000000000000000e+00
5.754796420774272292e+02 1.305843713507819147e-12 1.265557681746703364e-13 0.000000000000000000e+00 0.000000000000000000e+00 0.000000000000000000e+00
6.026014633269801379e+02 1.215586936870286466e-12 1.179712902086462966e-13 0.000000000000000000e+00 0.000000000000000000e+00 0.000000000000000000e+00
6.310015108318302737e+02 1.134392539798222606e-12 1.102284261085968581e-13 0.000000000000000000e+00 0.000000000000000000e+00 0.000000000000000000e+00
6.607400262086716793e+02 1.062363373836964933e-12 1.031977356580790784e-13 0.000000000000000000e+00 0.000000000000000000e+00 0.000000000000000000e+00
6.918800902056626683e+02 1.000287807184857392e-12 9.674975948759674653e-14 0.000000000000000000e+00 0.000000000000000000e+00 0.000000000000000000e+00
7.244877565080579416e+02 9.468740652078592467e-13 9.078009922795104604e-14 0.000000000000000000e+00 0.000000000000000000e+00 0.000000000000000000e+00
7.586321918499722869e+02 8.973319465226834483e-13 8.523277007595554161e-14 0.000000000000000000e+00 0.000000000000000000e+00 0.000000000000000000e+00
7.943858227294870176e+02 8.471850288757862678e-13 8.010802441118640226e-14 0.000000000000000000e+00 0.000000000000000000e+00 0.000000000000000000e+00
8.318244890382935637e+02 7.968751799781466775e-13 7.544469972772959784e-14 0.000000000000000000e+00 0.000000000000000000e+00 0.000000000000000000e+00
8.710276049317684510e+02 7.502758965251905132e-13 7.128022818827914583e-14 0.000000000000000000e+00 0.000000000000000000e+00 0.000000000000000000e+00
9.120783272807046842e+02 7.094184765996260907e-13 6.760700142490276621e-14 0.000000000000000000e+00 0.000000000000000000e+00 0.000000000000000000e+00
9.550637320620094215e+02 6.728444120808115947e-13 6.434977487522652172e-14 0.000000000000000000e+00 0.000000000000000000e+00 0.000000000000000000e+00
1.000074999062538950e+03 6.395455002887926257e-13 6.138351574736985486e-14 0.000000000000000000e+00 0.000000000000000000e+00 0.000000000000000000e+00
1.047207605287854676e+03 6.108700531733422359e-13 5.859351357328561472e-14 0.000000000000000000e+00 0.000000000000000000e+00 0.000000000000000000e+00
1.096561527486145678e+03 5.855203023531368753e-13 5.594269882279065172e-14 0.000000000000000000e+00 0.000000000000000000e+00 0.000000000000000000e+00
1.148241454216924012e+03 5.600406807038944853e-13 5.348494514849705351e-14 0.000000000000000000e+00 0.000000000000000000e+00 0.000000000000000000e+00
1.202357007914316910e+03 5.351132434018716520e-13 5.129786909253363509e-14 0.000000000000000000e+00 0.000000000000000000e+00 0.000000000000000000e+00
1.259022977416000913e+03 5.132382456437709810e-13 4.939113447308504326e-14 0.000000000000000000e+00 0.000000000000000000e+00 0.000000000000000000e+00
1.318359561450997035e+03 4.951267709182181852e-13 4.768060556757125657e-14 0.000000000000000000e+00 0.000000000000000000e+00 0.000000000000000000e+00
1.380492623602831372e+03 4.799464477381008280e-13 4.606271809118081388e-14 0.000000000000000000e+00 0.000000000000000000e+00 0.000000000000000000e+00
1.445553959288872875e+03 4.645904889052937511e-13 4.451510646220306439e-14 0.000000000000000000e+00 0.000000000000000000e+00 0.000000000000000000e+00
1.513681575322146045e+03 4.481253890355288268e-13 4.309093060391792399e-14 0.000000000000000000e+00 0.000000000000000000e+00 0.000000000000000000e+00
1.585019982648646192e+03 4.327536513941374296e-13 4.181039716964208756e-14 0.000000000000000000e+00 0.000000000000000000e+00 0.000000000000000000e+00
1.659720502881093125e+03 4.192459728634721512e-13 4.060965407457952448e-14 0.000000000000000000e+00 0.000000000000000000e+00 0.000000000000000000e+00
1.737941589279320169e+03 4.070148421793136359e-13 3.941637084843581447e-14 0.000000000000000000e+00 0.000000000000000000e+00 0.000000000000000000e+00
1.819849162858188720e+03 3.945904953613866277e-13 3.822427776347350600e-14 0.000000000000000000e+00 0.000000000000000000e+00 0.000000000000000000e+00
1.905616964335945568e+03 3.819518198187677304e-13 3.705327993198812993e-14 0.000000000000000000e+00 0.000000000000000000e+00 0.000000000000000000e+00
1.995426922669591704e+03 3.697320696297773275e-13 3.589526340347234287e-14 0.000000000000000000e+00 0.000000000000000000e+00 0.000000000000000000e+00
2.089469540958960806e+03 3.576280759714190821e-13 3.472610343678017444e-14 0.000000000000000000e+00 0.000000000000000000e+00 0.000000000000000000e+00
2.187944300538116295e+03 3.450148961051822330e-13 3.352977046264145069e-14 0.000000000000000000e+00 0.000000000000000000e+00 0.000000000000000000e+00
2.291060084111202286e+03 3.320613171217470716e-13 3.231788373580721118e-14 0.000000000000000000e+00 0.000000000000000000e+00 0.000000000000000000e+00
2.399035618830273506e+03 3.196016274239394419e-13 3.112138436850248252e-14 0.000000000000000000e+00 0.000000000000000000e+00 0.000000000000000000e+00
2.512099940254994181e+03 3.076115411255690441e-13 2.993463053160564369e-14 0.000000000000000000e+00 0.000000000000000000e+00 0.000000000000000000e+00
2.630492878178314186e+03 2.957142528757686140e-13 2.877779324898282655e-14 0.000000000000000000e+00 0.000000000000000000e+00 0.000000000000000000e+00
2.754465565348672044e+03 2.848898963565778815e-13 2.771796070953697053e-14 0.000000000000000000e+00 0.000000000000000000e+00 0.000000000000000000e+00
2.884280970167778378e+03 2.748288730591812498e-13 2.675952132457148244e-14 0.000000000000000000e+00 0.000000000000000000e+00 0.000000000000000000e+00
3.020214454493972880e+03 2.662593776134513072e-13 2.593595162618811941e-14 0.000000000000000000e+00 0.000000000000000000e+00 0.000000000000000000e+00
3.162554357734339192e+03 2.600913675046575128e-13 2.532293307036458638e-14 0.000000000000000000e+00 0.000000000000000000e+00 0.000000000000000000e+00
3.311602608464510467e+03 2.557769487541048457e-13 2.490196087855283496e-14 0.000000000000000000e+00 0.000000000000000000e+00 0.000000000000000000e+00
3.467675364873574836e+03 2.548714437194028788e-13 2.482520264862143153e-14 0.000000000000000000e+00 0.000000000000000000e+00 0.000000000000000000e+00
3.631103685392558418e+03 2.563034516497987573e-13 2.506511011198653708e-14 0.000000000000000000e+00 0.000000000000000000e+00 0.000000000000000000e+00
3.802234230928971556e+03 2.644478416331085643e-13 2.582187918727766150e-14 0.000000000000000000e+00 0.000000000000000000e+00 0.000000000000000000e+00
3.981430000197057325e+03 2.768703469429777057e-13 2.704000035748763650e-14 0.000000000000000000e+00 0.000000000000000000e+00 0.000000000000000000e+00
4.169071099703442997e+03 2.952460147604636820e-13 2.911698072310890155e-14 0.000000000000000000e+00 0.000000000000000000e+00 0.000000000000000000e+00
4.365555550021532326e+03 3.239060148286717524e-13 3.157935445872662927e-14 0.000000000000000000e+00 0.000000000000000000e+00 0.000000000000000000e+00
4.571300130064813857e+03 3.508081665070668007e-13 3.407401173143417019e-14 0.000000000000000000e+00 0.000000000000000000e+00 0.000000000000000000e+00
4.786741261150024911e+03 3.716022405770824256e-13 3.574985767352099023e-14 0.000000000000000000e+00 0.000000000000000000e+00 0.000000000000000000e+00
5.012335932725398379e+03 3.804362764665096520e-13 3.638894192996564003e-14 0.000000000000000000e+00 0.000000000000000000e+00 0.000000000000000000e+00
5.248562671727574525e+03 3.947195413546928494e-13 3.740737914139974552e-14 0.000000000000000000e+00 0.000000000000000000e+00 0.000000000000000000e+00
5.495922557623443936e+03 4.376036850960691320e-13 4.114192027161460118e-14 0.000000000000000000e+00 0.000000000000000000e+00 0.000000000000000000e+00
5.754940285289983876e+03 5.593932150790394304e-13 5.082055093501317798e-14 0.000000000000000000e+00 0.000000000000000000e+00 0.000000000000000000e+00
6.026165277986574438e+03 7.744214196350027357e-13 7.122946138183117545e-14 0.000000000000000000e+00 0.000000000000000000e+00 0.000000000000000000e+00
6.310172852780722678e+03 1.266688474746264423e-12 1.129173998625573083e-13 0.000000000000000000e+00 0.000000000000000000e+00 0.000000000000000000e+00
6.607565440899192254e+03 2.190514949395742698e-12 2.008643111117972937e-13 0.000000000000000000e+00 0.000000000000000000e+00 0.000000000000000000e+00
6.918973865593180562e+03 4.979131416410518981e-12 4.120397556159187943e-13 0.000000000000000000e+00 0.000000000000000000e+00 0.000000000000000000e+00
7.245058680228029516e+03 1.377796529596616470e-11 9.631988144918160754e-13 0.000000000000000000e+00 0.000000000000000000e+00 0.000000000000000000e+00
7.586511569435923775e+03 8.482638581133998098e-11 2.834682052665066645e-12 0.000000000000000000e+00 0.000000000000000000e+00 0.000000000000000000e+00
7.944056816303618689e+03 9.435567470089359513e-09 1.047239071322713899e-11 0.000000000000000000e+00 0.000000000000000000e+00 0.000000000000000000e+00
8.318452838707295086e+03 7.367166159981323403e+01 5.413836649083588942e-11 0.000000000000000000e+00 0.000000000000000000e+00 0.000000000000000000e+00
8.710493798053517821e+03 7.898117370101657571e+02 4.088754155712537588e-10 0.000000000000000000e+00 0.000000000000000000e+00 0.000000000000000000e+00
9.121011283838632153e+03 9.323979462453005908e+03 3.943204677669115414e-09 0.000000000000000000e+00 0.000000000000000000e+00 0.000000000000000000e+00
9.550876077599908967e+03 2.028666943106706312e+05 6.912323883035029527e-08 0.000000000000000000e+00 0.000000000000000000e+00 0.000000000000000000e+00
1.000099999999999818e+04 0.000000000000000000e+00 0.000000000000000000e+00 0.000000000000000000e+00 0.000000000000000000e+00 0.000000000000000000e+00
