1.000000000000000000e+00 2.915586818699818330e-12 9.920897209572322928e-09 0.000000000000000000e+00 0.000000000000000000e+00 1.162164094763682966e-08 0.000000000000000000e+00 0.000000000000000000e+00 0.000000000000000000e+00 0.000000000000000000e+00 3.097686171206306998e-08 1.735202742356524499e-08
1.044458330493748033e+00 2.186530836736373811e-12 9.100439725913394726e-09 0.000000000000000000e+00 0.000000000000000000e+00 1.065846450409306111e-08 0.000000000000000000e+00 0.000000000000000000e+00 0.000000000000000000e+00 0.000000000000000000e+00 2.839589286896774251e-08 1.590749326095515423e-08
1.090893204137787231e+00 1.873779464823534398e-12 8.344143998516613417e-09 0.000000000000000000e+00 0.000000000000000000e+00 9.772050914465732336e-09 0.000000000000000000e+00 0.000000000000000000e+00 0.000000000000000000e+00 0.000000000000000000e+00 2.602998170832405543e-08 1.458251137886022192e-08
1.139392494740728790e+00 1.625913013518385156e-12 7.650422290130570254e-09 0.000000000000000000e+00 0.000000000000000000e+00 8.959128598707231501e-09 0.000000000000000000e+00 0.000000000000000000e+00 0.000000000000000000e+00 0.000000000000000000e+00 2.386121410903789264e-08 1.336784692369658727e-08
1.190047982834008033e+00 1.431335429273830000e-12 7.014089851971372069e-09 0.000000000000000000e+00 0.000000000000000000e+00 8.213595530423564027e-09 0.000000000000000000e+00 0.000000000000000000e+00 0.000000000000000000e+00 0.000000000000000000e+00 2.187315997626130751e-08 1.225430774660266971e-08
1.242955529358260591e+00 1.328608806527784504e-12 6.429750864261106936e-09 0.000000000000000000e+00 0.000000000000000000e+00 7.529300668764954340e-09 0.000000000000000000e+00 0.000000000000000000e+00 0.000000000000000000e+00 0.000000000000000000e+00 2.005068892652211410e-08 1.123332412239112850e-08
1.298215257071501538e+00 1.187269392656407355e-12 5.894712481156706715e-09 0.000000000000000000e+00 0.000000000000000000e+00 6.902549354951696823e-09 0.000000000000000000e+00 0.000000000000000000e+00 0.000000000000000000e+00 0.000000000000000000e+00 1.838012800437372501e-08 1.029754434675362063e-08
1.355931740022412457e+00 1.100258744329604285e-12 5.403623552835569240e-09 0.000000000000000000e+00 0.000000000000000000e+00 6.327469691591794455e-09 0.000000000000000000e+00 0.000000000000000000e+00 0.000000000000000000e+00 0.000000000000000000e+00 1.684869653050788516e-08 9.439585725482848022e-09
1.416214201447291599e+00 9.952949957539992698e-13 4.953790162358893289e-09 0.000000000000000000e+00 0.000000000000000000e+00 5.800604020006240382e-09 0.000000000000000000e+00 0.000000000000000000e+00 0.000000000000000000e+00 0.000000000000000000e+00 1.544491966003335543e-08 8.653192233159859082e-09
1.479176720465174677e+00 9.206204741017822641e-13 4.541084718273313548e-09 0.000000000000000000e+00 0.000000000000000000e+00 5.317322301665420533e-09 0.000000000000000000e+00 0.000000000000000000e+00 0.000000000000000000e+00 0.000000000000000000e+00 1.415804984487241852e-08 7.932230750020427482e-09
1.544938447962273864e+00 8.399617309213757205e-13 4.162927881090099435e-09 0.000000000000000000e+00 0.000000000000000000e+00 4.874457490156090558e-09 0.000000000000000000e+00 0.000000000000000000e+00 0.000000000000000000e+00 0.000000000000000000e+00 1.297844060384058334e-08 7.271379964793456639e-09
1.613623832074278619e+00 7.754803404177231376e-13 3.816105568635665960e-09 0.000000000000000000e+00 0.000000000000000000e+00 4.468330688202289604e-09 0.000000000000000000e+00 0.000000000000000000e+00 0.000000000000000000e+00 0.000000000000000000e+00 1.189708417792849618e-08 6.665545159430053896e-09
1.685362853693225027e+00 7.149552989215697670e-13 3.498173861443023980e-09 0.000000000000000000e+00 0.000000000000000000e+00 4.096036720941422238e-09 0.000000000000000000e+00 0.000000000000000000e+00 0.000000000000000000e+00 0.000000000000000000e+00 1.090581988470426813e-08 6.110182369358089335e-09
1.760291272444604704e+00 6.583549849987288830e-13 3.206726857777935023e-09 0.000000000000000000e+00 0.000000000000000000e+00 3.754757941535057268e-09 0.000000000000000000e+00 0.000000000000000000e+00 0.000000000000000000e+00 0.000000000000000000e+00 9.997147592081142760e-09 5.601089133623270898e-09
1.838550883600207131e+00 6.031075742379473960e-13 2.939619189326636247e-09 0.000000000000000000e+00 0.000000000000000000e+00 3.441972071531319529e-09 0.000000000000000000e+00 0.000000000000000000e+00 0.000000000000000000e+00 0.000000000000000000e+00 9.164210115225525761e-09 5.134431147870276250e-09
1.920289786412877620e+00 5.544853347422065228e-13 2.694703338741656249e-09 0.000000000000000000e+00 0.000000000000000000e+00 3.155184963272183014e-09 0.000000000000000000e+00 0.000000000000000000e+00 0.000000000000000000e+00 0.000000000000000000e+00 8.400652651756942742e-09 4.706634578975162142e-09
2.005662664380989835e+00 4.972709974489604832e-13 2.470338881990768907e-09 0.000000000000000000e+00 0.000000000000000000e+00 2.892411938952211870e-09 0.000000000000000000e+00 0.000000000000000000e+00 0.000000000000000000e+00 0.000000000000000000e+00 7.700710699403957836e-09 4.314507660970122532e-09
2.094831077973011269e+00 4.115016552527479035e-13 2.265182056211492016e-09 0.000000000000000000e+00 0.000000000000000000e+00 2.651959367509178330e-09 0.000000000000000000e+00 0.000000000000000000e+00 0.000000000000000000e+00 0.000000000000000000e+00 7.059090791409067302e-09 3.955164703077286484e-09
2.187963770366109895e+00 3.681342208254257215e-13 2.076740331089625611e-09 0.000000000000000000e+00 0.000000000000000000e+00 2.431241270645837025e-09 0.000000000000000000e+00 0.000000000000000000e+00 0.000000000000000000e+00 0.000000000000000000e+00 6.470945738873072212e-09 3.625698679247760208e-09
2.285236986777393398e+00 3.335778257068600989e-13 1.903928607672830612e-09 0.000000000000000000e+00 0.000000000000000000e+00 2.228848718797363655e-09 0.000000000000000000e+00 0.000000000000000000e+00 0.000000000000000000e+00 0.000000000000000000e+00 5.931795649617236221e-09 3.323666725853040503e-09
2.386834807992079366e+00 3.051935119368721534e-13 1.745460845236846448e-09 0.000000000000000000e+00 0.000000000000000000e+00 2.043273310702446096e-09 0.000000000000000000e+00 0.000000000000000000e+00 0.000000000000000000e+00 0.000000000000000000e+00 5.437566819155620824e-09 3.046787208884617421e-09
2.492949498719772894e+00 2.876021306348287721e-13 1.600061691850104868e-09 0.000000000000000000e+00 0.000000000000000000e+00 1.873046171268407394e-09 0.000000000000000000e+00 0.000000000000000000e+00 0.000000000000000000e+00 0.000000000000000000e+00 4.984509267612975997e-09 2.792946260963640851e-09
2.603781871438080042e+00 2.648709155356226751e-13 1.466854158539313064e-09 0.000000000000000000e+00 0.000000000000000000e+00 1.717065863956753020e-09 0.000000000000000000e+00 0.000000000000000000e+00 0.000000000000000000e+00 0.000000000000000000e+00 4.569208362971138790e-09 2.560270917107016720e-09
2.719541666412103709e+00 2.483335858069419431e-13 1.344661658034728816e-09 0.000000000000000000e+00 0.000000000000000000e+00 1.574013119134061703e-09 0.000000000000000000e+00 0.000000000000000000e+00 0.000000000000000000e+00 0.000000000000000000e+00 4.188508482177236458e-09 2.346963069253916750e-09
2.840447948608971096e+00 2.293175780067609753e-13 1.232690656164254988e-09 0.000000000000000000e+00 0.000000000000000000e+00 1.442910889372531154e-09 0.000000000000000000e+00 0.000000000000000000e+00 0.000000000000000000e+00 0.000000000000000000e+00 3.839528347859843219e-09 2.151433779257555944e-09
2.966729522258517271e+00 2.137465756780104383e-13 1.130000353414167644e-09 0.000000000000000000e+00 0.000000000000000000e+00 1.322690161658831101e-09 0.000000000000000000e+00 0.000000000000000000e+00 0.000000000000000000e+00 0.000000000000000000e+00 3.519620440396984849e-09 1.972183216218839526e-09
3.098625363844645264e+00 1.434643704257814358e-13 1.036613187843921416e-09 0.000000000000000000e+00 0.000000000000000000e+00 1.213086054921848699e-09 0.000000000000000000e+00 0.000000000000000000e+00 0.000000000000000000e+00 0.000000000000000000e+00 3.226374447512986846e-09 1.808015290251144685e-09
3.236385074346761037e+00 1.231353463801470576e-13 9.504957224062375233e-10 0.000000000000000000e+00 0.000000000000000000e+00 1.112208510757365751e-09 0.000000000000000000e+00 0.000000000000000000e+00 0.000000000000000000e+00 0.000000000000000000e+00 2.957557517591180972e-09 1.657432797921505635e-09
3.380269351587102289e+00 1.085726241991355970e-13 8.715005425435751784e-10 0.000000000000000000e+00 0.000000000000000000e+00 1.019693607303349818e-09 0.000000000000000000e+00 0.000000000000000000e+00 0.000000000000000000e+00 0.000000000000000000e+00 2.711141097978331030e-09 1.519387147813422687e-09
3.530550483577849175e+00 9.811739731312862798e-14 7.990364606327159430e-10 0.000000000000000000e+00 0.000000000000000000e+00 9.348455885885919915e-10 0.000000000000000000e+00 0.000000000000000000e+00 0.000000000000000000e+00 0.000000000000000000e+00 2.485255172751511203e-09 1.392831743075695677e-09
3.687512863801615026e+00 9.635936854171749139e-14 7.324949735668545341e-10 0.000000000000000000e+00 0.000000000000000000e+00 8.569740021532958105e-10 0.000000000000000000e+00 0.000000000000000000e+00 0.000000000000000000e+00 0.000000000000000000e+00 2.278188543300943725e-09 1.276797442007896509e-09
3.851453529400454379e+00 8.870831334238031421e-14 6.715588765103895692e-10 0.000000000000000000e+00 0.000000000000000000e+00 7.856399049318587004e-10 0.000000000000000000e+00 0.000000000000000000e+00 0.000000000000000000e+00 0.000000000000000000e+00 2.088377980028010689e-09 1.170441765415032544e-09
4.022682723291851836e+00 8.293707443133055839e-14 6.156617966978119424e-10 0.000000000000000000e+00 0.000000000000000000e+00 7.202149714132274782e-10 0.000000000000000000e+00 0.000000000000000000e+00 0.000000000000000000e+00 0.000000000000000000e+00 1.914376615284283858e-09 1.072936644578373701e-09
4.201524481275451528e+00 6.797564826145278082e-14 5.645980073091137635e-10 0.000000000000000000e+00 0.000000000000000000e+00 6.603840622205886264e-10 0.000000000000000000e+00 0.000000000000000000e+00 0.000000000000000000e+00 0.000000000000000000e+00 1.754877280174098280e-09 9.835948172615655165e-10
4.388317245241568187e+00 6.551770451177616727e-14 5.176488473616534748e-10 0.000000000000000000e+00 0.000000000000000000e+00 6.054278896891299712e-10 0.000000000000000000e+00 0.000000000000000000e+00 0.000000000000000000e+00 0.000000000000000000e+00 1.608665395052071484e-09 9.016711179775924902e-10
4.583414503641932036e+00 6.378463152063859215e-14 4.745932520894307380e-10 0.000000000000000000e+00 0.000000000000000000e+00 5.550348090427781354e-10 0.000000000000000000e+00 0.000000000000000000e+00 0.000000000000000000e+00 0.000000000000000000e+00 1.474633534833400690e-09 8.265679252029863284e-10
4.787185460434682405e+00 6.132177810746662786e-14 4.351279836844987356e-10 0.000000000000000000e+00 0.000000000000000000e+00 5.088434570991063149e-10 0.000000000000000000e+00 0.000000000000000000e+00 0.000000000000000000e+00 0.000000000000000000e+00 1.351773633779883096e-09 7.577227044304708447e-10
5.000015733769552995e+00 5.750146225372072374e-14 3.989444405547047840e-10 0.000000000000000000e+00 0.000000000000000000e+00 4.664917058224024603e-10 0.000000000000000000e+00 0.000000000000000000e+00 0.000000000000000000e+00 0.000000000000000000e+00 1.239144570104423293e-09 6.946082845275850075e-10
5.222308085735419603e+00 4.215298821949625609e-14 3.659678744317844843e-10 0.000000000000000000e+00 0.000000000000000000e+00 4.278181494914117814e-10 0.000000000000000000e+00 0.000000000000000000e+00 0.000000000000000000e+00 0.000000000000000000e+00 1.135902939888043423e-09 6.367922050574219786e-10
5.454483184551217612e+00 3.982869338351569837e-14 3.355912697145081218e-10 0.000000000000000000e+00 0.000000000000000000e+00 3.922557396307121376e-10 0.000000000000000000e+00 0.000000000000000000e+00 0.000000000000000000e+00 0.000000000000000000e+00 1.041265379785863370e-09 5.837675338731325974e-10
5.696980400642586595e+00 3.834595082761170199e-14 3.077296704079204066e-10 0.000000000000000000e+00 0.000000000000000000e+00 3.596425913050051323e-10 0.000000000000000000e+00 0.000000000000000000e+00 0.000000000000000000e+00 0.000000000000000000e+00 9.545114727487515520e-10 5.351565381404293621e-10
5.950258638110759613e+00 3.796116006904001714e-14 2.821570923194215705e-10 0.000000000000000000e+00 0.000000000000000000e+00 3.297205533289852158e-10 0.000000000000000000e+00 0.000000000000000000e+00 0.000000000000000000e+00 0.000000000000000000e+00 8.749844947093200242e-10 4.905874965470930288e-10
6.214797203167166550e+00 3.407733659299640285e-14 2.587722681861585147e-10 0.000000000000000000e+00 0.000000000000000000e+00 3.023345051083545476e-10 0.000000000000000000e+00 0.000000000000000000e+00 0.000000000000000000e+00 0.000000000000000000e+00 8.020841459433261209e-10 4.497436053471326217e-10
6.491096711177193335e+00 3.474745030234968075e-14 2.372971971766464891e-10 0.000000000000000000e+00 0.000000000000000000e+00 2.772034049807404477e-10 0.000000000000000000e+00 0.000000000000000000e+00 0.000000000000000000e+00 0.000000000000000000e+00 7.352591667606540424e-10 4.122977270342621314e-10
6.779680034029589741e+00 3.688426008810849251e-14 2.175734650642130307e-10 0.000000000000000000e+00 0.000000000000000000e+00 2.541352894710090763e-10 0.000000000000000000e+00 0.000000000000000000e+00 0.000000000000000000e+00 0.000000000000000000e+00 6.739992777411775215e-10 3.779626300051248352e-10
7.081093289624342368e+00 3.119214259209596395e-14 1.995908372626336614e-10 0.000000000000000000e+00 0.000000000000000000e+00 2.330604888601419423e-10 0.000000000000000000e+00 0.000000000000000000e+00 0.000000000000000000e+00 0.000000000000000000e+00 6.178451133936779564e-10 3.465050001709720125e-10
7.395906875351522913e+00 2.880208522923554276e-14 1.830866569251598910e-10 0.000000000000000000e+00 0.000000000000000000e+00 2.137278722962421810e-10 0.000000000000000000e+00 0.000000000000000000e+00 0.000000000000000000e+00 0.000000000000000000e+00 5.663688010681489848e-10 3.176666172239334618e-10
7.724716547516883303e+00 2.978902631246286031e-14 1.679099375629478221e-10 0.000000000000000000e+00 0.000000000000000000e+00 1.959716647252298530e-10 0.000000000000000000e+00 0.000000000000000000e+00 0.000000000000000000e+00 0.000000000000000000e+00 5.191835614539874726e-10 2.912227380991179710e-10
8.068144548756912116e+00 3.100455551078864227e-14 1.539796863180528397e-10 0.000000000000000000e+00 0.000000000000000000e+00 1.796792790329888134e-10 0.000000000000000000e+00 0.000000000000000000e+00 0.000000000000000000e+00 0.000000000000000000e+00 4.759264133491982202e-10 2.669766719846842178e-10
8.426840785576876769e+00 3.225048735573632874e-14 1.412256866662031655e-10 0.000000000000000000e+00 0.000000000000000000e+00 1.647577411124099837e-10 0.000000000000000000e+00 0.000000000000000000e+00 0.000000000000000000e+00 0.000000000000000000e+00 4.362754277380229968e-10 2.447557750333396573e-10
8.801484058240248487e+00 3.407953019080238137e-14 1.295165555385720663e-10 0.000000000000000000e+00 0.000000000000000000e+00 1.510657168483034292e-10 0.000000000000000000e+00 0.000000000000000000e+00 0.000000000000000000e+00 0.000000000000000000e+00 3.999278604550644841e-10 2.243822791443124456e-10
9.192783345336948742e+00 3.295912040789655420e-14 1.188213383769862652e-10 0.000000000000000000e+00 0.000000000000000000e+00 1.385405162972597426e-10 0.000000000000000000e+00 0.000000000000000000e+00 0.000000000000000000e+00 0.000000000000000000e+00 3.666084570061577092e-10 2.057124345226408635e-10
9.601479145461361497e+00 3.251186631280258157e-14 1.090187513179562446e-10 0.000000000000000000e+00 0.000000000000000000e+00 1.270602799958460851e-10 0.000000000000000000e+00 0.000000000000000000e+00 0.000000000000000000e+00 0.000000000000000000e+00 3.360651030925429826e-10 1.885992341290463639e-10
1.002834487853911227e+01 3.383029356646293888e-14 9.999607415508186247e-11 0.000000000000000000e+00 0.000000000000000000e+00 1.165099970117851379e-10 0.000000000000000000e+00 0.000000000000000000e+00 0.000000000000000000e+00 0.000000000000000000e+00 3.080665188780289771e-10 1.729043503794462641e-10
1.047418834945448829e+01 3.559907836106835405e-14 9.172565795227422846e-11 0.000000000000000000e+00 0.000000000000000000e+00 1.068391454083363462e-10 0.000000000000000000e+00 0.000000000000000000e+00 0.000000000000000000e+00 0.000000000000000000e+00 2.823997635881666978e-10 1.585178604574519117e-10
1.093985327674830188e+01 3.737378408872104318e-14 8.413945217640007846e-11 0.000000000000000000e+00 0.000000000000000000e+00 9.797115003435352516e-11 0.000000000000000000e+00 0.000000000000000000e+00 0.000000000000000000e+00 0.000000000000000000e+00 2.588734212103521178e-10 1.453293228511970650e-10
1.142622088927908841e+01 3.593861922832924344e-14 7.723612688160764536e-11 0.000000000000000000e+00 0.000000000000000000e+00 8.987554526097356819e-11 0.000000000000000000e+00 0.000000000000000000e+00 0.000000000000000000e+00 0.000000000000000000e+00 2.373071953122347757e-10 1.332484226912296909e-10
1.193421159386922703e+01 3.799028436252981708e-14 7.085124327354836345e-11 0.000000000000000000e+00 0.000000000000000000e+00 8.241565882744233675e-11 0.000000000000000000e+00 0.000000000000000000e+00 0.000000000000000000e+00 0.000000000000000000e+00 2.175362905785253349e-10 1.221637182454226093e-10
1.246478671709178343e+01 3.853522897925036422e-14 6.502205377777497705e-11 0.000000000000000000e+00 0.000000000000000000e+00 7.559338554210052079e-11 0.000000000000000000e+00 0.000000000000000000e+00 0.000000000000000000e+00 0.000000000000000000e+00 1.994136370923296273e-10 1.120069144771854624e-10
1.301895032449433032e+01 4.011197722064218914e-14 5.966094453231847948e-11 0.000000000000000000e+00 0.000000000000000000e+00 6.932716977027175808e-11 0.000000000000000000e+00 0.000000000000000000e+00 0.000000000000000000e+00 0.000000000000000000e+00 1.828008974046158868e-10 1.026932707797202173e-10
1.359775112070238734e+01 4.091603526010454124e-14 5.475846779856961182e-11 0.000000000000000000e+00 0.000000000000000000e+00 6.359050522497469374e-11 0.000000000000000000e+00 0.000000000000000000e+00 0.000000000000000000e+00 0.000000000000000000e+00 1.675711461642496339e-10 9.415739858890942593e-11
1.420228443399830631e+01 4.165045951169366429e-14 5.026321414322391598e-11 0.000000000000000000e+00 0.000000000000000000e+00 5.833086079562867335e-11 0.000000000000000000e+00 0.000000000000000000e+00 0.000000000000000000e+00 0.000000000000000000e+00 1.536119942664265784e-10 8.633268518584198937e-11
1.483369428913121624e+01 4.345585072657441822e-14 4.612596458360909639e-11 0.000000000000000000e+00 0.000000000000000000e+00 5.349867532581228462e-11 0.000000000000000000e+00 0.000000000000000000e+00 0.000000000000000000e+00 0.000000000000000000e+00 1.408143445809842391e-10 7.915703003080268657e-11
1.549317557228063258e+01 4.338203651989595222e-14 4.236362167926544785e-11 0.000000000000000000e+00 0.000000000000000000e+00 4.908761929589031550e-11 0.000000000000000000e+00 0.000000000000000000e+00 0.000000000000000000e+00 0.000000000000000000e+00 1.290844471447350456e-10 7.258431011406191510e-11
1.618197629227075041e+01 4.510098952554323420e-14 3.888149255781089488e-11 0.000000000000000000e+00 0.000000000000000000e+00 4.502297617003282554e-11 0.000000000000000000e+00 0.000000000000000000e+00 0.000000000000000000e+00 0.000000000000000000e+00 1.183306243714216387e-10 6.655338974908375456e-11
1.690139994231451581e+01 4.646531878943801084e-14 3.569661372571381106e-11 0.000000000000000000e+00 0.000000000000000000e+00 4.130146003519787115e-11 0.000000000000000000e+00 0.000000000000000000e+00 0.000000000000000000e+00 0.000000000000000000e+00 1.084734439964176478e-10 6.102648765431403271e-11
1.765280796675694930e+01 4.693466614991612455e-14 3.278974217885987801e-11 0.000000000000000000e+00 0.000000000000000000e+00 3.789703390445362116e-11 0.000000000000000000e+00 0.000000000000000000e+00 0.000000000000000000e+00 0.000000000000000000e+00 9.943750494796398899e-11 5.596182345441208840e-11
1.843762233748569912e+01 4.834582857810891777e-14 3.010825070324175462e-11 0.000000000000000000e+00 0.000000000000000000e+00 3.476608463299039414e-11 0.000000000000000000e+00 0.000000000000000000e+00 0.000000000000000000e+00 0.000000000000000000e+00 9.115385540229272420e-11 5.131639941226146562e-11
1.925732824488454753e+01 4.919844311384095647e-14 2.765957477225395967e-11 0.000000000000000000e+00 0.000000000000000000e+00 3.190134221097293888e-11 0.000000000000000000e+00 0.000000000000000000e+00 0.000000000000000000e+00 0.000000000000000000e+00 8.356107752796689753e-11 4.705962817434883401e-11
2.011347690842221425e+01 5.014798549612907791e-14 2.541022026341808980e-11 0.000000000000000000e+00 0.000000000000000000e+00 2.927208517636097582e-11 0.000000000000000000e+00 0.000000000000000000e+00 0.000000000000000000e+00 0.000000000000000000e+00 7.660117769574879939e-11 4.315668016111140158e-11
2.100768851219521594e+01 5.143601133337164509e-14 2.334133109882470852e-11 0.000000000000000000e+00 0.000000000000000000e+00 2.685766058452082867e-11 0.000000000000000000e+00 0.000000000000000000e+00 0.000000000000000000e+00 0.000000000000000000e+00 7.022019732882134914e-11 3.957764349694431139e-11
2.194165527098010315e+01 5.266570867179603657e-14 2.144574479139744462e-11 0.000000000000000000e+00 0.000000000000000000e+00 2.464485454272886042e-11 0.000000000000000000e+00 0.000000000000000000e+00 0.000000000000000000e+00 0.000000000000000000e+00 6.437123631653908795e-11 3.629713376479070162e-11
2.291714463259722478e+01 5.374925224843271508e-14 1.970851895536958995e-11 0.000000000000000000e+00 0.000000000000000000e+00 2.261637322340303204e-11 0.000000000000000000e+00 0.000000000000000000e+00 0.000000000000000000e+00 0.000000000000000000e+00 5.900957341602995015e-11 3.328993011733149265e-11
2.393600262264625655e+01 5.439603463619295851e-14 1.812400122318505569e-11 0.000000000000000000e+00 0.000000000000000000e+00 2.076097940307355548e-11 0.000000000000000000e+00 0.000000000000000000e+00 0.000000000000000000e+00 0.000000000000000000e+00 5.409502083268410392e-11 3.053447237561253149e-11
2.500015733794308304e+01 5.537424660320921304e-14 1.666256437067131714e-11 0.000000000000000000e+00 0.000000000000000000e+00 1.905495395752233845e-11 0.000000000000000000e+00 0.000000000000000000e+00 0.000000000000000000e+00 0.000000000000000000e+00 4.958955214796558331e-11 2.800709184762295295e-11
2.611162259526905771e+01 5.623450410272569491e-14 1.532394979524894339e-11 0.000000000000000000e+00 0.000000000000000000e+00 1.749136478340340805e-11 0.000000000000000000e+00 0.000000000000000000e+00 0.000000000000000000e+00 0.000000000000000000e+00 4.545967075451451543e-11 2.569044818745425265e-11
2.727250174233754620e+01 5.696282052874038443e-14 1.409957480576338921e-11 0.000000000000000000e+00 0.000000000000000000e+00 1.605915388563213137e-11 0.000000000000000000e+00 0.000000000000000000e+00 0.000000000000000000e+00 0.000000000000000000e+00 4.167384350643853041e-11 2.356718131304101338e-11
2.848499163818970814e+01 5.780867727072752081e-14 1.297303330314132298e-11 0.000000000000000000e+00 0.000000000000000000e+00 1.474392386165545047e-11 0.000000000000000000e+00 0.000000000000000000e+00 0.000000000000000000e+00 0.000000000000000000e+00 3.820357615261895648e-11 2.162022677284067208e-11
2.975138681055199186e+01 5.840425343063156377e-14 1.194512198737103115e-11 0.000000000000000000e+00 0.000000000000000000e+00 1.354026364533135990e-11 0.000000000000000000e+00 0.000000000000000000e+00 0.000000000000000000e+00 0.000000000000000000e+00 3.502242684658861914e-11 1.983606726168790286e-11
3.107408379802284770e+01 5.939650311323229575e-14 1.099222100719689942e-11 0.000000000000000000e+00 0.000000000000000000e+00 1.243166123397921303e-11 0.000000000000000000e+00 0.000000000000000000e+00 0.000000000000000000e+00 0.000000000000000000e+00 3.210616575294180108e-11 1.819910245120532461e-11
3.245558568530577048e+01 6.008749006063240147e-14 1.012430619200416274e-11 0.000000000000000000e+00 0.000000000000000000e+00 1.141783941279493089e-11 0.000000000000000000e+00 0.000000000000000000e+00 0.000000000000000000e+00 0.000000000000000000e+00 2.943300328048288083e-11 1.669923749031756700e-11
3.389850684007124926e+01 6.062021570058493756e-14 9.330671753198444153e-12 0.000000000000000000e+00 0.000000000000000000e+00 1.048887183349266472e-11 0.000000000000000000e+00 0.000000000000000000e+00 0.000000000000000000e+00 0.000000000000000000e+00 2.698280709809439736e-11 1.532453901107330033e-11
3.540557786041171795e+01 6.129993784803743230e-14 8.599705977589280917e-12 0.000000000000000000e+00 0.000000000000000000e+00 9.635606837766842657e-12 0.000000000000000000e+00 0.000000000000000000e+00 0.000000000000000000e+00 0.000000000000000000e+00 2.473655890437216081e-11 1.406392968103568696e-11
3.697965074225202642e+01 6.193966266384728715e-14 7.927369871852375725e-12 0.000000000000000000e+00 0.000000000000000000e+00 8.852174269191958879e-12 0.000000000000000000e+00 0.000000000000000000e+00 0.000000000000000000e+00 0.000000000000000000e+00 2.267740249013229359e-11 1.290792217363784582e-11
3.862370427649444338e+01 6.249781918644668817e-14 7.313285704564623517e-12 0.000000000000000000e+00 0.000000000000000000e+00 8.134798961409431266e-12 0.000000000000000000e+00 0.000000000000000000e+00 0.000000000000000000e+00 0.000000000000000000e+00 2.078996739923707839e-11 1.184858665835378565e-11
4.034084968611161770e+01 6.300288308765765717e-14 6.749901863490117837e-12 0.000000000000000000e+00 0.000000000000000000e+00 7.476610405276665316e-12 0.000000000000000000e+00 0.000000000000000000e+00 0.000000000000000000e+00 0.000000000000000000e+00 1.905985956747645355e-11 1.087738920845846370e-11
4.213433651385538070e+01 6.346555383099258316e-14 6.232339156642047457e-12 0.000000000000000000e+00 0.000000000000000000e+00 6.872563850466156414e-12 0.000000000000000000e+00 0.000000000000000000e+00 0.000000000000000000e+00 0.000000000000000000e+00 1.747373172735694805e-11 9.986844862864051421e-12
4.400755877172315422e+01 6.393531068151080929e-14 5.756393644697955197e-12 0.000000000000000000e+00 0.000000000000000000e+00 6.318141514114259162e-12 0.000000000000000000e+00 0.000000000000000000e+00 0.000000000000000000e+00 0.000000000000000000e+00 1.601997065367505120e-11 9.170383080619087687e-12
4.596406136381946084e+01 6.432683338584872939e-14 5.321594137656947537e-12 0.000000000000000000e+00 0.000000000000000000e+00 5.810212042234552113e-12 0.000000000000000000e+00 0.000000000000000000e+00 0.000000000000000000e+00 0.000000000000000000e+00 1.468728918527558617e-11 8.422087059782439495e-12
4.800754679476705888e+01 6.462904089522066781e-14 4.924122312297247396e-12 0.000000000000000000e+00 0.000000000000000000e+00 5.344678325240844101e-12 0.000000000000000000e+00 0.000000000000000000e+00 0.000000000000000000e+00 0.000000000000000000e+00 1.346578009424302494e-11 7.736228547493201301e-12
5.014188217636289124e+01 6.492562808271115618e-14 4.557566599453208566e-12 0.000000000000000000e+00 0.000000000000000000e+00 4.916877420799235632e-12 0.000000000000000000e+00 0.000000000000000000e+00 0.000000000000000000e+00 0.000000000000000000e+00 1.234579152175608291e-11 7.107126835007944347e-12
5.237110654573820057e+01 6.515386405872453861e-14 4.223047148123467912e-12 0.000000000000000000e+00 0.000000000000000000e+00 4.524913156543725814e-12 0.000000000000000000e+00 0.000000000000000000e+00 0.000000000000000000e+00 0.000000000000000000e+00 1.131931224947797779e-11 6.530620694540587253e-12
5.469943850887192127e+01 6.535201633740130950e-14 3.914962490900026482e-12 0.000000000000000000e+00 0.000000000000000000e+00 4.165060384686899946e-12 0.000000000000000000e+00 0.000000000000000000e+00 0.000000000000000000e+00 0.000000000000000000e+00 1.037844208531421233e-11 6.002000231629352384e-12
5.713128422392179573e+01 6.548545422167499307e-14 3.632570943489901053e-12 0.000000000000000000e+00 0.000000000000000000e+00 3.834877404806880660e-12 0.000000000000000000e+00 0.000000000000000000e+00 0.000000000000000000e+00 0.000000000000000000e+00 9.515870158976750212e-12 5.517319537654315932e-12
5.967124573948116506e+01 6.556797720566442820e-14 3.374562109154692296e-12 0.000000000000000000e+00 0.000000000000000000e+00 3.532166798795593175e-12 0.000000000000000000e+00 0.000000000000000000e+00 0.000000000000000000e+00 0.000000000000000000e+00 8.725151776179028480e-12 5.073071124696408311e-12
6.232412970354067028e+01 6.559043623167145741e-14 3.136388386434859160e-12 0.000000000000000000e+00 0.000000000000000000e+00 3.254088430296958308e-12 0.000000000000000000e+00 0.000000000000000000e+00 0.000000000000000000e+00 0.000000000000000000e+00 8.000374499624370681e-12 4.665623083055368566e-12
6.509495645963586696e+01 6.555361086503053967e-14 2.920010332130313016e-12 0.000000000000000000e+00 0.000000000000000000e+00 2.999432797325445456e-12 0.000000000000000000e+00 0.000000000000000000e+00 0.000000000000000000e+00 0.000000000000000000e+00 7.335960775614235947e-12 4.292275948227446507e-12
6.798896954739448972e+01 6.545862979608015024e-14 2.720311870166580540e-12 0.000000000000000000e+00 0.000000000000000000e+00 2.765465499377661857e-12 0.000000000000000000e+00 0.000000000000000000e+00 0.000000000000000000e+00 0.000000000000000000e+00 6.726824719718205118e-12 3.949820180451883123e-12
7.101164562546192371e+01 6.529137555715014566e-14 2.538843459351930417e-12 0.000000000000000000e+00 0.000000000000000000e+00 2.551114013149782194e-12 0.000000000000000000e+00 0.000000000000000000e+00 0.000000000000000000e+00 0.000000000000000000e+00 6.168477727285380363e-12 3.635994493745590364e-12
7.416870483558362537e+01 6.505716910716626272e-14 2.371612352967879581e-12 0.000000000000000000e+00 0.000000000000000000e+00 2.354341697724019426e-12 0.000000000000000000e+00 0.000000000000000000e+00 0.000000000000000000e+00 0.000000000000000000e+00 5.656624414584027336e-12 3.348180332196446048e-12
7.746612162745724106e+01 6.475372601683358480e-14 2.219305377708432792e-12 0.000000000000000000e+00 0.000000000000000000e+00 2.173916942310705071e-12 0.000000000000000000e+00 0.000000000000000000e+00 0.000000000000000000e+00 0.000000000000000000e+00 5.187399105724957990e-12 3.084357764335646174e-12
8.091013606483961951e+01 6.436934838792031664e-14 2.078988826098042619e-12 0.000000000000000000e+00 0.000000000000000000e+00 2.008378139498321852e-12 0.000000000000000000e+00 0.000000000000000000e+00 0.000000000000000000e+00 0.000000000000000000e+00 4.757240560601047319e-12 2.842398001342492871e-12
8.450726563430438887e+01 6.391254302553760362e-14 1.950955898686366157e-12 0.000000000000000000e+00 0.000000000000000000e+00 1.856596235245826439e-12 0.000000000000000000e+00 0.000000000000000000e+00 0.000000000000000000e+00 0.000000000000000000e+00 4.362853296607964166e-12 2.620554201760118950e-12
8.826431757899723607e+01 6.337916368352898772e-14 1.834271332755383674e-12 0.000000000000000000e+00 0.000000000000000000e+00 1.717515295733180105e-12 0.000000000000000000e+00 0.000000000000000000e+00 0.000000000000000000e+00 0.000000000000000000e+00 4.001285485742267884e-12 2.417172610421223007e-12
9.218840178072943559e+01 6.277161744918235933e-14 1.728354573702402436e-12 0.000000000000000000e+00 0.000000000000000000e+00 1.590124856125197580e-12 0.000000000000000000e+00 0.000000000000000000e+00 0.000000000000000000e+00 0.000000000000000000e+00 3.669795568340372366e-12 2.230720846649561976e-12
9.628694421478752474e+01 6.207337461814549124e-14 1.631321977507524608e-12 0.000000000000000000e+00 0.000000000000000000e+00 1.473394425925802085e-12 0.000000000000000000e+00 0.000000000000000000e+00 0.000000000000000000e+00 0.000000000000000000e+00 3.365902018382004572e-12 2.059719881046994372e-12
1.005677010029216234e+02 6.128385755285592250e-14 1.542607961052738933e-12 0.000000000000000000e+00 0.000000000000000000e+00 1.366496064406523915e-12 0.000000000000000000e+00 0.000000000000000000e+00 0.000000000000000000e+00 0.000000000000000000e+00 3.087265874690734691e-12 1.902872122639413096e-12
1.050387730911060089e+02 6.043079006049796762e-14 1.462687641392623863e-12 0.000000000000000000e+00 0.000000000000000000e+00 1.268777374579585526e-12 0.000000000000000000e+00 0.000000000000000000e+00 0.000000000000000000e+00 0.000000000000000000e+00 2.831786240741667751e-12 1.759077284815984162e-12
1.097086215798481419e+02 5.951058084687641196e-14 1.390423955424611587e-12 0.000000000000000000e+00 0.000000000000000000e+00 1.179429558616132068e-12 0.000000000000000000e+00 0.000000000000000000e+00 0.000000000000000000e+00 0.000000000000000000e+00 2.597510418313668634e-12 1.627185613633180033e-12
1.145860837360586260e+02 5.847728022570046773e-14 1.324114225399098606e-12 0.000000000000000000e+00 0.000000000000000000e+00 1.097898899623656417e-12 0.000000000000000000e+00 0.000000000000000000e+00 0.000000000000000000e+00 0.000000000000000000e+00 2.382720816393619351e-12 1.506144626304353488e-12
1.196803897167805388e+02 5.743548583305201405e-14 1.265634211376436432e-12 0.000000000000000000e+00 0.000000000000000000e+00 1.023623785709606944e-12 0.000000000000000000e+00 0.000000000000000000e+00 0.000000000000000000e+00 0.000000000000000000e+00 2.185736718697207316e-12 1.395169338146826383e-12
1.250011800364298011e+02 5.630454657471080993e-14 1.212205173887803143e-12 0.000000000000000000e+00 0.000000000000000000e+00 9.560983820703658741e-13 0.000000000000000000e+00 0.000000000000000000e+00 0.000000000000000000e+00 0.000000000000000000e+00 2.005113847534718165e-12 1.293275274394059119e-12
1.305585238105978192e+02 5.516039977020855350e-14 1.164974131462923676e-12 0.000000000000000000e+00 0.000000000000000000e+00 8.949317150673436342e-13 0.000000000000000000e+00 0.000000000000000000e+00 0.000000000000000000e+00 0.000000000000000000e+00 1.839483147668978734e-12 1.199782035916994541e-12
1.363629378109453114e+02 5.405538595767819588e-14 1.123870896592072069e-12 0.000000000000000000e+00 0.000000000000000000e+00 8.397239187307484827e-13 0.000000000000000000e+00 0.000000000000000000e+00 0.000000000000000000e+00 0.000000000000000000e+00 1.687600783404230796e-12 1.113996385730021537e-12
1.424254063672426582e+02 5.296163367189231958e-14 1.087430688427613117e-12 0.000000000000000000e+00 0.000000000000000000e+00 7.901895090737164336e-13 0.000000000000000000e+00 0.000000000000000000e+00 0.000000000000000000e+00 0.000000000000000000e+00 1.548330578406387778e-12 1.035185190396112809e-12
1.487574021542239677e+02 5.196629492146600933e-14 1.056371193637012857e-12 0.000000000000000000e+00 0.000000000000000000e+00 7.460850461873482302e-13 0.000000000000000000e+00 0.000000000000000000e+00 0.000000000000000000e+00 0.000000000000000000e+00 1.420621595703977282e-12 9.627968713119311380e-13
1.553709079025877600e+02 5.113073116733687329e-14 1.030276496460991686e-12 0.000000000000000000e+00 0.000000000000000000e+00 7.072568550059499039e-13 0.000000000000000000e+00 0.000000000000000000e+00 0.000000000000000000e+00 0.000000000000000000e+00 1.303505640961862816e-12 8.962612948762111493e-13
1.622784390752347861e+02 5.054436229558826576e-14 1.009319886378724893e-12 0.000000000000000000e+00 0.000000000000000000e+00 6.736182046312743719e-13 0.000000000000000000e+00 0.000000000000000000e+00 0.000000000000000000e+00 0.000000000000000000e+00 1.196120257077943476e-12 8.350840587937670152e-13
1.694930675516510235e+02 5.028153297415302594e-14 9.931778963517718235e-13 0.000000000000000000e+00 0.000000000000000000e+00 6.451573565371323823e-13 0.000000000000000000e+00 0.000000000000000000e+00 0.000000000000000000e+00 0.000000000000000000e+00 1.097653191168678793e-12 7.787629775772498319e-13
1.770284463652615727e+02 5.051400440697613917e-14 9.823899655963961285e-13 0.000000000000000000e+00 0.000000000000000000e+00 6.219851116311860746e-13 0.000000000000000000e+00 0.000000000000000000e+00 0.000000000000000000e+00 0.000000000000000000e+00 1.007377934769843855e-12 7.269027467129820892e-13
1.848988355405630273e+02 5.129157186018640409e-14 9.764230045608569128e-13 0.000000000000000000e+00 0.000000000000000000e+00 6.042823506439585614e-13 0.000000000000000000e+00 0.000000000000000000e+00 0.000000000000000000e+00 0.000000000000000000e+00 9.246172439747594485e-13 6.790204751385552165e-13
1.931191290789346340e+02 5.295159780827582658e-14 9.767378425159904179e-13 0.000000000000000000e+00 0.000000000000000000e+00 5.924811624990735419e-13 0.000000000000000000e+00 0.000000000000000000e+00 0.000000000000000000e+00 0.000000000000000000e+00 8.487653522064905201e-13 6.348589310512997179e-13
2.017048831441905747e+02 5.556919956030436371e-14 9.828599977888938316e-13 0.000000000000000000e+00 0.000000000000000000e+00 5.870795549243198848e-13 0.000000000000000000e+00 0.000000000000000000e+00 0.000000000000000000e+00 0.000000000000000000e+00 7.792577308185956812e-13 5.939744073882458214e-13
2.106723455012179329e+02 5.942172771864786610e-14 9.959124490329656278e-13 0.000000000000000000e+00 0.000000000000000000e+00 5.888669805113812982e-13 0.000000000000000000e+00 0.000000000000000000e+00 0.000000000000000000e+00 0.000000000000000000e+00 7.155790706016319205e-13 5.560771166228056378e-13
2.200384862634040246e+02 6.476785438761843631e-14 1.016985576989898843e-12 0.000000000000000000e+00 0.000000000000000000e+00 5.989392961675461763e-13 0.000000000000000000e+00 0.000000000000000000e+00 0.000000000000000000e+00 0.000000000000000000e+00 6.572708770309298328e-13 5.208762987258931397e-13
2.298210300070466019e+02 7.179227368092947721e-14 1.046953143159666576e-12 0.000000000000000000e+00 0.000000000000000000e+00 6.187856983174874452e-13 0.000000000000000000e+00 0.000000000000000000e+00 0.000000000000000000e+00 0.000000000000000000e+00 6.038872486757040265e-13 4.880512441042276134e-13
2.400384893135133382e+02 8.069340528349986693e-14 1.087348226585023650e-12 0.000000000000000000e+00 0.000000000000000000e+00 6.504459458187116664e-13 0.000000000000000000e+00 0.000000000000000000e+00 0.000000000000000000e+00 0.000000000000000000e+00 5.550362878713136255e-13 4.573657152523405428e-13
2.507101998026336389e+02 9.160508744395257314e-14 1.140060576585122229e-12 0.000000000000000000e+00 0.000000000000000000e+00 6.966435008550404526e-13 0.000000000000000000e+00 0.000000000000000000e+00 0.000000000000000000e+00 0.000000000000000000e+00 5.103569921436052940e-13 4.285922445836306191e-13
2.618563567236125778e+02 1.044415145068868280e-13 1.206701827661363694e-12 0.000000000000000000e+00 0.000000000000000000e+00 7.608795916139230496e-13 0.000000000000000000e+00 0.000000000000000000e+00 0.000000000000000000e+00 0.000000000000000000e+00 4.695075870453706569e-13 4.014734689625707135e-13
2.734980531727196080e+02 1.188816093352495281e-13 1.288212259958112867e-12 0.000000000000000000e+00 0.000000000000000000e+00 8.471994030542200408e-13 0.000000000000000000e+00 0.000000000000000000e+00 0.000000000000000000e+00 0.000000000000000000e+00 4.321792146077238858e-13 3.758217856834036656e-13
2.856573200100691565e+02 1.342684038164993686e-13 1.383553866436810125e-12 0.000000000000000000e+00 0.000000000000000000e+00 9.595151909238433163e-13 0.000000000000000000e+00 0.000000000000000000e+00 0.000000000000000000e+00 0.000000000000000000e+00 3.980908301036599455e-13 3.514643830423079847e-13
2.983571675510349905e+02 1.495565017696586308e-13 1.487522051889492039e-12 0.000000000000000000e+00 0.000000000000000000e+00 1.099389073896608407e-12 0.000000000000000000e+00 0.000000000000000000e+00 0.000000000000000000e+00 0.000000000000000000e+00 3.669706490011310154e-13 3.282502467910433700e-13
3.116216291111976489e+02 1.632678077940892908e-13 1.587274337861005813e-12 0.000000000000000000e+00 0.000000000000000000e+00 1.261580399261315789e-12 0.000000000000000000e+00 0.000000000000000000e+00 0.000000000000000000e+00 0.000000000000000000e+00 3.385672129302763393e-13 3.060836596006498491e-13
3.254758064872232239e+02 1.736621014590335243e-13 1.660323594556785029e-12 0.000000000000000000e+00 0.000000000000000000e+00 1.427885858721149693e-12 0.000000000000000000e+00 0.000000000000000000e+00 0.000000000000000000e+00 0.000000000000000000e+00 3.126399150826473188e-13 2.849088191899264156e-13
3.399459174597515698e+02 1.791049590980890968e-13 1.678396462818522874e-12 0.000000000000000000e+00 0.000000000000000000e+00 1.564535009871029439e-12 0.000000000000000000e+00 0.000000000000000000e+00 0.000000000000000000e+00 0.000000000000000000e+00 2.889675928732192508e-13 2.647536425342569401e-13
3.550593454081774212e+02 1.784286536233157427e-13 1.620853601410230220e-12 0.000000000000000000e+00 0.000000000000000000e+00 1.631022162537681639e-12 0.000000000000000000e+00 0.000000000000000000e+00 0.000000000000000000e+00 0.000000000000000000e+00 2.673273044864680420e-13 2.456713173669360992e-13
3.708446911312281600e+02 1.713444660400822080e-13 1.490691144111747767e-12 0.000000000000000000e+00 0.000000000000000000e+00 1.602540161815360064e-12 0.000000000000000000e+00 0.000000000000000000e+00 0.000000000000000000e+00 0.000000000000000000e+00 2.475065859357197449e-13 2.276916078777728821e-13
3.873318269713919904e+02 1.587875047880745111e-13 1.316744376438109033e-12 0.000000000000000000e+00 0.000000000000000000e+00 1.487855108475670485e-12 0.000000000000000000e+00 0.000000000000000000e+00 0.000000000000000000e+00 0.000000000000000000e+00 2.293007981637773816e-13 2.108241342638637792e-13
4.045519533456335921e+02 1.423653353282272171e-13 1.134777793508851483e-12 0.000000000000000000e+00 0.000000000000000000e+00 1.319867476557239463e-12 0.000000000000000000e+00 0.000000000000000000e+00 0.000000000000000000e+00 0.000000000000000000e+00 2.125228295994206430e-13 1.950122045985298483e-13
4.225376577893648573e+02 1.242615092003347154e-13 9.718357232611485992e-13 0.000000000000000000e+00 0.000000000000000000e+00 1.136506643295569117e-12 0.000000000000000000e+00 0.000000000000000000e+00 0.000000000000000000e+00 0.000000000000000000e+00 1.970286167895344953e-13 1.802588734425365043e-13
4.413229766254188462e+02 1.063822347893584291e-13 8.397300468398358617e-13 0.000000000000000000e+00 0.000000000000000000e+00 9.641909753223887077e-13 0.000000000000000000e+00 0.000000000000000000e+00 0.000000000000000000e+00 0.000000000000000000e+00 1.827106519430067759e-13 1.665735373543362795e-13
4.609434593747161557e+02 9.015291564611288790e-14 7.398045162766668813e-13 0.000000000000000000e+00 0.000000000000000000e+00 8.167404510906519444e-13 0.000000000000000000e+00 0.000000000000000000e+00 0.000000000000000000e+00 0.000000000000000000e+00 1.695002060406759255e-13 1.539800389146122472e-13
4.814362360305290167e+02 7.654572063785316237e-14 6.694075600831448360e-13 0.000000000000000000e+00 0.000000000000000000e+00 6.994205986420893260e-13 0.000000000000000000e+00 0.000000000000000000e+00 0.000000000000000000e+00 0.000000000000000000e+00 1.573438538975522012e-13 1.425142385247613788e-13
5.028400873236400912e+02 6.599753613873697833e-14 6.237699317753070837e-13 0.000000000000000000e+00 0.000000000000000000e+00 6.129430150395983992e-13 0.000000000000000000e+00 0.000000000000000000e+00 0.000000000000000000e+00 0.000000000000000000e+00 1.462016662584871645e-13 1.321739690890625651e-13
5.251955181113798972e+02 5.868747082491298601e-14 5.991989729704992661e-13 0.000000000000000000e+00 0.000000000000000000e+00 5.564789292920069008e-13 0.000000000000000000e+00 0.000000000000000000e+00 0.000000000000000000e+00 0.000000000000000000e+00 1.360215389755894042e-13 1.229252111126571349e-13
5.485448340294104810e+02 5.453861732002813079e-14 5.930066571658897787e-13 0.000000000000000000e+00 0.000000000000000000e+00 5.289897963095006143e-13 0.000000000000000000e+00 0.000000000000000000e+00 0.000000000000000000e+00 0.000000000000000000e+00 1.267593208827410109e-13 1.146966851634760021e-13
5.729322215513284391e+02 5.323557027181721340e-14 6.029765622560776006e-13 0.000000000000000000e+00 0.000000000000000000e+00 5.293845584894084593e-13 0.000000000000000000e+00 0.000000000000000000e+00 0.000000000000000000e+00 0.000000000000000000e+00 1.183629811178608929e-13 1.073720119527530173e-13
5.984038316075743751e+02 5.415491273513558443e-14 6.257518417752840914e-13 0.000000000000000000e+00 0.000000000000000000e+00 5.557749557808749938e-13 0.000000000000000000e+00 0.000000000000000000e+00 0.000000000000000000e+00 0.000000000000000000e+00 1.107682825194826249e-13 1.007988972317330911e-13
6.250078669219093399e+02 5.628248291412023677e-14 6.523269435207223979e-13 0.000000000000000000e+00 0.000000000000000000e+00 6.022604627855757912e-13 0.000000000000000000e+00 0.000000000000000000e+00 0.000000000000000000e+00 0.000000000000000000e+00 1.038902287213292963e-13 9.480739260390936551e-14
6.527946732307157163e+02 5.820621838753448120e-14 6.644283209470440782e-13 0.000000000000000000e+00 0.000000000000000000e+00 6.530773134007595434e-13 0.000000000000000000e+00 0.000000000000000000e+00 0.000000000000000000e+00 0.000000000000000000e+00 9.762741071616769675e-14 8.925683603145074024e-14
6.818168345577655600e+02 5.838230233564234347e-14 6.407961906907047959e-13 0.000000000000000000e+00 0.000000000000000000e+00 6.809235582138097989e-13 0.000000000000000000e+00 0.000000000000000000e+00 0.000000000000000000e+00 0.000000000000000000e+00 9.186636254892753812e-14 8.404842327688750722e-14
7.121292727247354151e+02 5.570417637746677291e-14 5.787512925529225063e-13 0.000000000000000000e+00 0.000000000000000000e+00 6.630511609783444668e-13 0.000000000000000000e+00 0.000000000000000000e+00 0.000000000000000000e+00 0.000000000000000000e+00 8.652366110894531081e-14 7.912223235640453944e-14
7.437893512858045142e+02 5.016339946510207573e-14 5.010060765660534938e-13 0.000000000000000000e+00 0.000000000000000000e+00 6.019782383198161788e-13 0.000000000000000000e+00 0.000000000000000000e+00 0.000000000000000000e+00 0.000000000000000000e+00 8.156004523989828718e-14 7.442369022816967840e-14
7.768569840829987925e+02 4.302277911412247576e-14 4.329050546413070751e-13 0.000000000000000000e+00 0.000000000000000000e+00 5.201221161098305485e-13 0.000000000000000000e+00 0.000000000000000000e+00 0.000000000000000000e+00 0.000000000000000000e+00 7.698435982587359769e-14 6.996222000552243371e-14
8.113947486277374992e+02 3.615509545737350671e-14 3.854345517887380442e-13 0.000000000000000000e+00 0.000000000000000000e+00 4.409343917426117636e-13 0.000000000000000000e+00 0.000000000000000000e+00 0.000000000000000000e+00 0.000000000000000000e+00 7.281311615706065542e-14 6.582676576492466035e-14
8.474680045231206122e+02 3.115977695343588742e-14 3.586067033047814143e-13 0.000000000000000000e+00 0.000000000000000000e+00 3.818904094157549883e-13 0.000000000000000000e+00 0.000000000000000000e+00 0.000000000000000000e+00 0.000000000000000000e+00 6.905094695045403813e-14 6.212930048483783381e-14
8.851450171510871314e+02 2.874232409907816284e-14 3.486301722397586783e-13 0.000000000000000000e+00 0.000000000000000000e+00 3.530516353925074595e-13 0.000000000000000000e+00 0.000000000000000000e+00 0.000000000000000000e+00 0.000000000000000000e+00 6.570938993951860336e-14 5.893392286345215476e-14
9.244970868584839536e+02 2.855117444902637252e-14 3.512323731532894614e-13 0.000000000000000000e+00 0.000000000000000000e+00 3.541663605798603176e-13 0.000000000000000000e+00 0.000000000000000000e+00 0.000000000000000000e+00 0.000000000000000000e+00 6.276991471850381164e-14 5.619399245395033516e-14
9.655986838865461550e+02 2.937908953280380886e-14 3.575367562799803038e-13 0.000000000000000000e+00 0.000000000000000000e+00 3.740294952125597134e-13 0.000000000000000000e+00 0.000000000000000000e+00 0.000000000000000000e+00 0.000000000000000000e+00 6.016912664144114493e-14 5.378055267244396260e-14
1.008527589299101805e+03 2.951086961861062338e-14 3.485907662961399064e-13 0.000000000000000000e+00 0.000000000000000000e+00 3.894427546412152759e-13 0.000000000000000000e+00 0.000000000000000000e+00 0.000000000000000000e+00 0.000000000000000000e+00 5.781486147820838705e-14 5.154926797849605358e-14
1.053365042176224733e+03 2.749889361824678501e-14 3.135307699507034667e-13 0.000000000000000000e+00 0.000000000000000000e+00 3.752623144873834940e-13 0.000000000000000000e+00 0.000000000000000000e+00 0.000000000000000000e+00 0.000000000000000000e+00 5.562560540431073465e-14 4.938650115196246379e-14
1.100195893351855602e+03 2.340401426390190154e-14 2.712822816938626584e-13 0.000000000000000000e+00 0.000000000000000000e+00 3.304079627767675323e-13 0.000000000000000000e+00 0.000000000000000000e+00 0.000000000000000000e+00 0.000000000000000000e+00 5.359378832294751390e-14 4.724035991988478286e-14
1.149108765986357412e+03 1.916780232084187863e-14 2.419540731602311920e-13 0.000000000000000000e+00 0.000000000000000000e+00 2.774372925463653508e-13 0.000000000000000000e+00 0.000000000000000000e+00 0.000000000000000000e+00 0.000000000000000000e+00 5.176453202567003545e-14 4.520954548980928064e-14
1.200196223277841000e+03 1.686641282602266642e-14 2.288619903048630632e-13 0.000000000000000000e+00 0.000000000000000000e+00 2.437101081567497510e-13 0.000000000000000000e+00 0.000000000000000000e+00 0.000000000000000000e+00 0.000000000000000000e+00 5.017652266041905417e-14 4.346018266959526901e-14
1.253554943629676245e+03 1.681523138907754692e-14 2.285838395915000420e-13 0.000000000000000000e+00 0.000000000000000000e+00 2.406606353973786966e-13 0.000000000000000000e+00 0.000000000000000000e+00 0.000000000000000000e+00 0.000000000000000000e+00 4.886046754377252276e-14 4.205921438662915686e-14
1.309285903605635212e+03 1.767024296887535337e-14 2.295549752858192860e-13 0.000000000000000000e+00 0.000000000000000000e+00 2.538528960333047809e-13 0.000000000000000000e+00 0.000000000000000000e+00 0.000000000000000000e+00 0.000000000000000000e+00 4.779182550074556843e-14 4.091224780128455441e-14
1.367494569018940865e+03 1.755323206708143423e-14 2.116216910966691264e-13 0.000000000000000000e+00 0.000000000000000000e+00 2.595642442253452993e-13 0.000000000000000000e+00 0.000000000000000000e+00 0.000000000000000000e+00 0.000000000000000000e+00 4.693484860289916448e-14 3.988343009475463083e-14
1.428291094516789599e+03 1.560104633508034985e-14 1.859549028916949890e-13 0.000000000000000000e+00 0.000000000000000000e+00 2.424258546608097817e-13 0.000000000000000000e+00 0.000000000000000000e+00 0.000000000000000000e+00 0.000000000000000000e+00 4.628990038999541020e-14 3.887622496825928410e-14
1.491790532038094852e+03 1.338307301429741701e-14 1.712207233195198210e-13 0.000000000000000000e+00 0.000000000000000000e+00 2.098216343900342933e-13 0.000000000000000000e+00 0.000000000000000000e+00 0.000000000000000000e+00 0.000000000000000000e+00 4.585794114677832956e-14 3.800121181814969375e-14
1.558113048538887824e+03 1.282443436854442148e-14 1.677949095792204541e-13 0.000000000000000000e+00 0.000000000000000000e+00 1.945244767167008221e-13 0.000000000000000000e+00 0.000000000000000000e+00 0.000000000000000000e+00 0.000000000000000000e+00 4.562572254854619771e-14 3.743658864646026419e-14
1.627384153397451882e+03 1.314111615769588002e-14 1.714886299450962818e-13 0.000000000000000000e+00 0.000000000000000000e+00 2.015124499840822180e-13 0.000000000000000000e+00 0.000000000000000000e+00 0.000000000000000000e+00 0.000000000000000000e+00 4.561475490354295718e-14 3.716412677313239278e-14
1.699734935929483299e+03 1.227718424238300648e-14 1.614916940407564792e-13 0.000000000000000000e+00 0.000000000000000000e+00 1.998317824785210687e-13 0.000000000000000000e+00 0.000000000000000000e+00 0.000000000000000000e+00 0.000000000000000000e+00 4.589876041334909902e-14 3.703201256952889537e-14
1.775302313462806751e+03 9.928097189957300790e-15 1.454444118991420735e-13 0.000000000000000000e+00 0.000000000000000000e+00 1.812668471627418407e-13 0.000000000000000000e+00 0.000000000000000000e+00 0.000000000000000000e+00 0.000000000000000000e+00 4.650070962353740918e-14 3.692485670329734554e-14
1.854229290441050580e+03 8.487101059646393103e-15 1.394607260507175226e-13 0.000000000000000000e+00 0.000000000000000000e+00 1.558157111533416680e-13 0.000000000000000000e+00 0.000000000000000000e+00 0.000000000000000000e+00 0.000000000000000000e+00 4.726863869721118018e-14 3.698487458800125224e-14
1.936665229046667719e+03 8.211053722366202582e-15 1.405268561858325249e-13 0.000000000000000000e+00 0.000000000000000000e+00 1.455790461346694408e-13 0.000000000000000000e+00 0.000000000000000000e+00 0.000000000000000000e+00 0.000000000000000000e+00 4.814936594378358439e-14 3.731165694215439402e-14
2.022766131855373487e+03 7.816553964257646837e-15 1.347395067809081422e-13 0.000000000000000000e+00 0.000000000000000000e+00 1.519721962728410278e-13 0.000000000000000000e+00 0.000000000000000000e+00 0.000000000000000000e+00 0.000000000000000000e+00 4.953106020016584047e-14 3.788881558015190171e-14
2.112694937056960953e+03 9.039091055929035697e-15 1.328313524287831962e-13 0.000000000000000000e+00 0.000000000000000000e+00 1.697462065860280276e-13 0.000000000000000000e+00 0.000000000000000000e+00 0.000000000000000000e+00 0.000000000000000000e+00 5.159062659795965716e-14 3.888686966668038733e-14
2.206621826801106636e+03 1.013376151638258971e-14 1.387062443494715317e-13 0.000000000000000000e+00 0.000000000000000000e+00 1.619979164462304049e-13 0.000000000000000000e+00 0.000000000000000000e+00 0.000000000000000000e+00 0.000000000000000000e+00 5.359634189823036960e-14 4.048637278790271339e-14
2.304724549251749067e+03 3.259002821441832423e-15 1.561088627543811644e-13 0.000000000000000000e+00 0.000000000000000000e+00 1.250256133482771665e-13 0.000000000000000000e+00 0.000000000000000000e+00 0.000000000000000000e+00 0.000000000000000000e+00 5.524769763760592314e-14 4.222807460037166062e-14
2.407188754959436665e+03 -6.299714176614209786e-15 1.522650100166955973e-13 0.000000000000000000e+00 0.000000000000000000e+00 6.607966490975263186e-14 0.000000000000000000e+00 0.000000000000000000e+00 0.000000000000000000e+00 0.000000000000000000e+00 5.705203390258401522e-14 4.382327739163306958e-14
2.514208348188258242e+03 -5.942088784193620571e-15 1.680363568974335695e-13 0.000000000000000000e+00 0.000000000000000000e+00 7.779854894686108912e-14 0.000000000000000000e+00 0.000000000000000000e+00 0.000000000000000000e+00 0.000000000000000000e+00 5.768289977188169225e-14 4.501245667244794579e-14
2.625985853862151089e+03 -1.216571291017834617e-14 1.757495428018501273e-13 0.000000000000000000e+00 0.000000000000000000e+00 5.211192408051723303e-14 0.000000000000000000e+00 0.000000000000000000e+00 0.000000000000000000e+00 0.000000000000000000e+00 5.664358851776204870e-14 4.462726744769778791e-14
2.742732800825062895e+03 -8.223281110562293327e-15 1.892970332284069470e-13 0.000000000000000000e+00 0.000000000000000000e+00 6.037323753150598133e-14 0.000000000000000000e+00 0.000000000000000000e+00 0.000000000000000000e+00 0.000000000000000000e+00 5.462961355127220387e-14 4.355111244055629499e-14
2.864670122140184958e+03 -3.517007126559630523e-15 1.956836776220281514e-13 0.000000000000000000e+00 0.000000000000000000e+00 9.344106454422282115e-14 0.000000000000000000e+00 0.000000000000000000e+00 0.000000000000000000e+00 0.000000000000000000e+00 5.115012019354329867e-14 4.197462581861467842e-14
2.992028573185860296e+03 -6.091425597137348084e-15 1.594481091358325563e-13 0.000000000000000000e+00 0.000000000000000000e+00 6.237086325942428553e-14 0.000000000000000000e+00 0.000000000000000000e+00 0.000000000000000000e+00 0.000000000000000000e+00 4.749336198236148227e-14 3.792563567588923862e-14
3.125049168339293374e+03 -4.144664560737458483e-15 1.229380459757808243e-13 0.000000000000000000e+00 0.000000000000000000e+00 4.378994265940806055e-14 0.000000000000000000e+00 0.000000000000000000e+00 0.000000000000000000e+00 0.000000000000000000e+00 4.428590069316297045e-14 3.377840527811396514e-14
3.263983637074535636e+03 -5.783364385962783599e-15 1.003072857566238143e-13 0.000000000000000000e+00 0.000000000000000000e+00 4.997430999965439147e-14 0.000000000000000000e+00 0.000000000000000000e+00 0.000000000000000000e+00 0.000000000000000000e+00 4.192209321824057335e-14 3.213079420596705123e-14
3.409094900337779109e+03 -1.188524646981603788e-15 1.071005762928697131e-13 0.000000000000000000e+00 0.000000000000000000e+00 1.003645144722066182e-13 0.000000000000000000e+00 0.000000000000000000e+00 0.000000000000000000e+00 0.000000000000000000e+00 4.128008074874347228e-14 3.208369018251391873e-14
3.560657568101548804e+03 2.303380843564519489e-15 1.262745059800748732e-13 0.000000000000000000e+00 0.000000000000000000e+00 1.304593619415125224e-13 0.000000000000000000e+00 0.000000000000000000e+00 0.000000000000000000e+00 0.000000000000000000e+00 4.233925185835201742e-14 3.321847823677838562e-14
3.718958459039270565e+03 2.040365459379055327e-15 1.352128073690580527e-13 0.000000000000000000e+00 0.000000000000000000e+00 1.194022853040326348e-13 0.000000000000000000e+00 0.000000000000000000e+00 0.000000000000000000e+00 0.000000000000000000e+00 4.617298900541426664e-14 3.663427374721187497e-14
3.884297143303760095e+03 1.619048540207872359e-15 1.546157406126845726e-13 0.000000000000000000e+00 0.000000000000000000e+00 1.600453695246800760e-13 0.000000000000000000e+00 0.000000000000000000e+00 0.000000000000000000e+00 0.000000000000000000e+00 5.297627591071574474e-14 4.263862926245288344e-14
4.056986509436678261e+03 1.141690435620909954e-14 2.243091060875187303e-13 0.000000000000000000e+00 0.000000000000000000e+00 2.908488209662192561e-13 0.000000000000000000e+00 0.000000000000000000e+00 0.000000000000000000e+00 0.000000000000000000e+00 6.518663229609458468e-14 5.314652801101174071e-14
4.237353356481889023e+03 1.175415992711528012e-14 2.742761703743149680e-13 0.000000000000000000e+00 0.000000000000000000e+00 3.217248811867056955e-13 0.000000000000000000e+00 0.000000000000000000e+00 0.000000000000000000e+00 0.000000000000000000e+00 8.359627802110763920e-14 6.752144211518195130e-14
4.425739012423155145e+03 2.069679001619019310e-14 3.951741585999908352e-13 0.000000000000000000e+00 0.000000000000000000e+00 5.243679658891933826e-13 0.000000000000000000e+00 0.000000000000000000e+00 0.000000000000000000e+00 0.000000000000000000e+00 1.151306930240697041e-13 9.244836921408402286e-14
4.622499980116535880e+03 3.313634966826042345e-14 5.424215947017134375e-13 0.000000000000000000e+00 0.000000000000000000e+00 6.995707290849640360e-13 0.000000000000000000e+00 0.000000000000000000e+00 0.000000000000000000e+00 0.000000000000000000e+00 1.725966274962277389e-13 1.344758657392551147e-13
4.828008611939902949e+03 5.631617007560691109e-14 8.067535298515186856e-13 0.000000000000000000e+00 0.000000000000000000e+00 1.125493390424115596e-12 0.000000000000000000e+00 0.000000000000000000e+00 0.000000000000000000e+00 0.000000000000000000e+00 2.737967668100332692e-13 2.051992685412845509e-13
5.042653814436185712e+03 9.218568698283780391e-14 1.137758129870743903e-12 0.000000000000000000e+00 0.000000000000000000e+00 1.646821665093881684e-12 0.000000000000000000e+00 0.000000000000000000e+00 0.000000000000000000e+00 0.000000000000000000e+00 4.938716660206195723e-13 3.438647632671708236e-13
5.266841784283951711e+03 1.504206225762661283e-13 1.904359658948396221e-12 0.000000000000000000e+00 0.000000000000000000e+00 2.612090552356580156e-12 0.000000000000000000e+00 0.000000000000000000e+00 0.000000000000000000e+00 0.000000000000000000e+00 1.035504616076412533e-12 6.324484836634489071e-13
5.500996776987925841e+03 2.786780908818823816e-13 3.594353817958885260e-12 0.000000000000000000e+00 0.000000000000000000e+00 4.874414937436919855e-12 0.000000000000000000e+00 0.000000000000000000e+00 0.000000000000000000e+00 0.000000000000000000e+00 2.863634447495415983e-12 1.375941733109472615e-12
5.745561909744300465e+03 6.445018057204704787e-13 1.036306079100343313e-11 0.000000000000000000e+00 0.000000000000000000e+00 1.424732810742112170e-11 0.000000000000000000e+00 0.000000000000000000e+00 0.000000000000000000e+00 0.000000000000000000e+00 1.772611353048210508e-11 4.576202443487379673e-12
6.001000000000000000e+03 0.000000000000000000e+00 0.000000000000000000e+00 0.000000000000000000e+00 0.000000000000000000e+00 0.000000000000000000e+00 0.000000000000000000e+00 0.000000000000000000e+00 0.000000000000000000e+00 0.000000000000000000e+00 0.000000000000000000e+00 0.000000000000000000e+00
