1.000000000000000000e+00 -1.336905303432612019e-09 7.296178338115793794e-09 0.000000000000000000e+00 0.000000000000000000e+00 1.679412824523252474e-08 0.000000000000000000e+00 0.000000000000000000e+00 0.000000000000000000e+00 0.000000000000000000e+00 2.353024845740252621e-07 4.775837673889790613e-08
1.044458330493748033e+00 -1.225618600245358645e-09 6.689988616100595349e-09 0.000000000000000000e+00 0.000000000000000000e+00 1.539577830598714468e-08 0.000000000000000000e+00 0.000000000000000000e+00 0.000000000000000000e+00 0.000000000000000000e+00 2.156971455498517543e-07 4.378081223096195575e-08
1.090893204137787231e+00 -1.123517194761773306e-09 6.133160724466570008e-09 0.000000000000000000e+00 0.000000000000000000e+00 1.411336755006092938e-08 0.000000000000000000e+00 0.000000000000000000e+00 0.000000000000000000e+00 0.000000000000000000e+00 1.977253678750785654e-07 4.013369399774015810e-08
1.139392494740728790e+00 -1.029912493450374174e-09 5.622608369547109373e-09 0.000000000000000000e+00 0.000000000000000000e+00 1.293774358440645177e-08 0.000000000000000000e+00 0.000000000000000000e+00 0.000000000000000000e+00 0.000000000000000000e+00 1.812510608366141960e-07 3.679035471496917599e-08
1.190047982834008033e+00 -9.440994275722952344e-10 5.154479342271300780e-09 0.000000000000000000e+00 0.000000000000000000e+00 1.186000318332461723e-08 0.000000000000000000e+00 0.000000000000000000e+00 0.000000000000000000e+00 0.000000000000000000e+00 1.661494390891602948e-07 3.372546248532540840e-08
1.242955529358260591e+00 -8.654196269143595807e-10 4.725072071686170061e-09 0.000000000000000000e+00 0.000000000000000000e+00 1.087189394193644631e-08 0.000000000000000000e+00 0.000000000000000000e+00 0.000000000000000000e+00 0.000000000000000000e+00 1.523058410884048747e-07 3.091565498464064857e-08
1.298215257071501538e+00 -7.933065003813038386e-10 4.331607079909301627e-09 0.000000000000000000e+00 0.000000000000000000e+00 9.966197690432537729e-09 0.000000000000000000e+00 0.000000000000000000e+00 0.000000000000000000e+00 0.000000000000000000e+00 1.396159353676375514e-07 2.834009574246131833e-08
1.355931740022412457e+00 -7.271934464122584780e-10 3.970750610809469219e-09 0.000000000000000000e+00 0.000000000000000000e+00 9.135854228004111686e-09 0.000000000000000000e+00 0.000000000000000000e+00 0.000000000000000000e+00 0.000000000000000000e+00 1.279831090899759295e-07 2.597894221658053958e-08
1.416214201447291599e+00 -6.665951528399982384e-10 3.640048629329157718e-09 0.000000000000000000e+00 0.000000000000000000e+00 8.374741294919510417e-09 0.000000000000000000e+00 0.000000000000000000e+00 0.000000000000000000e+00 0.000000000000000000e+00 1.173197495343842691e-07 2.381458760334235502e-08
1.479176720465174677e+00 -6.110421414883148615e-10 3.336803145493483696e-09 0.000000000000000000e+00 0.000000000000000000e+00 7.676979560322280112e-09 0.000000000000000000e+00 0.000000000000000000e+00 0.000000000000000000e+00 0.000000000000000000e+00 1.075446415489143505e-07 2.183045448395972241e-08
1.544938447962273864e+00 -5.601214022526354818e-10 3.058862605920840045e-09 0.000000000000000000e+00 0.000000000000000000e+00 7.037376112200178205e-09 0.000000000000000000e+00 0.000000000000000000e+00 0.000000000000000000e+00 0.000000000000000000e+00 9.858404738124558850e-08 2.001165611024863414e-08
1.613623832074278619e+00 -5.134419460579976251e-10 2.804033457747090461e-09 0.000000000000000000e+00 0.000000000000000000e+00 6.451031462714475168e-09 0.000000000000000000e+00 0.000000000000000000e+00 0.000000000000000000e+00 0.000000000000000000e+00 9.037011504318531456e-08 1.834435345535634488e-08
1.685362853693225027e+00 -4.706530249532491536e-10 2.570431497952050365e-09 0.000000000000000000e+00 0.000000000000000000e+00 5.913535323982152179e-09 0.000000000000000000e+00 0.000000000000000000e+00 0.000000000000000000e+00 0.000000000000000000e+00 8.284045006534063489e-08 1.681594775503165584e-08
1.760291272444604704e+00 -4.314303221007736515e-10 2.356289066155638947e-09 0.000000000000000000e+00 0.000000000000000000e+00 5.420819175179994550e-09 0.000000000000000000e+00 0.000000000000000000e+00 0.000000000000000000e+00 0.000000000000000000e+00 7.593815636082694138e-08 1.541487466675807038e-08
1.838550883600207131e+00 -3.954766236190859422e-10 2.160001195888247257e-09 0.000000000000000000e+00 0.000000000000000000e+00 4.969166050380528411e-09 0.000000000000000000e+00 0.000000000000000000e+00 0.000000000000000000e+00 0.000000000000000000e+00 6.961099431403933645e-08 1.413054471350758285e-08
1.920289786412877620e+00 -3.625190959019646223e-10 1.980049517576594416e-09 0.000000000000000000e+00 0.000000000000000000e+00 4.555130677074068505e-09 0.000000000000000000e+00 0.000000000000000000e+00 0.000000000000000000e+00 0.000000000000000000e+00 6.381105184401135689e-08 1.295320410060402462e-08
2.005662664380989835e+00 -3.323109999673913217e-10 1.815129566610908748e-09 0.000000000000000000e+00 0.000000000000000000e+00 4.175611844901267791e-09 0.000000000000000000e+00 0.000000000000000000e+00 0.000000000000000000e+00 0.000000000000000000e+00 5.849428696606409783e-08 1.187398595382820905e-08
2.094831077973011269e+00 -3.046231153645147135e-10 1.664101851602345464e-09 0.000000000000000000e+00 0.000000000000000000e+00 3.827811657967205083e-09 0.000000000000000000e+00 0.000000000000000000e+00 0.000000000000000000e+00 0.000000000000000000e+00 5.362052736870180743e-08 1.088488200291350048e-08
2.187963770366109895e+00 -2.792316294292364841e-10 1.525555846908175860e-09 0.000000000000000000e+00 0.000000000000000000e+00 3.508947680637790550e-09 0.000000000000000000e+00 0.000000000000000000e+00 0.000000000000000000e+00 0.000000000000000000e+00 4.915287392750948738e-08 9.978121149667233331e-09
2.285236986777393398e+00 -2.559544632813750787e-10 1.398535169813993759e-09 0.000000000000000000e+00 0.000000000000000000e+00 3.216638661051636481e-09 0.000000000000000000e+00 0.000000000000000000e+00 0.000000000000000000e+00 0.000000000000000000e+00 4.505749666423490953e-08 9.146896192214585122e-09
2.386834807992079366e+00 -2.346164584104664819e-10 1.282081665772467429e-09 0.000000000000000000e+00 0.000000000000000000e+00 2.948672014451517106e-09 0.000000000000000000e+00 0.000000000000000000e+00 0.000000000000000000e+00 0.000000000000000000e+00 4.130331159261490773e-08 8.384902943749451035e-09
2.492949498719772894e+00 -2.150552945846839201e-10 1.175291545714751814e-09 0.000000000000000000e+00 0.000000000000000000e+00 2.703006624387813467e-09 0.000000000000000000e+00 0.000000000000000000e+00 0.000000000000000000e+00 0.000000000000000000e+00 3.786189154246706418e-08 7.686350257249717061e-09
2.603781871438080042e+00 -1.971260121656195955e-10 1.077419812730874308e-09 0.000000000000000000e+00 0.000000000000000000e+00 2.477817965565437881e-09 0.000000000000000000e+00 0.000000000000000000e+00 0.000000000000000000e+00 0.000000000000000000e+00 3.470724419129195482e-08 7.046012129356264811e-09
2.719541666412103709e+00 -1.806906588416489873e-10 9.876766613625683585e-10 0.000000000000000000e+00 0.000000000000000000e+00 2.271374733100574819e-09 0.000000000000000000e+00 0.000000000000000000e+00 0.000000000000000000e+00 0.000000000000000000e+00 3.181541651720657378e-08 6.458990746863462305e-09
2.840447948608971096e+00 -1.656262366236422240e-10 9.054212453658029717e-10 0.000000000000000000e+00 0.000000000000000000e+00 2.082135156332428357e-09 0.000000000000000000e+00 0.000000000000000000e+00 0.000000000000000000e+00 0.000000000000000000e+00 2.916453552297980129e-08 5.920880577873932443e-09
2.966729522258517271e+00 -1.518175402790595390e-10 8.300036187664643514e-10 0.000000000000000000e+00 0.000000000000000000e+00 1.908652255565906761e-09 0.000000000000000000e+00 0.000000000000000000e+00 0.000000000000000000e+00 0.000000000000000000e+00 2.673453858301484470e-08 5.427583485664561559e-09
3.098625363844645264e+00 -1.391714670954528650e-10 7.610799524107106790e-10 0.000000000000000000e+00 0.000000000000000000e+00 1.749735575374666324e-09 0.000000000000000000e+00 0.000000000000000000e+00 0.000000000000000000e+00 0.000000000000000000e+00 2.450702280186080532e-08 4.975593907312323539e-09
3.236385074346761037e+00 -1.275661671376744897e-10 6.977615432224209520e-10 0.000000000000000000e+00 0.000000000000000000e+00 1.603999726998074165e-09 0.000000000000000000e+00 0.000000000000000000e+00 0.000000000000000000e+00 0.000000000000000000e+00 2.246508829998161311e-08 4.561164704795262630e-09
3.380269351587102289e+00 -1.169269236321866558e-10 6.397040851920287105e-10 0.000000000000000000e+00 0.000000000000000000e+00 1.470397812066691088e-09 0.000000000000000000e+00 0.000000000000000000e+00 0.000000000000000000e+00 0.000000000000000000e+00 2.059331185190195175e-08 4.181250949006757196e-09
3.530550483577849175e+00 -1.071740877717227962e-10 5.864686487723563611e-10 0.000000000000000000e+00 0.000000000000000000e+00 1.347916447415233404e-09 0.000000000000000000e+00 0.000000000000000000e+00 0.000000000000000000e+00 0.000000000000000000e+00 1.887745652027390812e-08 3.832967723426145315e-09
3.687512863801615026e+00 -9.823240764781274556e-11 5.376357990759570770e-10 0.000000000000000000e+00 0.000000000000000000e+00 1.235621318949402667e-09 0.000000000000000000e+00 0.000000000000000000e+00 0.000000000000000000e+00 0.000000000000000000e+00 1.730458673086817094e-08 3.513668774409973670e-09
3.851453529400454379e+00 -9.003805776780043409e-11 4.928869371570674582e-10 0.000000000000000000e+00 0.000000000000000000e+00 1.132687450192987190e-09 0.000000000000000000e+00 0.000000000000000000e+00 0.000000000000000000e+00 0.000000000000000000e+00 1.586275037409642653e-08 3.220976958845478252e-09
4.022682723291851836e+00 -8.252707742394383930e-11 4.518542537567405887e-10 0.000000000000000000e+00 0.000000000000000000e+00 1.038320871536764407e-09 0.000000000000000000e+00 0.000000000000000000e+00 0.000000000000000000e+00 0.000000000000000000e+00 1.454107139404931949e-08 2.952654404107323032e-09
4.201524481275451528e+00 -7.564225082295893143e-11 4.142930332976812201e-10 0.000000000000000000e+00 0.000000000000000000e+00 9.518520993609517159e-10 0.000000000000000000e+00 0.000000000000000000e+00 0.000000000000000000e+00 0.000000000000000000e+00 1.332949192135129954e-08 2.706758194725535881e-09
4.388317245241568187e+00 -6.932785615088216187e-11 3.798232583524561727e-10 0.000000000000000000e+00 0.000000000000000000e+00 8.725700364073956664e-10 0.000000000000000000e+00 0.000000000000000000e+00 0.000000000000000000e+00 0.000000000000000000e+00 1.221888004721567440e-08 2.481321522135745205e-09
4.583414503641932036e+00 -6.353994930083776683e-11 3.482197613256530697e-10 0.000000000000000000e+00 0.000000000000000000e+00 7.998884329585691954e-10 0.000000000000000000e+00 0.000000000000000000e+00 0.000000000000000000e+00 0.000000000000000000e+00 1.120078318173657426e-08 2.274656626152122635e-09
4.787185460434682405e+00 -5.823504113231367578e-11 3.192491599983448011e-10 0.000000000000000000e+00 0.000000000000000000e+00 7.332602489279418586e-10 0.000000000000000000e+00 0.000000000000000000e+00 0.000000000000000000e+00 0.000000000000000000e+00 1.026752137228088749e-08 2.085203141345376721e-09
5.000015733769552995e+00 -5.337358174881176177e-11 2.926884129488192669e-10 0.000000000000000000e+00 0.000000000000000000e+00 6.721776233833382725e-10 0.000000000000000000e+00 0.000000000000000000e+00 0.000000000000000000e+00 0.000000000000000000e+00 9.412008170823152207e-09 1.911521286856746956e-09
5.222308085735419603e+00 -4.891873946418271449e-11 2.683974312197152445e-10 0.000000000000000000e+00 0.000000000000000000e+00 6.162178342352633972e-10 0.000000000000000000e+00 0.000000000000000000e+00 0.000000000000000000e+00 0.000000000000000000e+00 8.627794016931022369e-09 1.752377991141857532e-09
5.454483184551217612e+00 -4.483178341399100779e-11 2.460893533389896348e-10 0.000000000000000000e+00 0.000000000000000000e+00 5.649017334709788250e-10 0.000000000000000000e+00 0.000000000000000000e+00 0.000000000000000000e+00 0.000000000000000000e+00 7.908918562113298625e-09 1.606460011072433973e-09
5.696980400642586595e+00 -4.108551890642500119e-11 2.256354980816028744e-10 0.000000000000000000e+00 0.000000000000000000e+00 5.178572348236630805e-10 0.000000000000000000e+00 0.000000000000000000e+00 0.000000000000000000e+00 0.000000000000000000e+00 7.249935991066866134e-09 1.472691559069601650e-09
5.950258638110759613e+00 -3.765198153893041273e-11 2.068750470747726079e-10 0.000000000000000000e+00 0.000000000000000000e+00 4.747241045718119992e-10 0.000000000000000000e+00 0.000000000000000000e+00 0.000000000000000000e+00 0.000000000000000000e+00 6.645852780309940581e-09 1.350049799571386072e-09
6.214797203167166550e+00 -3.450501684478797669e-11 1.896944439224621310e-10 0.000000000000000000e+00 0.000000000000000000e+00 4.351950407709450875e-10 0.000000000000000000e+00 0.000000000000000000e+00 0.000000000000000000e+00 0.000000000000000000e+00 6.092116790394061627e-09 1.237648513663978886e-09
6.491096711177193335e+00 -3.161846498584323903e-11 1.739356411835990248e-10 0.000000000000000000e+00 0.000000000000000000e+00 3.989576467477678966e-10 0.000000000000000000e+00 0.000000000000000000e+00 0.000000000000000000e+00 0.000000000000000000e+00 5.584501882867647826e-09 1.134609750365637815e-09
6.779680034029589741e+00 -2.897269232554547426e-11 1.594781641138103602e-10 0.000000000000000000e+00 0.000000000000000000e+00 3.657311380759287803e-10 0.000000000000000000e+00 0.000000000000000000e+00 0.000000000000000000e+00 0.000000000000000000e+00 5.119189254789557880e-09 1.040139693181273308e-09
7.081093289624342368e+00 -2.654980204654196034e-11 1.462519119071748039e-10 0.000000000000000000e+00 0.000000000000000000e+00 3.352837864007483329e-10 0.000000000000000000e+00 0.000000000000000000e+00 0.000000000000000000e+00 0.000000000000000000e+00 4.692639566833199396e-09 9.535588239393147802e-10
7.395906875351522913e+00 -2.432721552097644088e-11 1.341236506500725822e-10 0.000000000000000000e+00 0.000000000000000000e+00 3.073748155153146918e-10 0.000000000000000000e+00 0.000000000000000000e+00 0.000000000000000000e+00 0.000000000000000000e+00 4.301630244840274648e-09 8.741980186697620636e-10
7.724716547516883303e+00 -2.228917715983737763e-11 1.229922886729070945e-10 0.000000000000000000e+00 0.000000000000000000e+00 2.817838329826649999e-10 0.000000000000000000e+00 0.000000000000000000e+00 0.000000000000000000e+00 0.000000000000000000e+00 3.943208790201095735e-09 8.014347738536959656e-10
8.068144548756912116e+00 -2.042135369775902730e-11 1.127823031160202125e-10 0.000000000000000000e+00 0.000000000000000000e+00 2.583201847332723444e-10 0.000000000000000000e+00 0.000000000000000000e+00 0.000000000000000000e+00 0.000000000000000000e+00 3.614645747693024304e-09 7.347237331839937387e-10
8.426840785576876769e+00 -1.870850079950265095e-11 1.034286942774845679e-10 0.000000000000000000e+00 0.000000000000000000e+00 2.368170312134670511e-10 0.000000000000000000e+00 0.000000000000000000e+00 0.000000000000000000e+00 0.000000000000000000e+00 3.313454303441650472e-09 6.735831234830182006e-10
8.801484058240248487e+00 -1.713850178623293212e-11 9.484869202000615976e-11 0.000000000000000000e+00 0.000000000000000000e+00 2.171014479851329933e-10 0.000000000000000000e+00 0.000000000000000000e+00 0.000000000000000000e+00 0.000000000000000000e+00 3.037364083960752864e-09 6.175283274898586426e-10
9.192783345336948742e+00 -1.570018913611683878e-11 8.699420048041896087e-11 0.000000000000000000e+00 0.000000000000000000e+00 1.990329606104401758e-10 0.000000000000000000e+00 0.000000000000000000e+00 0.000000000000000000e+00 0.000000000000000000e+00 2.784278730138842425e-09 5.661523987477161685e-10
9.601479145461361497e+00 -1.438120532235870244e-11 7.979559184227859041e-11 0.000000000000000000e+00 0.000000000000000000e+00 1.824718685323915983e-10 0.000000000000000000e+00 0.000000000000000000e+00 0.000000000000000000e+00 0.000000000000000000e+00 2.552276519201920850e-09 5.190622048758967116e-10
1.002834487853911227e+01 -1.317211585843558935e-11 7.318534877031977560e-11 0.000000000000000000e+00 0.000000000000000000e+00 1.672835009370915068e-10 0.000000000000000000e+00 0.000000000000000000e+00 0.000000000000000000e+00 0.000000000000000000e+00 2.339602558609732621e-09 4.758797476187472330e-10
1.047418834945448829e+01 -1.206329369881634625e-11 6.712662911486968403e-11 0.000000000000000000e+00 0.000000000000000000e+00 1.533626709211245786e-10 0.000000000000000000e+00 0.000000000000000000e+00 0.000000000000000000e+00 0.000000000000000000e+00 2.144647001110558533e-09 4.363007928615624006e-10
1.093985327674830188e+01 -1.104692301794119131e-11 6.157101074758459123e-11 0.000000000000000000e+00 0.000000000000000000e+00 1.405999898139890443e-10 0.000000000000000000e+00 0.000000000000000000e+00 0.000000000000000000e+00 0.000000000000000000e+00 1.965933697660585156e-09 4.000152674658784802e-10
1.142622088927908841e+01 -1.011598321133068379e-11 5.649318383706693864e-11 0.000000000000000000e+00 0.000000000000000000e+00 1.289080227052921947e-10 0.000000000000000000e+00 0.000000000000000000e+00 0.000000000000000000e+00 0.000000000000000000e+00 1.802125050020385178e-09 3.667690121884454845e-10
1.193421159386922703e+01 -9.261854324352678496e-12 5.182195675934499097e-11 0.000000000000000000e+00 0.000000000000000000e+00 1.181821151888016860e-10 0.000000000000000000e+00 0.000000000000000000e+00 0.000000000000000000e+00 0.000000000000000000e+00 1.651955002782233787e-09 3.362759129398356519e-10
1.246478671709178343e+01 -8.479231292251209465e-12 4.754675490803148828e-11 0.000000000000000000e+00 0.000000000000000000e+00 1.083531275392807443e-10 0.000000000000000000e+00 0.000000000000000000e+00 0.000000000000000000e+00 0.000000000000000000e+00 1.514291910689780927e-09 3.083299170077884035e-10
1.301895032449433032e+01 -7.761523154118378417e-12 4.362281279078622458e-11 0.000000000000000000e+00 0.000000000000000000e+00 9.934063946685674733e-11 0.000000000000000000e+00 0.000000000000000000e+00 0.000000000000000000e+00 0.000000000000000000e+00 1.388111629026303470e-09 2.827080590463853899e-10
1.359775112070238734e+01 -7.103779735299106346e-12 4.002913977356236806e-11 0.000000000000000000e+00 0.000000000000000000e+00 9.108095972798433953e-11 0.000000000000000000e+00 0.000000000000000000e+00 0.000000000000000000e+00 0.000000000000000000e+00 1.272431738710824349e-09 2.592247937824541089e-10
1.420228443399830631e+01 -6.500927523869051073e-12 3.673473264262343154e-11 0.000000000000000000e+00 0.000000000000000000e+00 8.350861953150250050e-11 0.000000000000000000e+00 0.000000000000000000e+00 0.000000000000000000e+00 0.000000000000000000e+00 1.166403972754225368e-09 2.376966253263748905e-10
1.483369428913121624e+01 -5.947910895422357814e-12 3.370999534231432696e-11 0.000000000000000000e+00 0.000000000000000000e+00 7.656572686084672298e-11 0.000000000000000000e+00 0.000000000000000000e+00 0.000000000000000000e+00 0.000000000000000000e+00 1.069196441060623236e-09 2.179590010582277260e-10
1.549317557228063258e+01 -5.441529370574692150e-12 3.094613665272192639e-11 0.000000000000000000e+00 0.000000000000000000e+00 7.020473848656054369e-11 0.000000000000000000e+00 0.000000000000000000e+00 0.000000000000000000e+00 0.000000000000000000e+00 9.800991953899515404e-10 1.998735857288981645e-10
1.618197629227075041e+01 -4.976883632841913097e-12 2.840257035132400517e-11 0.000000000000000000e+00 0.000000000000000000e+00 6.436932337112176465e-11 0.000000000000000000e+00 0.000000000000000000e+00 0.000000000000000000e+00 0.000000000000000000e+00 8.984193222621352365e-10 1.832853888072609608e-10
1.690139994231451581e+01 -4.550937434883715902e-12 2.607353024439238512e-11 0.000000000000000000e+00 0.000000000000000000e+00 5.902140378625805766e-11 0.000000000000000000e+00 0.000000000000000000e+00 0.000000000000000000e+00 0.000000000000000000e+00 8.235508552071455656e-10 1.680827286197820060e-10
1.765280796675694930e+01 -4.160813735444020025e-12 2.394200686238508479e-11 0.000000000000000000e+00 0.000000000000000000e+00 5.412025307350751525e-11 0.000000000000000000e+00 0.000000000000000000e+00 0.000000000000000000e+00 0.000000000000000000e+00 7.549186732766741487e-10 1.541493026144985215e-10
1.843762233748569912e+01 -3.802869717583745584e-12 2.198313740087421650e-11 0.000000000000000000e+00 0.000000000000000000e+00 4.962553599591272199e-11 0.000000000000000000e+00 0.000000000000000000e+00 0.000000000000000000e+00 0.000000000000000000e+00 6.920003495124673951e-10 1.413725513780765261e-10
1.925732824488454753e+01 -3.474908707112293827e-12 2.019032817822574248e-11 0.000000000000000000e+00 0.000000000000000000e+00 4.550639046931164473e-11 0.000000000000000000e+00 0.000000000000000000e+00 0.000000000000000000e+00 0.000000000000000000e+00 6.343269413381050931e-10 1.296629578719956447e-10
2.011347690842221425e+01 -3.174303357929836241e-12 1.854553709440404773e-11 0.000000000000000000e+00 0.000000000000000000e+00 4.172949643510305820e-11 0.000000000000000000e+00 0.000000000000000000e+00 0.000000000000000000e+00 0.000000000000000000e+00 5.814674903325109366e-10 1.189273214645891135e-10
2.100768851219521594e+01 -2.898610292974634774e-12 1.703571576376373004e-11 0.000000000000000000e+00 0.000000000000000000e+00 3.826665526324571476e-11 0.000000000000000000e+00 0.000000000000000000e+00 0.000000000000000000e+00 0.000000000000000000e+00 5.330023313146608518e-10 1.090845975228444611e-10
2.194165527098010315e+01 -2.645839030025933857e-12 1.565209384032168068e-11 0.000000000000000000e+00 0.000000000000000000e+00 3.509254687515899575e-11 0.000000000000000000e+00 0.000000000000000000e+00 0.000000000000000000e+00 0.000000000000000000e+00 4.885798714155295966e-10 1.000629659192122110e-10
2.291714463259722478e+01 -2.414200866711372838e-12 1.438391989977041286e-11 0.000000000000000000e+00 0.000000000000000000e+00 3.218287600996009306e-11 0.000000000000000000e+00 0.000000000000000000e+00 0.000000000000000000e+00 0.000000000000000000e+00 4.478594221140286900e-10 9.179304428695956557e-11
2.393600262264625655e+01 -2.202013847979169921e-12 1.322378507716433960e-11 0.000000000000000000e+00 0.000000000000000000e+00 2.951639997681302370e-11 0.000000000000000000e+00 0.000000000000000000e+00 0.000000000000000000e+00 0.000000000000000000e+00 4.105307404942202184e-10 8.421403598594770329e-11
2.500015733794308304e+01 -2.007427938596736964e-12 1.215762099091999138e-11 0.000000000000000000e+00 0.000000000000000000e+00 2.707088336160250478e-11 0.000000000000000000e+00 0.000000000000000000e+00 0.000000000000000000e+00 0.000000000000000000e+00 3.763123153020855221e-10 7.726401021837382184e-11
2.611162259526905771e+01 -1.829101081291735028e-12 1.118057981244690080e-11 0.000000000000000000e+00 0.000000000000000000e+00 2.482917463571441631e-11 0.000000000000000000e+00 0.000000000000000000e+00 0.000000000000000000e+00 0.000000000000000000e+00 3.449492869036855618e-10 7.089352279551615583e-11
2.727250174233754620e+01 -1.665688883829473382e-12 1.028585249604221630e-11 0.000000000000000000e+00 0.000000000000000000e+00 2.277455628653441337e-11 0.000000000000000000e+00 0.000000000000000000e+00 0.000000000000000000e+00 0.000000000000000000e+00 3.161969242980806979e-10 6.505471971310714687e-11
2.848499163818970814e+01 -1.515865988398482923e-12 9.464500338719515551e-12 0.000000000000000000e+00 0.000000000000000000e+00 2.089054548516663850e-11 0.000000000000000000e+00 0.000000000000000000e+00 0.000000000000000000e+00 0.000000000000000000e+00 2.898439454281303322e-10 5.970143725915867838e-11
2.975138681055199186e+01 -1.378648840086340454e-12 8.713022872963869890e-12 0.000000000000000000e+00 0.000000000000000000e+00 1.916391964658361239e-11 0.000000000000000000e+00 0.000000000000000000e+00 0.000000000000000000e+00 0.000000000000000000e+00 2.656840720844068850e-10 5.479535622421667079e-11
3.107408379802284770e+01 -1.252719202740835172e-12 8.021056826302115104e-12 0.000000000000000000e+00 0.000000000000000000e+00 1.758002611847233040e-11 0.000000000000000000e+00 0.000000000000000000e+00 0.000000000000000000e+00 0.000000000000000000e+00 2.435389998019872409e-10 5.029560497576446061e-11
3.245558568530577048e+01 -1.137422627249675917e-12 7.388341646405427420e-12 0.000000000000000000e+00 0.000000000000000000e+00 1.612855778210535425e-11 0.000000000000000000e+00 0.000000000000000000e+00 0.000000000000000000e+00 0.000000000000000000e+00 2.232381536771972672e-10 4.617209249482487055e-11
3.389850684007124926e+01 -1.031858779575543810e-12 6.809020995347616119e-12 0.000000000000000000e+00 0.000000000000000000e+00 1.479797803091296004e-11 0.000000000000000000e+00 0.000000000000000000e+00 0.000000000000000000e+00 0.000000000000000000e+00 2.046337900144874212e-10 4.239269687590870507e-11
3.540557786041171795e+01 -9.350446441598850350e-13 6.277045475541281072e-12 0.000000000000000000e+00 0.000000000000000000e+00 1.357801107622556303e-11 0.000000000000000000e+00 0.000000000000000000e+00 0.000000000000000000e+00 0.000000000000000000e+00 1.875779395987503366e-10 3.892779747765753496e-11
3.697965074225202642e+01 -8.463672197787833367e-13 5.788628861316846465e-12 0.000000000000000000e+00 0.000000000000000000e+00 1.245918674238949134e-11 0.000000000000000000e+00 0.000000000000000000e+00 0.000000000000000000e+00 0.000000000000000000e+00 1.719428325269123016e-10 3.575058401031287470e-11
3.862370427649444338e+01 -7.651479217542516619e-13 5.341700052080696269e-12 0.000000000000000000e+00 0.000000000000000000e+00 1.143385450581450452e-11 0.000000000000000000e+00 0.000000000000000000e+00 0.000000000000000000e+00 0.000000000000000000e+00 1.576118989535433686e-10 3.283920444899556788e-11
4.034084968611161770e+01 -6.907893703110892066e-13 4.931920880548221014e-12 0.000000000000000000e+00 0.000000000000000000e+00 1.049370996598099867e-11 0.000000000000000000e+00 0.000000000000000000e+00 0.000000000000000000e+00 0.000000000000000000e+00 1.444774468516823621e-10 3.017033043476719053e-11
4.213433651385538070e+01 -6.227080506684370238e-13 4.555932199696538627e-12 0.000000000000000000e+00 0.000000000000000000e+00 9.631596779473134291e-12 0.000000000000000000e+00 0.000000000000000000e+00 0.000000000000000000e+00 0.000000000000000000e+00 1.324351238217577644e-10 2.772333275613858037e-11
4.400755877172315422e+01 -5.603494617885767338e-13 4.210843937364998823e-12 0.000000000000000000e+00 0.000000000000000000e+00 8.841141793743516300e-12 0.000000000000000000e+00 0.000000000000000000e+00 0.000000000000000000e+00 0.000000000000000000e+00 1.214001692993425010e-10 2.548023821338871697e-11
4.596406136381946084e+01 -5.033090525518125674e-13 3.895094821785440102e-12 0.000000000000000000e+00 0.000000000000000000e+00 8.116621319435008901e-12 0.000000000000000000e+00 0.000000000000000000e+00 0.000000000000000000e+00 0.000000000000000000e+00 1.112835255648215550e-10 2.342465458549074172e-11
4.800754679476705888e+01 -4.511561003801873239e-13 3.606036299072456020e-12 0.000000000000000000e+00 0.000000000000000000e+00 7.452381448426767731e-12 0.000000000000000000e+00 0.000000000000000000e+00 0.000000000000000000e+00 0.000000000000000000e+00 1.020121072437322312e-10 2.154075486695828364e-11
5.014188217636289124e+01 -4.034478793899646890e-13 3.340430632701142473e-12 0.000000000000000000e+00 0.000000000000000000e+00 6.843130201639716592e-12 0.000000000000000000e+00 0.000000000000000000e+00 0.000000000000000000e+00 0.000000000000000000e+00 9.351083006124537960e-11 1.981322456595016435e-11
5.237110654573820057e+01 -3.598662550266333168e-13 3.097516497041439008e-12 0.000000000000000000e+00 0.000000000000000000e+00 6.284658513675652610e-12 0.000000000000000000e+00 0.000000000000000000e+00 0.000000000000000000e+00 0.000000000000000000e+00 8.572101251189354082e-11 1.823039100312196139e-11
5.469943850887192127e+01 -3.200364542322054733e-13 2.874447435857121833e-12 0.000000000000000000e+00 0.000000000000000000e+00 5.772523644891453919e-12 0.000000000000000000e+00 0.000000000000000000e+00 0.000000000000000000e+00 0.000000000000000000e+00 7.858141615406194149e-11 1.677928200480723597e-11
5.713128422392179573e+01 -2.837002380030185356e-13 2.670077705495003777e-12 0.000000000000000000e+00 0.000000000000000000e+00 5.302878903650881075e-12 0.000000000000000000e+00 0.000000000000000000e+00 0.000000000000000000e+00 0.000000000000000000e+00 7.203609234201988370e-11 1.544915293284426071e-11
5.967124573948116506e+01 -2.505724254203012512e-13 2.483143190117606669e-12 0.000000000000000000e+00 0.000000000000000000e+00 4.872347986662344308e-12 0.000000000000000000e+00 0.000000000000000000e+00 0.000000000000000000e+00 0.000000000000000000e+00 6.603676209050149858e-11 1.423046713147233085e-11
6.232412970354067028e+01 -2.203864638486033433e-13 2.311283263396418707e-12 0.000000000000000000e+00 0.000000000000000000e+00 4.477406720127518583e-12 0.000000000000000000e+00 0.000000000000000000e+00 0.000000000000000000e+00 0.000000000000000000e+00 6.053819396429632208e-11 1.311291567520496889e-11
6.509495645963586696e+01 -1.929405628849450178e-13 2.154528297532792396e-12 0.000000000000000000e+00 0.000000000000000000e+00 4.115450983612192114e-12 0.000000000000000000e+00 0.000000000000000000e+00 0.000000000000000000e+00 0.000000000000000000e+00 5.549766337693537156e-11 1.208942689979534625e-11
6.798896954739448972e+01 -1.680050071609099335e-13 2.010534523447933818e-12 0.000000000000000000e+00 0.000000000000000000e+00 3.783441480933998961e-12 0.000000000000000000e+00 0.000000000000000000e+00 0.000000000000000000e+00 0.000000000000000000e+00 5.087699052654547387e-11 1.115103239528264528e-11
7.101164562546192371e+01 -1.454210064869792691e-13 1.879202184535628598e-12 0.000000000000000000e+00 0.000000000000000000e+00 3.479092101827442985e-12 0.000000000000000000e+00 0.000000000000000000e+00 0.000000000000000000e+00 0.000000000000000000e+00 4.664181798013062017e-11 1.029155747318312927e-11
7.416870483558362537e+01 -1.249828403515867804e-13 1.758664115362940815e-12 0.000000000000000000e+00 0.000000000000000000e+00 3.199996238979832119e-12 0.000000000000000000e+00 0.000000000000000000e+00 0.000000000000000000e+00 0.000000000000000000e+00 4.275962185065109067e-11 9.503725562618635188e-12
7.746612162745724106e+01 -1.065669427914495575e-13 1.648691250780165442e-12 0.000000000000000000e+00 0.000000000000000000e+00 2.944127715946000292e-12 0.000000000000000000e+00 0.000000000000000000e+00 0.000000000000000000e+00 0.000000000000000000e+00 3.920125814641397359e-11 8.782162575887380301e-12
8.091013606483961951e+01 -9.000360029837168394e-14 1.547815269947098022e-12 0.000000000000000000e+00 0.000000000000000000e+00 2.709543995633965507e-12 0.000000000000000000e+00 0.000000000000000000e+00 0.000000000000000000e+00 0.000000000000000000e+00 3.593938959978531167e-11 8.120838880339885968e-12
8.450726563430438887e+01 -7.518987332601413371e-14 1.455785942058332122e-12 0.000000000000000000e+00 0.000000000000000000e+00 2.494525002797055318e-12 0.000000000000000000e+00 0.000000000000000000e+00 0.000000000000000000e+00 0.000000000000000000e+00 3.294879819674434402e-11 7.515134540000911013e-12
8.826431757899723607e+01 -6.200768541207051775e-14 1.371907887478064921e-12 0.000000000000000000e+00 0.000000000000000000e+00 2.297504925557675910e-12 0.000000000000000000e+00 0.000000000000000000e+00 0.000000000000000000e+00 0.000000000000000000e+00 3.020727537921854343e-11 6.960492556240665159e-12
9.218840178072943559e+01 -5.035895802775569005e-14 1.295661342635562666e-12 0.000000000000000000e+00 0.000000000000000000e+00 2.117015549185016319e-12 0.000000000000000000e+00 0.000000000000000000e+00 0.000000000000000000e+00 0.000000000000000000e+00 2.769373524831703276e-11 6.452731878467720845e-12
9.628694421478752474e+01 -4.014332645964121078e-14 1.226097249217454247e-12 0.000000000000000000e+00 0.000000000000000000e+00 1.951701232957755530e-12 0.000000000000000000e+00 0.000000000000000000e+00 0.000000000000000000e+00 0.000000000000000000e+00 2.538993086504435014e-11 5.987729119417445563e-12
1.005677010029216234e+02 -3.128503154410923323e-14 1.162762695359903019e-12 0.000000000000000000e+00 0.000000000000000000e+00 1.800355803711640403e-12 0.000000000000000000e+00 0.000000000000000000e+00 0.000000000000000000e+00 0.000000000000000000e+00 2.327789805654913069e-11 5.561970533635810708e-12
1.050387730911060089e+02 -2.371239752816967838e-14 1.105623759784333777e-12 0.000000000000000000e+00 0.000000000000000000e+00 1.661940618853405088e-12 0.000000000000000000e+00 0.000000000000000000e+00 0.000000000000000000e+00 0.000000000000000000e+00 2.134128697163328252e-11 5.172580601386152860e-12
1.097086215798481419e+02 -1.735880161962777369e-14 1.054119874808339752e-12 0.000000000000000000e+00 0.000000000000000000e+00 1.535408545922066818e-12 0.000000000000000000e+00 0.000000000000000000e+00 0.000000000000000000e+00 0.000000000000000000e+00 1.956556618601513812e-11 4.816433380860272763e-12
1.145860837360586260e+02 -1.215568951307330447e-14 1.007337643513678053e-12 0.000000000000000000e+00 0.000000000000000000e+00 1.419888541261749526e-12 0.000000000000000000e+00 0.000000000000000000e+00 0.000000000000000000e+00 0.000000000000000000e+00 1.793781462220029668e-11 4.490360923173541982e-12
1.196803897167805388e+02 -8.053979160705392445e-15 9.660163522169927471e-13 0.000000000000000000e+00 0.000000000000000000e+00 1.314602439437949946e-12 0.000000000000000000e+00 0.000000000000000000e+00 0.000000000000000000e+00 0.000000000000000000e+00 1.644497826286406718e-11 4.192751738129915480e-12
1.250011800364298011e+02 -4.992583568283004513e-15 9.288755299858297466e-13 0.000000000000000000e+00 0.000000000000000000e+00 1.218812362018488880e-12 0.000000000000000000e+00 0.000000000000000000e+00 0.000000000000000000e+00 0.000000000000000000e+00 1.507654911836428474e-11 3.920475276779113603e-12
1.305585238105978192e+02 -2.914552729817744239e-15 8.963190364234022299e-13 0.000000000000000000e+00 0.000000000000000000e+00 1.131926576892923109e-12 0.000000000000000000e+00 0.000000000000000000e+00 0.000000000000000000e+00 0.000000000000000000e+00 1.382186233716806305e-11 3.671941700512554686e-12
1.363629378109453114e+02 -1.759113774217049450e-15 8.683624993205704620e-13 0.000000000000000000e+00 0.000000000000000000e+00 1.053387983642942296e-12 0.000000000000000000e+00 0.000000000000000000e+00 0.000000000000000000e+00 0.000000000000000000e+00 1.267176124636679700e-11 3.445414143623591340e-12
1.424254063672426582e+02 -1.455167388511575088e-15 8.443185218179545634e-13 0.000000000000000000e+00 0.000000000000000000e+00 9.827452577892053204e-13 0.000000000000000000e+00 0.000000000000000000e+00 0.000000000000000000e+00 0.000000000000000000e+00 1.161775875681725229e-11 3.238628301435329749e-12
1.487574021542239677e+02 -1.924998307168838392e-15 8.245385241003902890e-13 0.000000000000000000e+00 0.000000000000000000e+00 9.196140950209705809e-13 0.000000000000000000e+00 0.000000000000000000e+00 0.000000000000000000e+00 0.000000000000000000e+00 1.065172795078475441e-11 3.050263666857535429e-12
1.553709079025877600e+02 -3.061671098018608706e-15 8.089639928726344058e-13 0.000000000000000000e+00 0.000000000000000000e+00 8.637463006125734037e-13 0.000000000000000000e+00 0.000000000000000000e+00 0.000000000000000000e+00 0.000000000000000000e+00 9.766393089745898473e-12 2.878797817195680337e-12
1.622784390752347861e+02 -4.738781616417063746e-15 7.977987989018922987e-13 0.000000000000000000e+00 0.000000000000000000e+00 8.149634618854776804e-13 0.000000000000000000e+00 0.000000000000000000e+00 0.000000000000000000e+00 0.000000000000000000e+00 8.955256803545561993e-12 2.722915902295973409e-12
1.694930675516510235e+02 -6.792714797897847220e-15 7.910338392090846013e-13 0.000000000000000000e+00 0.000000000000000000e+00 7.732111827745210001e-13 0.000000000000000000e+00 0.000000000000000000e+00 0.000000000000000000e+00 0.000000000000000000e+00 8.212233892054216395e-12 2.581149319842775840e-12
1.770284463652615727e+02 -9.017556277293322409e-15 7.892929746902235496e-13 0.000000000000000000e+00 0.000000000000000000e+00 7.385791766721437883e-13 0.000000000000000000e+00 0.000000000000000000e+00 0.000000000000000000e+00 0.000000000000000000e+00 7.531886660295475033e-12 2.452614724764228371e-12
1.848988355405630273e+02 -1.114031455905147418e-14 7.922879056321168353e-13 0.000000000000000000e+00 0.000000000000000000e+00 7.113455325668744012e-13 0.000000000000000000e+00 0.000000000000000000e+00 0.000000000000000000e+00 0.000000000000000000e+00 6.909071796026098314e-12 2.335416118056961728e-12
1.931191290789346340e+02 -1.283883266095078163e-14 8.016728782618139784e-13 0.000000000000000000e+00 0.000000000000000000e+00 6.920289847414880149e-13 0.000000000000000000e+00 0.000000000000000000e+00 0.000000000000000000e+00 0.000000000000000000e+00 6.339356265208590419e-12 2.229572472139357385e-12
2.017048831441905747e+02 -1.368254517818747445e-14 8.172670528124133998e-13 0.000000000000000000e+00 0.000000000000000000e+00 6.814678896852555928e-13 0.000000000000000000e+00 0.000000000000000000e+00 0.000000000000000000e+00 0.000000000000000000e+00 5.818495119686524061e-12 2.133038677412323632e-12
2.106723455012179329e+02 -1.317018762227399250e-14 8.404079987805628155e-13 0.000000000000000000e+00 0.000000000000000000e+00 6.809649261491290348e-13 0.000000000000000000e+00 0.000000000000000000e+00 0.000000000000000000e+00 0.000000000000000000e+00 5.342587510413998256e-12 2.045043553008526941e-12
2.200384862634040246e+02 -1.069628644933886115e-14 8.724096527596541721e-13 0.000000000000000000e+00 0.000000000000000000e+00 6.925009943467069053e-13 0.000000000000000000e+00 0.000000000000000000e+00 0.000000000000000000e+00 0.000000000000000000e+00 4.908271981202059652e-12 1.964498342747794365e-12
2.298210300070466019e+02 -5.565501291783601862e-15 9.143664180978549481e-13 0.000000000000000000e+00 0.000000000000000000e+00 7.190543946764943509e-13 0.000000000000000000e+00 0.000000000000000000e+00 0.000000000000000000e+00 0.000000000000000000e+00 4.512103021349823066e-12 1.889773173511664334e-12
2.400384893135133382e+02 2.947234896525957424e-15 9.682407214097751602e-13 0.000000000000000000e+00 0.000000000000000000e+00 7.650616383150424132e-13 0.000000000000000000e+00 0.000000000000000000e+00 0.000000000000000000e+00 0.000000000000000000e+00 4.151075063186851215e-12 1.819795207235659855e-12
2.507101998026336389e+02 1.554681568969332682e-14 1.036187821261067504e-12 0.000000000000000000e+00 0.000000000000000000e+00 8.370420625295675820e-13 0.000000000000000000e+00 0.000000000000000000e+00 0.000000000000000000e+00 0.000000000000000000e+00 3.822371199831660551e-12 1.753271260858417849e-12
2.618563567236125778e+02 3.275533972658027726e-14 1.119572831162518242e-12 0.000000000000000000e+00 0.000000000000000000e+00 9.441998901705254367e-13 0.000000000000000000e+00 0.000000000000000000e+00 0.000000000000000000e+00 0.000000000000000000e+00 3.523289143628412665e-12 1.688168545905295657e-12
2.734980531727196080e+02 5.468108042643704641e-14 1.219381186235177310e-12 0.000000000000000000e+00 0.000000000000000000e+00 1.098782722415397483e-12 0.000000000000000000e+00 0.000000000000000000e+00 0.000000000000000000e+00 0.000000000000000000e+00 3.251423313984049853e-12 1.622976714954536428e-12
2.856573200100691565e+02 8.071764785437287178e-14 1.334090161863439803e-12 0.000000000000000000e+00 0.000000000000000000e+00 1.314755808434809924e-12 0.000000000000000000e+00 0.000000000000000000e+00 0.000000000000000000e+00 0.000000000000000000e+00 3.004603528089483597e-12 1.556044309536849181e-12
2.983571675510349905e+02 1.092211595010490431e-13 1.457328735784808980e-12 0.000000000000000000e+00 0.000000000000000000e+00 1.602544008681656794e-12 0.000000000000000000e+00 0.000000000000000000e+00 0.000000000000000000e+00 0.000000000000000000e+00 2.780617367588246454e-12 1.485863035259207937e-12
3.116216291111976489e+02 1.373374606108954262e-13 1.574460691307888924e-12 0.000000000000000000e+00 0.000000000000000000e+00 1.957275295698450818e-12 0.000000000000000000e+00 0.000000000000000000e+00 0.000000000000000000e+00 0.000000000000000000e+00 2.577435410578313377e-12 1.411555053719218771e-12
3.254758064872232239e+02 1.612105434177205408e-13 1.660348006342863897e-12 0.000000000000000000e+00 0.000000000000000000e+00 2.340354324374255125e-12 0.000000000000000000e+00 0.000000000000000000e+00 0.000000000000000000e+00 0.000000000000000000e+00 2.393113705029362131e-12 1.332852346974353320e-12
3.399459174597515698e+02 1.769720091475246762e-13 1.684920990768792829e-12 0.000000000000000000e+00 0.000000000000000000e+00 2.669576760411301674e-12 0.000000000000000000e+00 0.000000000000000000e+00 0.000000000000000000e+00 0.000000000000000000e+00 2.225739507062848419e-12 1.250774732149314999e-12
3.550593454081774212e+02 1.819811582880289736e-13 1.627530207184386078e-12 0.000000000000000000e+00 0.000000000000000000e+00 2.843126053504683037e-12 0.000000000000000000e+00 0.000000000000000000e+00 0.000000000000000000e+00 0.000000000000000000e+00 2.073292076724689682e-12 1.166949694428583568e-12
3.708446911312281600e+02 1.759087301150037966e-13 1.493712210316827994e-12 0.000000000000000000e+00 0.000000000000000000e+00 2.800500720551237324e-12 0.000000000000000000e+00 0.000000000000000000e+00 0.000000000000000000e+00 0.000000000000000000e+00 1.933621127083344681e-12 1.083127801004524009e-12
3.873318269713919904e+02 1.609543404875473535e-13 1.315612254041910396e-12 0.000000000000000000e+00 0.000000000000000000e+00 2.565491521310872089e-12 0.000000000000000000e+00 0.000000000000000000e+00 0.000000000000000000e+00 0.000000000000000000e+00 1.804505470451186556e-12 1.001080130455974554e-12
4.045519533456335921e+02 1.405287732820391504e-13 1.130958829462544275e-12 0.000000000000000000e+00 0.000000000000000000e+00 2.221319165554789706e-12 0.000000000000000000e+00 0.000000000000000000e+00 0.000000000000000000e+00 0.000000000000000000e+00 1.683925506750781025e-12 9.219065426041196632e-13
4.225376577893648573e+02 1.182835815714134865e-13 9.674079656220482734e-13 0.000000000000000000e+00 0.000000000000000000e+00 1.855017067360508661e-12 0.000000000000000000e+00 0.000000000000000000e+00 0.000000000000000000e+00 0.000000000000000000e+00 1.570485869642651821e-12 8.471420311650557853e-13
4.413229766254188462e+02 9.692045375547624152e-14 8.366362109690984016e-13 0.000000000000000000e+00 0.000000000000000000e+00 1.522915251606476658e-12 0.000000000000000000e+00 0.000000000000000000e+00 0.000000000000000000e+00 0.000000000000000000e+00 1.463640252793338194e-12 7.780282459023464345e-13
4.609434593747161557e+02 7.808506552458562022e-14 7.397976975183225774e-13 0.000000000000000000e+00 0.000000000000000000e+00 1.249873796058444978e-12 0.000000000000000000e+00 0.000000000000000000e+00 0.000000000000000000e+00 0.000000000000000000e+00 1.363627178319343423e-12 7.155333291446578107e-13
4.814362360305290167e+02 6.272054599810335066e-14 6.741609076075381304e-13 0.000000000000000000e+00 0.000000000000000000e+00 1.041417323395465794e-12 0.000000000000000000e+00 0.000000000000000000e+00 0.000000000000000000e+00 0.000000000000000000e+00 1.271035619536876257e-12 6.605211978982078582e-13
5.028400873236400912e+02 5.128928257143903670e-14 6.350327594771044493e-13 0.000000000000000000e+00 0.000000000000000000e+00 8.950052849948431717e-13 0.000000000000000000e+00 0.000000000000000000e+00 0.000000000000000000e+00 0.000000000000000000e+00 1.186416781917468583e-12 6.130250273980796167e-13
5.251955181113798972e+02 4.417135914523534256e-14 6.186528115742627180e-13 0.000000000000000000e+00 0.000000000000000000e+00 8.066397197272272814e-13 0.000000000000000000e+00 0.000000000000000000e+00 0.000000000000000000e+00 0.000000000000000000e+00 1.110070893299872227e-12 5.727753394737642589e-13
5.485448340294104810e+02 4.162495137682188630e-14 6.217087927609181634e-13 0.000000000000000000e+00 0.000000000000000000e+00 7.740016729818547898e-13 0.000000000000000000e+00 0.000000000000000000e+00 0.000000000000000000e+00 0.000000000000000000e+00 1.042151779711061142e-12 5.389245677543924110e-13
5.729322215513284391e+02 4.357455991062298418e-14 6.406261911071334986e-13 0.000000000000000000e+00 0.000000000000000000e+00 7.969550731654320998e-13 0.000000000000000000e+00 0.000000000000000000e+00 0.000000000000000000e+00 0.000000000000000000e+00 9.826136301343563718e-13 5.101815635382605515e-13
5.984038316075743751e+02 4.914321899976390382e-14 6.696275084784197432e-13 0.000000000000000000e+00 0.000000000000000000e+00 8.740828628673134122e-13 0.000000000000000000e+00 0.000000000000000000e+00 0.000000000000000000e+00 0.000000000000000000e+00 9.309842139315616070e-13 4.847751252887521651e-13
6.250078669219093399e+02 5.626225545867271874e-14 6.974465592897836906e-13 0.000000000000000000e+00 0.000000000000000000e+00 9.923435844094305242e-13 0.000000000000000000e+00 0.000000000000000000e+00 0.000000000000000000e+00 0.000000000000000000e+00 8.861662424993343188e-13 4.607711499680586529e-13
6.527946732307157163e+02 6.187433915001269325e-14 7.057521848546789732e-13 0.000000000000000000e+00 0.000000000000000000e+00 1.111308294212305773e-12 0.000000000000000000e+00 0.000000000000000000e+00 0.000000000000000000e+00 0.000000000000000000e+00 8.463555673732293673e-13 4.367191481381445220e-13
6.818168345577655600e+02 6.302365051757119033e-14 6.769942018448662388e-13 0.000000000000000000e+00 0.000000000000000000e+00 1.164808750097372898e-12 0.000000000000000000e+00 0.000000000000000000e+00 0.000000000000000000e+00 0.000000000000000000e+00 8.092036683514023652e-13 4.118681753553584346e-13
7.121292727247354151e+02 5.853238706349124619e-14 6.120048019553360826e-13 0.000000000000000000e+00 0.000000000000000000e+00 1.107666653236505856e-12 0.000000000000000000e+00 0.000000000000000000e+00 0.000000000000000000e+00 0.000000000000000000e+00 7.727341467368542248e-13 3.862955756957946046e-13
7.437893512858045142e+02 4.971701317995223908e-14 5.331083665847739721e-13 0.000000000000000000e+00 0.000000000000000000e+00 9.607612420648773382e-13 0.000000000000000000e+00 0.000000000000000000e+00 0.000000000000000000e+00 0.000000000000000000e+00 7.365600557410251021e-13 3.605204031877285966e-13
7.768569840829987925e+02 3.949281069878468677e-14 4.645578006573661821e-13 0.000000000000000000e+00 0.000000000000000000e+00 7.856137627231016505e-13 0.000000000000000000e+00 0.000000000000000000e+00 0.000000000000000000e+00 0.000000000000000000e+00 7.021319786567978580e-13 3.357505086300413114e-13
8.113947486277374992e+02 3.073827414933094505e-14 4.177828023000100383e-13 0.000000000000000000e+00 0.000000000000000000e+00 6.344447879532798373e-13 0.000000000000000000e+00 0.000000000000000000e+00 0.000000000000000000e+00 0.000000000000000000e+00 6.712983494031092507e-13 3.135883168269317666e-13
8.474680045231206122e+02 2.540611847668431726e-14 3.930517254928534471e-13 0.000000000000000000e+00 0.000000000000000000e+00 5.352449310751582003e-13 0.000000000000000000e+00 0.000000000000000000e+00 0.000000000000000000e+00 0.000000000000000000e+00 6.452833398180897177e-13 2.953005246569473024e-13
8.851450171510871314e+02 2.430086290117738169e-14 3.851434657674185437e-13 0.000000000000000000e+00 0.000000000000000000e+00 4.978968694538342091e-13 0.000000000000000000e+00 0.000000000000000000e+00 0.000000000000000000e+00 0.000000000000000000e+00 6.251056129885077482e-13 2.810996129938459727e-13
9.244970868584839536e+02 2.672303416087528686e-14 3.868544764289244894e-13 0.000000000000000000e+00 0.000000000000000000e+00 5.174645527316638061e-13 0.000000000000000000e+00 0.000000000000000000e+00 0.000000000000000000e+00 0.000000000000000000e+00 6.111103828117755879e-13 2.698361812744090539e-13
9.655986838865461550e+02 3.014996167734137174e-14 3.874611758988744310e-13 0.000000000000000000e+00 0.000000000000000000e+00 5.682924783550495222e-13 0.000000000000000000e+00 0.000000000000000000e+00 0.000000000000000000e+00 0.000000000000000000e+00 6.018998923244714749e-13 2.594294550445866351e-13
1.008527589299101805e+03 3.115296732236063227e-14 3.722095263171034373e-13 0.000000000000000000e+00 0.000000000000000000e+00 5.976519358836342446e-13 0.000000000000000000e+00 0.000000000000000000e+00 0.000000000000000000e+00 0.000000000000000000e+00 5.940719512510762714e-13 2.479585814520535811e-13
1.053365042176224733e+03 2.788639086505700049e-14 3.367304734820863080e-13 0.000000000000000000e+00 0.000000000000000000e+00 5.589611051323784279e-13 0.000000000000000000e+00 0.000000000000000000e+00 0.000000000000000000e+00 0.000000000000000000e+00 5.839118756302002067e-13 2.347469415982343700e-13
1.100195893351855602e+03 2.187676323987598745e-14 2.973903533891024117e-13 0.000000000000000000e+00 0.000000000000000000e+00 4.675015923939514748e-13 0.000000000000000000e+00 0.000000000000000000e+00 0.000000000000000000e+00 0.000000000000000000e+00 5.711705024760938401e-13 2.207151710195221590e-13
1.149108765986357412e+03 1.678962738271339862e-14 2.705917504230525089e-13 0.000000000000000000e+00 0.000000000000000000e+00 3.785626417238375139e-13 0.000000000000000000e+00 0.000000000000000000e+00 0.000000000000000000e+00 0.000000000000000000e+00 5.592588475459772905e-13 2.080627226899677635e-13
1.200196223277841000e+03 1.536310573151326365e-14 2.584688499292477857e-13 0.000000000000000000e+00 0.000000000000000000e+00 3.353437835943398922e-13 0.000000000000000000e+00 0.000000000000000000e+00 0.000000000000000000e+00 0.000000000000000000e+00 5.517266824662905484e-13 1.983786713205628322e-13
1.253554943629676245e+03 1.736452903145015190e-14 2.550294092539353593e-13 0.000000000000000000e+00 0.000000000000000000e+00 3.468706475175006612e-13 0.000000000000000000e+00 0.000000000000000000e+00 0.000000000000000000e+00 0.000000000000000000e+00 5.502817678133507021e-13 1.910407027486541660e-13
1.309285903605635212e+03 1.946630850914988409e-14 2.491455349234257955e-13 0.000000000000000000e+00 0.000000000000000000e+00 3.760566022001687301e-13 0.000000000000000000e+00 0.000000000000000000e+00 0.000000000000000000e+00 0.000000000000000000e+00 5.527134478124203472e-13 1.835455882414958666e-13
1.367494569018940865e+03 1.811323159433613962e-14 2.296248668228096465e-13 0.000000000000000000e+00 0.000000000000000000e+00 3.658318646853170018e-13 0.000000000000000000e+00 0.000000000000000000e+00 0.000000000000000000e+00 0.000000000000000000e+00 5.545641032589010305e-13 1.742629716339005861e-13
1.428291094516789599e+03 1.374989607070692780e-14 2.059080363465553332e-13 0.000000000000000000e+00 0.000000000000000000e+00 3.091946371860021784e-13 0.000000000000000000e+00 0.000000000000000000e+00 0.000000000000000000e+00 0.000000000000000000e+00 5.548275835139572755e-13 1.642735510690451342e-13
1.491790532038094852e+03 1.062710490430090453e-14 1.923706165171701235e-13 0.000000000000000000e+00 0.000000000000000000e+00 2.525114727272531545e-13 0.000000000000000000e+00 0.000000000000000000e+00 0.000000000000000000e+00 0.000000000000000000e+00 5.566808424253587925e-13 1.566933102571879251e-13
1.558113048538887824e+03 1.115105329913356076e-14 1.882867560511233382e-13 0.000000000000000000e+00 0.000000000000000000e+00 2.392402328788875364e-13 0.000000000000000000e+00 0.000000000000000000e+00 0.000000000000000000e+00 0.000000000000000000e+00 5.638911959753409353e-13 1.526123084272333908e-13
1.627384153397451882e+03 1.249255266869407878e-14 1.869520671703251808e-13 0.000000000000000000e+00 0.000000000000000000e+00 2.559407185259096118e-13 0.000000000000000000e+00 0.000000000000000000e+00 0.000000000000000000e+00 0.000000000000000000e+00 5.764449207963993239e-13 1.493656961582906241e-13
1.699734935929483299e+03 1.047709926264583151e-14 1.759845670993806871e-13 0.000000000000000000e+00 0.000000000000000000e+00 2.400508497385238442e-13 0.000000000000000000e+00 0.000000000000000000e+00 0.000000000000000000e+00 0.000000000000000000e+00 5.897385255069416835e-13 1.438635945398172919e-13
1.775302313462806751e+03 6.792431623066403626e-15 1.633887350091903485e-13 0.000000000000000000e+00 0.000000000000000000e+00 2.008365877946803463e-13 0.000000000000000000e+00 0.000000000000000000e+00 0.000000000000000000e+00 0.000000000000000000e+00 6.013700204592782650e-13 1.378097713596466774e-13
1.854229290441050580e+03 6.467510678291161546e-15 1.592267649655769017e-13 0.000000000000000000e+00 0.000000000000000000e+00 1.785888146496264741e-13 0.000000000000000000e+00 0.000000000000000000e+00 0.000000000000000000e+00 0.000000000000000000e+00 6.136266552665015074e-13 1.348250528318546569e-13
1.936665229046667719e+03 7.243296946399913882e-15 1.582288387570265362e-13 0.000000000000000000e+00 0.000000000000000000e+00 1.750652767211056270e-13 0.000000000000000000e+00 0.000000000000000000e+00 0.000000000000000000e+00 0.000000000000000000e+00 6.307673558874092718e-13 1.331110794091841601e-13
2.022766131855373487e+03 4.470719052616237050e-15 1.521456653401831308e-13 0.000000000000000000e+00 0.000000000000000000e+00 1.581723293728806407e-13 0.000000000000000000e+00 0.000000000000000000e+00 0.000000000000000000e+00 0.000000000000000000e+00 6.542453360234202031e-13 1.288859859358106505e-13
2.112694937056960953e+03 2.722447113384438918e-15 1.483938592304328135e-13 0.000000000000000000e+00 0.000000000000000000e+00 1.428601129324331751e-13 0.000000000000000000e+00 0.000000000000000000e+00 0.000000000000000000e+00 0.000000000000000000e+00 6.811108876418587691e-13 1.267468580524162734e-13
2.206621826801106636e+03 3.767212546834486045e-15 1.543019826771598095e-13 0.000000000000000000e+00 0.000000000000000000e+00 1.356322492851907023e-13 0.000000000000000000e+00 0.000000000000000000e+00 0.000000000000000000e+00 0.000000000000000000e+00 7.075399914248804483e-13 1.328731207692822479e-13
2.304724549251749067e+03 -2.704893470604999345e-15 1.735635417623584675e-13 0.000000000000000000e+00 0.000000000000000000e+00 1.114392311469839426e-13 0.000000000000000000e+00 0.000000000000000000e+00 0.000000000000000000e+00 0.000000000000000000e+00 7.357619019216250515e-13 1.410713608439634137e-13
2.407188754959436665e+03 -8.130965591192210684e-15 1.750479853782939172e-13 0.000000000000000000e+00 0.000000000000000000e+00 6.695652102576108060e-14 0.000000000000000000e+00 0.000000000000000000e+00 0.000000000000000000e+00 0.000000000000000000e+00 7.687113414000483719e-13 1.461492983139954189e-13
2.514208348188258242e+03 -3.565334165228079344e-15 1.948654764490467523e-13 0.000000000000000000e+00 0.000000000000000000e+00 9.241924107081407757e-14 0.000000000000000000e+00 0.000000000000000000e+00 0.000000000000000000e+00 0.000000000000000000e+00 7.959274011020964275e-13 1.554405109633272648e-13
2.625985853862151089e+03 -8.063328778167036957e-15 2.046055409038027796e-13 0.000000000000000000e+00 0.000000000000000000e+00 7.189162879087645806e-14 0.000000000000000000e+00 0.000000000000000000e+00 0.000000000000000000e+00 0.000000000000000000e+00 8.155461375324258286e-13 1.581627642283589871e-13
2.742732800825062895e+03 -5.962956423233433585e-15 2.138785113359952872e-13 0.000000000000000000e+00 0.000000000000000000e+00 8.182522325325644643e-14 0.000000000000000000e+00 0.000000000000000000e+00 0.000000000000000000e+00 0.000000000000000000e+00 8.298769853321241739e-13 1.588912168650672675e-13
2.864670122140184958e+03 -8.642704850309241872e-16 2.230568138231046101e-13 0.000000000000000000e+00 0.000000000000000000e+00 1.235804010295228725e-13 0.000000000000000000e+00 0.000000000000000000e+00 0.000000000000000000e+00 0.000000000000000000e+00 8.287494552739210882e-13 1.668224501195089341e-13
2.992028573185860296e+03 -5.027687677377630595e-15 1.879971724448257255e-13 0.000000000000000000e+00 0.000000000000000000e+00 8.338341950698359001e-14 0.000000000000000000e+00 0.000000000000000000e+00 0.000000000000000000e+00 0.000000000000000000e+00 8.230157160449734017e-13 1.450377272749793345e-13
3.125049168339293374e+03 -8.995319526095182386e-16 1.481803160545537573e-13 0.000000000000000000e+00 0.000000000000000000e+00 7.955017359220296783e-14 0.000000000000000000e+00 0.000000000000000000e+00 0.000000000000000000e+00 0.000000000000000000e+00 8.203611239790306127e-13 1.207284980695454845e-13
3.263983637074535636e+03 -2.699711853355660368e-15 1.263818652554759731e-13 0.000000000000000000e+00 0.000000000000000000e+00 8.056056954141793758e-14 0.000000000000000000e+00 0.000000000000000000e+00 0.000000000000000000e+00 0.000000000000000000e+00 8.257361568709848180e-13 1.188945228734255245e-13
3.409094900337779109e+03 1.888162602334524813e-15 1.319540660978091554e-13 0.000000000000000000e+00 0.000000000000000000e+00 1.470545446577831504e-13 0.000000000000000000e+00 0.000000000000000000e+00 0.000000000000000000e+00 0.000000000000000000e+00 8.559574831876533991e-13 1.198365317669043411e-13
3.560657568101548804e+03 4.001328266135182869e-15 1.499604764193851036e-13 0.000000000000000000e+00 0.000000000000000000e+00 1.788626820102568240e-13 0.000000000000000000e+00 0.000000000000000000e+00 0.000000000000000000e+00 0.000000000000000000e+00 9.176131827491194407e-13 1.272281641723275927e-13
3.718958459039270565e+03 4.500901576489826082e-15 1.628072786967676300e-13 0.000000000000000000e+00 0.000000000000000000e+00 1.791928730883845547e-13 0.000000000000000000e+00 0.000000000000000000e+00 0.000000000000000000e+00 0.000000000000000000e+00 1.028921068376930672e-12 1.436820301586930155e-13
3.884297143303760095e+03 6.582790916881586747e-15 1.923792961393593190e-13 0.000000000000000000e+00 0.000000000000000000e+00 2.745421679298052865e-13 0.000000000000000000e+00 0.000000000000000000e+00 0.000000000000000000e+00 0.000000000000000000e+00 1.215119368228038346e-12 1.779774004985121582e-13
4.056986509436678261e+03 1.533917810582281944e-14 2.509041909738302200e-13 0.000000000000000000e+00 0.000000000000000000e+00 4.402196857578289259e-13 0.000000000000000000e+00 0.000000000000000000e+00 0.000000000000000000e+00 0.000000000000000000e+00 1.529067425820556296e-12 2.211287528959258751e-13
4.237353356481889023e+03 1.651806687860214122e-14 3.129772287298403412e-13 0.000000000000000000e+00 0.000000000000000000e+00 5.278530524313198588e-13 0.000000000000000000e+00 0.000000000000000000e+00 0.000000000000000000e+00 0.000000000000000000e+00 2.005590576878103148e-12 2.853322616566337291e-13
4.425739012423155145e+03 2.843676224241590764e-14 4.326716124006862087e-13 0.000000000000000000e+00 0.000000000000000000e+00 9.767135837424531423e-13 0.000000000000000000e+00 0.000000000000000000e+00 0.000000000000000000e+00 0.000000000000000000e+00 2.778074452166831361e-12 3.799634760268314023e-13
4.622499980116535880e+03 3.963801037190211295e-14 5.882462320594977974e-13 0.000000000000000000e+00 0.000000000000000000e+00 1.318488737934610960e-12 0.000000000000000000e+00 0.000000000000000000e+00 0.000000000000000000e+00 0.000000000000000000e+00 4.348315262951815387e-12 5.440009420360004299e-13
4.828008611939902949e+03 6.262852245982946547e-14 8.456727437200138333e-13 0.000000000000000000e+00 0.000000000000000000e+00 2.429394635394220973e-12 0.000000000000000000e+00 0.000000000000000000e+00 0.000000000000000000e+00 0.000000000000000000e+00 7.034260878844080021e-12 7.820398456022626504e-13
5.042653814436185712e+03 9.754987225582647698e-14 1.209830515243268366e-12 0.000000000000000000e+00 0.000000000000000000e+00 4.152457439896454108e-12 0.000000000000000000e+00 0.000000000000000000e+00 0.000000000000000000e+00 0.000000000000000000e+00 1.249049358370843316e-11 1.177263674847338805e-12
5.266841784283951711e+03 1.454359353617724849e-13 2.051371413674984594e-12 0.000000000000000000e+00 0.000000000000000000e+00 7.907088316332826006e-12 0.000000000000000000e+00 0.000000000000000000e+00 0.000000000000000000e+00 0.000000000000000000e+00 2.869057412580618218e-11 1.989606880159073635e-12
5.500996776987925841e+03 2.731296491717740706e-13 3.900154175655845258e-12 0.000000000000000000e+00 0.000000000000000000e+00 1.954864477632192199e-11 0.000000000000000000e+00 0.000000000000000000e+00 0.000000000000000000e+00 0.000000000000000000e+00 8.049056137911180807e-11 3.823451732802902171e-12
5.745561909744300465e+03 6.537485728325063913e-13 1.135731090455153417e-11 0.000000000000000000e+00 0.000000000000000000e+00 7.600255528634584044e-11 0.000000000000000000e+00 0.000000000000000000e+00 0.000000000000000000e+00 0.000000000000000000e+00 4.846657735376900951e-10 1.096955151158654654e-11
6.001000000000000000e+03 0.000000000000000000e+00 0.000000000000000000e+00 0.000000000000000000e+00 0.000000000000000000e+00 0.000000000000000000e+00 0.000000000000000000e+00 0.000000000000000000e+00 0.000000000000000000e+00 0.000000000000000000e+00 0.000000000000000000e+00 0.000000000000000000e+00
