1.000000000000000000e+00 3.220916533974639191e-07 3.326854334812896792e-08 0.000000000000000000e+00 0.000000000000000000e+00 0.000000000000000000e+00
1.059253778139711555e+00 2.558465436120457959e-07 2.642614671162000822e-08 0.000000000000000000e+00 0.000000000000000000e+00 0.000000000000000000e+00
1.122018566503253378e+00 2.032261701007848016e-07 2.099103728720928912e-08 0.000000000000000000e+00 0.000000000000000000e+00 0.000000000000000000e+00
1.188502405711474585e+00 1.614283408759550433e-07 1.667377806428947279e-08 0.000000000000000000e+00 0.000000000000000000e+00 0.000000000000000000e+00
1.258925663578015941e+00 1.282270489171671854e-07 1.324445018931668173e-08 0.000000000000000000e+00 0.000000000000000000e+00 0.000000000000000000e+00
1.333521765542056814e+00 1.018544129218108214e-07 1.052044484646933632e-08 0.000000000000000000e+00 0.000000000000000000e+00 0.000000000000000000e+00
1.412537968381962550e+00 8.090587732808606298e-08 8.356690032483652748e-09 0.000000000000000000e+00 0.000000000000000000e+00 0.000000000000000000e+00
1.496236179774386388e+00 6.426580113025548980e-08 6.637953834395072931e-09 0.000000000000000000e+00 0.000000000000000000e+00 0.000000000000000000e+00
1.584893826415347595e+00 5.104816383862894171e-08 5.272716444008049301e-09 0.000000000000000000e+00 0.000000000000000000e+00 0.000000000000000000e+00
1.678804773580761189e+00 4.054898271088475133e-08 4.188266947837949966e-09 0.000000000000000000e+00 0.000000000000000000e+00 0.000000000000000000e+00
1.778280299174404444e+00 3.220918860439801145e-08 3.326858164704246764e-09 0.000000000000000000e+00 0.000000000000000000e+00 0.000000000000000000e+00
1.883650125491904692e+00 2.558467527741796054e-08 2.642618347981401798e-09 0.000000000000000000e+00 0.000000000000000000e+00 0.000000000000000000e+00
1.995263512120642124e+00 2.032262018476940869e-08 2.099106017279936347e-09 0.000000000000000000e+00 0.000000000000000000e+00 0.000000000000000000e+00
2.113490413598100748e+00 1.614282408041027814e-08 1.667379006132499696e-09 0.000000000000000000e+00 0.000000000000000000e+00 0.000000000000000000e+00
2.238722705665849855e+00 1.282269921976518640e-08 1.324446461882718764e-09 0.000000000000000000e+00 0.000000000000000000e+00 0.000000000000000000e+00
2.371375484183709137e+00 1.018543542316400493e-08 1.052045801325122669e-09 0.000000000000000000e+00 0.000000000000000000e+00 0.000000000000000000e+00
2.511888441009481721e+00 8.090573897504486371e-09 8.356695847990639554e-10 0.000000000000000000e+00 0.000000000000000000e+00 0.000000000000000000e+00
2.660727321404763757e+00 6.426569612455044955e-09 6.637960988034164705e-10 0.000000000000000000e+00 0.000000000000000000e+00 0.000000000000000000e+00
2.818385467797550614e+00 5.104801973637788421e-09 5.272719347087815699e-10 0.000000000000000000e+00 0.000000000000000000e+00 0.000000000000000000e+00
2.985385455018614298e+00 4.054886838511493689e-09 4.188270915338340337e-10 0.000000000000000000e+00 0.000000000000000000e+00 0.000000000000000000e+00
3.162280822431809302e+00 3.220910143956807706e-09 3.326863041335521898e-10 0.000000000000000000e+00 0.000000000000000000e+00 0.000000000000000000e+00
3.349657908699648967e+00 2.558460648858727405e-09 2.642623973188178272e-10 0.000000000000000000e+00 0.000000000000000000e+00 0.000000000000000000e+00
3.548137795265668082e+00 2.032255386621381315e-09 2.099110728461432633e-10 0.000000000000000000e+00 0.000000000000000000e+00 0.000000000000000000e+00
3.758378364995465848e+00 1.614277114016945476e-09 1.667383950418421768e-10 0.000000000000000000e+00 0.000000000000000000e+00 0.000000000000000000e+00
3.981076482800000260e+00 1.282265810654501187e-09 1.324451548456877444e-10 0.000000000000000000e+00 0.000000000000000000e+00 0.000000000000000000e+00
4.216970305469054381e+00 1.018538595608010142e-09 1.052049365620418925e-10 0.000000000000000000e+00 0.000000000000000000e+00 0.000000000000000000e+00
4.466841728371069742e+00 8.090535746954428674e-10 8.356733823562671765e-11 0.000000000000000000e+00 0.000000000000000000e+00 0.000000000000000000e+00
4.731518977129175241e+00 6.426531791854033369e-10 6.637992116718560377e-11 0.000000000000000000e+00 0.000000000000000000e+00 0.000000000000000000e+00
5.011879352863823023e+00 5.104773658245457598e-10 5.272752390760921235e-11 0.000000000000000000e+00 0.000000000000000000e+00 0.000000000000000000e+00
5.308852140101416595e+00 4.054859853551174929e-10 4.188299505379341508e-11 0.000000000000000000e+00 0.000000000000000000e+00 0.000000000000000000e+00
5.623421686987520651e+00 3.220885744642861770e-10 3.326889213629289392e-11 0.000000000000000000e+00 0.000000000000000000e+00 0.000000000000000000e+00
5.956630668014320840e+00 2.558435099968072790e-10 2.642644075924727003e-11 0.000000000000000000e+00 0.000000000000000000e+00 0.000000000000000000e+00
6.309583540077044361e+00 2.032234527073077949e-10 2.099130843544057842e-11 0.000000000000000000e+00 0.000000000000000000e+00 0.000000000000000000e+00
6.683450203314746929e+00 1.614257821454686416e-10 1.667401687841434821e-11 0.000000000000000000e+00 0.000000000000000000e+00 0.000000000000000000e+00
7.079469878869768529e+00 1.282246971767403612e-10 1.324466044249257468e-11 0.000000000000000000e+00 0.000000000000000000e+00 0.000000000000000000e+00
7.498955216419090242e+00 1.018521833078090561e-10 1.052062704516791428e-11 0.000000000000000000e+00 0.000000000000000000e+00 0.000000000000000000e+00
7.943296645092419617e+00 8.090384297508324073e-11 8.356854078320451420e-12 0.000000000000000000e+00 0.000000000000000000e+00 0.000000000000000000e+00
8.413966982198642697e+00 6.426396372441305000e-11 6.638099320383431262e-12 0.000000000000000000e+00 0.000000000000000000e+00 0.000000000000000000e+00
8.912526315036698676e+00 5.104646717733532582e-11 5.272844361883773134e-12 0.000000000000000000e+00 0.000000000000000000e+00 0.000000000000000000e+00
9.440627171972225895e+00 4.054747708073569938e-11 4.188384564806518599e-12 0.000000000000000000e+00 0.000000000000000000e+00 0.000000000000000000e+00
1.000001999992000101e+01 3.220783693286117119e-11 3.326965265085658352e-12 0.000000000000000000e+00 0.000000000000000000e+00 0.000000000000000000e+00
1.059255896638794070e+01 2.558341678655537652e-11 2.642710143651681463e-12 0.000000000000000000e+00 0.000000000000000000e+00 0.000000000000000000e+00
1.122020810531410717e+01 2.032150845195382709e-11 2.099192328180453105e-12 0.000000000000000000e+00 0.000000000000000000e+00 0.000000000000000000e+00
1.188504782706778506e+01 1.614182229605291110e-11 1.667456317403328699e-12 0.000000000000000000e+00 0.000000000000000000e+00 0.000000000000000000e+00
1.258928181419271652e+01 1.282178675676035628e-11 1.324514618867281547e-12 0.000000000000000000e+00 0.000000000000000000e+00 0.000000000000000000e+00
1.333524432574919949e+01 1.018460280486081221e-11 1.052105836861412394e-12 0.000000000000000000e+00 0.000000000000000000e+00 0.000000000000000000e+00
1.412540793446599174e+01 8.089832757236473312e-12 8.357254781450971256e-13 0.000000000000000000e+00 0.000000000000000000e+00 0.000000000000000000e+00
1.496239172234776404e+01 6.425898069158737698e-12 6.638448193637044831e-13 0.000000000000000000e+00 0.000000000000000000e+00 0.000000000000000000e+00
1.584896996190321872e+01 5.104200787025061055e-12 5.273165972272962160e-13 0.000000000000000000e+00 0.000000000000000000e+00 0.000000000000000000e+00
1.678808131176878149e+01 4.054346525068764235e-12 4.188674658271516149e-13 0.000000000000000000e+00 0.000000000000000000e+00 0.000000000000000000e+00
1.778283855720776785e+01 3.220424313422250029e-12 3.327226287831195391e-13 0.000000000000000000e+00 0.000000000000000000e+00 0.000000000000000000e+00
1.883653892777087080e+01 2.558021837599667882e-12 2.642945545754549242e-13 0.000000000000000000e+00 0.000000000000000000e+00 0.000000000000000000e+00
1.995267502631704915e+01 2.031864994511695658e-12 2.099406300318088278e-13 0.000000000000000000e+00 0.000000000000000000e+00 0.000000000000000000e+00
2.113494640562019811e+01 1.613927942599169821e-12 1.667649691389580843e-13 0.000000000000000000e+00 0.000000000000000000e+00 0.000000000000000000e+00
2.238727183093351414e+01 1.281954881132180881e-12 1.324691452589136015e-13 0.000000000000000000e+00 0.000000000000000000e+00 0.000000000000000000e+00
2.371380226915706757e+01 1.018262684167126624e-12 1.052270063301651033e-13 0.000000000000000000e+00 0.000000000000000000e+00 0.000000000000000000e+00
2.511893464766269446e+01 8.088086887910591113e-13 8.358716652924271010e-14 0.000000000000000000e+00 0.000000000000000000e+00 0.000000000000000000e+00
2.660732642838122075e+01 6.424377298231481178e-13 6.639830091092790673e-14 0.000000000000000000e+00 0.000000000000000000e+00 0.000000000000000000e+00
2.818391104545939641e+01 5.102873954968723189e-13 5.274444150214567932e-14 0.000000000000000000e+00 0.000000000000000000e+00 0.000000000000000000e+00
2.985391425765641671e+01 4.053197128444317863e-13 4.189837663120442698e-14 0.000000000000000000e+00 0.000000000000000000e+00 0.000000000000000000e+00
3.162287146968157003e+01 3.219438420550481952e-13 3.328306589014133847e-14 0.000000000000000000e+00 0.000000000000000000e+00 0.000000000000000000e+00
3.349664607988670184e+01 2.557184470530526534e-13 2.643942175793521858e-14 0.000000000000000000e+00 0.000000000000000000e+00 0.000000000000000000e+00
3.548144891512873755e+01 2.031160995433664057e-13 2.100334291551778670e-14 0.000000000000000000e+00 0.000000000000000000e+00 0.000000000000000000e+00
3.758385881722129085e+01 1.613345959087616459e-13 1.668512259209493882e-14 0.000000000000000000e+00 0.000000000000000000e+00 0.000000000000000000e+00
3.981084444921117438e+01 1.281481052301051178e-13 1.325485414650907795e-14 0.000000000000000000e+00 0.000000000000000000e+00 0.000000000000000000e+00
4.216978739375930729e+01 1.017887938703887305e-13 1.053000414109870926e-14 0.000000000000000000e+00 0.000000000000000000e+00 0.000000000000000000e+00
4.466850662018793372e+01 8.085246762783486373e-14 8.365526411630019277e-15 0.000000000000000000e+00 0.000000000000000000e+00 0.000000000000000000e+00
4.731528440129277158e+01 6.422337622740367202e-14 6.646110117921257061e-15 0.000000000000000000e+00 0.000000000000000000e+00 0.000000000000000000e+00
5.011889376582433897e+01 5.101551963094788934e-14 5.280209995638828107e-15 0.000000000000000000e+00 0.000000000000000000e+00 0.000000000000000000e+00
5.308862757763228046e+01 4.052555380088710021e-14 4.195211792130626786e-15 0.000000000000000000e+00 0.000000000000000000e+00 0.000000000000000000e+00
5.623432933785908716e+01 3.219368476978591940e-14 3.333240566492137503e-15 0.000000000000000000e+00 0.000000000000000000e+00 0.000000000000000000e+00
5.956642581228004474e+01 2.557617583084259393e-14 2.648472646533336688e-15 0.000000000000000000e+00 0.000000000000000000e+00 0.000000000000000000e+00
6.309596159193648646e+01 2.032033934552465886e-14 2.104473799611894401e-15 0.000000000000000000e+00 0.000000000000000000e+00 0.000000000000000000e+00
6.683463570161686107e+01 1.614596119288070462e-14 1.672284105540941723e-15 0.000000000000000000e+00 0.000000000000000000e+00 0.000000000000000000e+00
7.079484037752892789e+01 1.283035648109067232e-14 1.328911350917766976e-15 0.000000000000000000e+00 0.000000000000000000e+00 0.000000000000000000e+00
7.498970214269533585e+01 1.019715345578510811e-14 1.056118813198890834e-15 0.000000000000000000e+00 0.000000000000000000e+00 0.000000000000000000e+00
7.943312531622163419e+01 8.105450955621200179e-15 8.393633721880880267e-16 0.000000000000000000e+00 0.000000000000000000e+00 0.000000000000000000e+00
8.413983810065295188e+01 6.443897128723859883e-15 6.671346804082262503e-16 0.000000000000000000e+00 0.000000000000000000e+00 0.000000000000000000e+00
8.912544140018032124e+01 5.123866173941844140e-15 5.302777952012038184e-16 0.000000000000000000e+00 0.000000000000000000e+00 0.000000000000000000e+00
9.440646053151047568e+01 4.075011194338274785e-15 4.215228992851390939e-16 0.000000000000000000e+00 0.000000000000000000e+00 0.000000000000000000e+00
1.000003999988000061e+02 3.241536038779548694e-15 3.350969945370172002e-16 0.000000000000000000e+00 0.000000000000000000e+00 0.000000000000000000e+00
1.059258015142113862e+02 2.579029700643882545e-15 2.664079878684406822e-16 0.000000000000000000e+00 0.000000000000000000e+00 0.000000000000000000e+00
1.122023054564055542e+02 2.052272948790835955e-15 2.118120975938051526e-16 0.000000000000000000e+00 0.000000000000000000e+00 0.000000000000000000e+00
1.188507159706835239e+02 1.633353400654640546e-15 1.684151965454274579e-16 0.000000000000000000e+00 0.000000000000000000e+00 0.000000000000000000e+00
1.258930699265563788e+02 1.300047919201294972e-15 1.339169325670471618e-16 0.000000000000000000e+00 0.000000000000000000e+00 0.000000000000000000e+00
1.333527099613116889e+02 1.034840023165028148e-15 1.064920500627853350e-16 0.000000000000000000e+00 0.000000000000000000e+00 0.000000000000000000e+00
1.412543618516886568e+02 8.237891392505304481e-16 8.468962209194298156e-17 0.000000000000000000e+00 0.000000000000000000e+00 0.000000000000000000e+00
1.496242164701151012e+02 6.557907825709840805e-16 6.735561129544055783e-17 0.000000000000000000e+00 0.000000000000000000e+00 0.000000000000000000e+00
1.584900165971634465e+02 5.220505774332671670e-16 5.357370783920809885e-17 0.000000000000000000e+00 0.000000000000000000e+00 0.000000000000000000e+00
1.678811488779710714e+02 4.155845611011239093e-16 4.261565871548550669e-17 0.000000000000000000e+00 0.000000000000000000e+00 0.000000000000000000e+00
1.778287412274262067e+02 3.308885102297521993e-16 3.390391815740901613e-17 0.000000000000000000e+00 0.000000000000000000e+00 0.000000000000000000e+00
1.883657660069804365e+02 2.635340569573570528e-16 2.697810822964367927e-17 0.000000000000000000e+00 0.000000000000000000e+00 0.000000000000000000e+00
1.995271493150748086e+02 2.100183302776624862e-16 2.147283736252397249e-17 0.000000000000000000e+00 0.000000000000000000e+00 0.000000000000000000e+00
2.113498867534393071e+02 1.675293614214912111e-16 1.709725379100672296e-17 0.000000000000000000e+00 0.000000000000000000e+00 0.000000000000000000e+00
2.238731660529809062e+02 1.338162848474351159e-16 1.362000746369394192e-17 0.000000000000000000e+00 0.000000000000000000e+00 0.000000000000000000e+00
2.371384969657189856e+02 1.070735288293857975e-16 1.085694030344727573e-17 0.000000000000000000e+00 0.000000000000000000e+00 0.000000000000000000e+00
2.511898488533105365e+02 8.584763356315855270e-17 8.661401261027482513e-18 0.000000000000000000e+00 0.000000000000000000e+00 0.000000000000000000e+00
2.660737964282121766e+02 6.897587270542262620e-17 6.916682335955588614e-18 0.000000000000000000e+00 0.000000000000000000e+00 0.000000000000000000e+00
2.818396741305601836e+02 5.552866582744472645e-17 5.529907912753483107e-18 0.000000000000000000e+00 0.000000000000000000e+00 0.000000000000000000e+00
2.985397396524612077e+02 4.476681032360191625e-17 4.427111531201873828e-18 0.000000000000000000e+00 0.000000000000000000e+00 0.000000000000000000e+00
3.162293471517152739e+02 3.610090402438586594e-17 3.549264946280181087e-18 0.000000000000000000e+00 0.000000000000000000e+00 0.000000000000000000e+00
3.349671307291087601e+02 2.908265825460225234e-17 2.849553121093701585e-18 0.000000000000000000e+00 0.000000000000000000e+00 0.000000000000000000e+00
3.548151987774273834e+02 2.338305425001636541e-17 2.290858898183562864e-18 0.000000000000000000e+00 0.000000000000000000e+00 0.000000000000000000e+00
3.758393398463825861e+02 1.877103360212368748e-17 1.843848798816845830e-18 0.000000000000000000e+00 0.000000000000000000e+00 0.000000000000000000e+00
3.981092407058160916e+02 1.507785907084710071e-17 1.485438905752525298e-18 0.000000000000000000e+00 0.000000000000000000e+00 0.000000000000000000e+00
4.216987173299673941e+02 1.215124385469768591e-17 1.197548873870781826e-18 0.000000000000000000e+00 0.000000000000000000e+00 0.000000000000000000e+00
4.466859595684380793e+02 9.830416355138723413e-18 9.660593041694149979e-19 0.000000000000000000e+00 0.000000000000000000e+00 0.000000000000000000e+00
4.731537903148308146e+02 7.965942412101919522e-18 7.799340797413941323e-19 0.000000000000000000e+00 0.000000000000000000e+00 0.000000000000000000e+00
5.011899400321092344e+02 6.451481092684995644e-18 6.304764319722418855e-19 0.000000000000000000e+00 0.000000000000000000e+00 0.000000000000000000e+00
5.308873375446275986e+02 5.223416383097566839e-18 5.107133264754293258e-19 0.000000000000000000e+00 0.000000000000000000e+00 0.000000000000000000e+00
5.623444180606788905e+02 4.236666032655396752e-18 4.149256926565285813e-19 0.000000000000000000e+00 0.000000000000000000e+00 0.000000000000000000e+00
5.956654494465514063e+02 3.447808527312638245e-18 3.383297169013530466e-19 0.000000000000000000e+00 0.000000000000000000e+00 0.000000000000000000e+00
6.309608778335493753e+02 2.816414903122844040e-18 2.769038175196922529e-19 0.000000000000000000e+00 0.000000000000000000e+00 0.000000000000000000e+00
6.683476937035359242e+02 2.313372735660412879e-18 2.273283694059376732e-19 0.000000000000000000e+00 0.000000000000000000e+00 0.000000000000000000e+00
7.079498196664336547e+02 1.916542187241765037e-18 1.869905497458706333e-19 0.000000000000000000e+00 0.000000000000000000e+00 0.000000000000000000e+00
7.498985212149971176e+02 1.596381959977516914e-18 1.539768843174769483e-19 0.000000000000000000e+00 0.000000000000000000e+00 0.000000000000000000e+00
7.943328418183681379e+02 1.324293187363911583e-18 1.269721676379757998e-19 0.000000000000000000e+00 0.000000000000000000e+00 0.000000000000000000e+00
8.414000637965608576e+02 1.092693150504531402e-18 1.050380516752036523e-19 0.000000000000000000e+00 0.000000000000000000e+00 0.000000000000000000e+00
8.912561965035012008e+02 9.043682082352071666e-19 8.735638095082202808e-20 0.000000000000000000e+00 0.000000000000000000e+00 0.000000000000000000e+00
9.440664934367624710e+02 7.530162677151425681e-19 7.308282355961355731e-20 0.000000000000000000e+00 0.000000000000000000e+00 0.000000000000000000e+00
1.000005999988000553e+03 6.291361682643051791e-19 6.138667303455221160e-20 0.000000000000000000e+00 0.000000000000000000e+00 0.000000000000000000e+00
1.059260133649669569e+03 5.293895108728748389e-19 5.162106435378867808e-20 0.000000000000000000e+00 0.000000000000000000e+00 0.000000000000000000e+00
1.122025298601189206e+03 4.467741023449776466e-19 4.343908328192528478e-20 0.000000000000000000e+00 0.000000000000000000e+00 0.000000000000000000e+00
1.188509536711647343e+03 3.757565505375359771e-19 3.668475717511826239e-20 0.000000000000000000e+00 0.000000000000000000e+00 0.000000000000000000e+00
1.258933217116890319e+03 3.172896456699492857e-19 3.116422333359985729e-20 0.000000000000000000e+00 0.000000000000000000e+00 0.000000000000000000e+00
1.333529766656648690e+03 2.702659854091681797e-19 2.658204104263209567e-20 0.000000000000000000e+00 0.000000000000000000e+00 0.000000000000000000e+00
1.412546443592822698e+03 2.313908609654551794e-19 2.269201172469440490e-20 0.000000000000000000e+00 0.000000000000000000e+00 0.000000000000000000e+00
1.496245157173511416e+03 1.971338700481406700e-19 1.939949586634900190e-20 0.000000000000000000e+00 0.000000000000000000e+00 0.000000000000000000e+00
1.584903335759287984e+03 1.679235500322868810e-19 1.664300781364866378e-20 0.000000000000000000e+00 0.000000000000000000e+00 0.000000000000000000e+00
1.678814846389257127e+03 1.437244407947088574e-19 1.430030686233405892e-20 0.000000000000000000e+00 0.000000000000000000e+00 0.000000000000000000e+00
1.778290968834861360e+03 1.232511438131585461e-19 1.227109635268506942e-20 0.000000000000000000e+00 0.000000000000000000e+00 0.000000000000000000e+00
1.883661427370054525e+03 1.054194315856541908e-19 1.051865314807454396e-20 0.000000000000000000e+00 0.000000000000000000e+00 0.000000000000000000e+00
1.995275483677773536e+03 9.014819694082949352e-20 9.007863056138336378e-21 0.000000000000000000e+00 0.000000000000000000e+00 0.000000000000000000e+00
2.113503094515221164e+03 7.701479417842040981e-20 7.695519418384540312e-21 0.000000000000000000e+00 0.000000000000000000e+00 0.000000000000000000e+00
2.238736137975219208e+03 6.554929594170156276e-20 6.551978593262237908e-21 0.000000000000000000e+00 0.000000000000000000e+00 0.000000000000000000e+00
2.371389712408159539e+03 5.566408994366634917e-20 5.564162829530737709e-21 0.000000000000000000e+00 0.000000000000000000e+00 0.000000000000000000e+00
2.511903512309986127e+03 4.726521815044680280e-20 4.712806698718801221e-21 0.000000000000000000e+00 0.000000000000000000e+00 0.000000000000000000e+00
2.660743285736766211e+03 4.005368729791896466e-20 3.985021534524046301e-21 0.000000000000000000e+00 0.000000000000000000e+00 0.000000000000000000e+00
2.818402378076538753e+03 3.399480806736499072e-20 3.371937132033325120e-21 0.000000000000000000e+00 0.000000000000000000e+00 0.000000000000000000e+00
2.985403367295520638e+03 2.889580804704162554e-20 2.858156412641369823e-21 0.000000000000000000e+00 0.000000000000000000e+00 0.000000000000000000e+00
3.162299796078799318e+03 2.468377495209749117e-20 2.433700039896315687e-21 0.000000000000000000e+00 0.000000000000000000e+00 0.000000000000000000e+00
3.349678006606906365e+03 2.119701647456052662e-20 2.084597561654800451e-21 0.000000000000000000e+00 0.000000000000000000e+00 0.000000000000000000e+00
3.548159084049862486e+03 1.834204333767804149e-20 1.799558917024790124e-21 0.000000000000000000e+00 0.000000000000000000e+00 0.000000000000000000e+00
3.758400915220557636e+03 1.600101095642395684e-20 1.567546128571787011e-21 0.000000000000000000e+00 0.000000000000000000e+00 0.000000000000000000e+00
3.981100369211124416e+03 1.408617668518656224e-20 1.378626844295873717e-21 0.000000000000000000e+00 0.000000000000000000e+00 0.000000000000000000e+00
4.216995607240287427e+03 1.251776296444905763e-20 1.224580017280105853e-21 0.000000000000000000e+00 0.000000000000000000e+00 0.000000000000000000e+00
4.466868529367839983e+03 1.122751212302987760e-20 1.098426187818064161e-21 0.000000000000000000e+00 0.000000000000000000e+00 0.000000000000000000e+00
4.731547366186259751e+03 1.016196338863163624e-20 9.945311022486447118e-22 0.000000000000000000e+00 0.000000000000000000e+00 0.000000000000000000e+00
5.011909424079800374e+03 9.278108187490810117e-21 9.084816990848541707e-22 0.000000000000000000e+00 0.000000000000000000e+00 0.000000000000000000e+00
5.308883993150553579e+03 8.542354005447275243e-21 8.368804259680407724e-22 0.000000000000000000e+00 0.000000000000000000e+00 0.000000000000000000e+00
5.623455427450166098e+03 7.929294428571744716e-21 7.771896918516450405e-22 0.000000000000000000e+00 0.000000000000000000e+00 0.000000000000000000e+00
5.956666407726853322e+03 7.420225064753260456e-21 7.275747284655347421e-22 0.000000000000000000e+00 0.000000000000000000e+00 0.000000000000000000e+00
6.309621397502571199e+03 7.001830824031752240e-21 6.867544464263470160e-22 0.000000000000000000e+00 0.000000000000000000e+00 0.000000000000000000e+00
6.683490303935769589e+03 6.665107309303251229e-21 6.538773940185223864e-22 0.000000000000000000e+00 0.000000000000000000e+00 0.000000000000000000e+00
7.079512355604090772e+03 6.404569591811147995e-21 6.284329176956581123e-22 0.000000000000000000e+00 0.000000000000000000e+00 0.000000000000000000e+00
7.499000210060407881e+03 6.217781627295708218e-21 6.102015371543345563e-22 0.000000000000000000e+00 0.000000000000000000e+00 0.000000000000000000e+00
7.943344304776975150e+03 6.105225494800400740e-21 5.992434157764196850e-22 0.000000000000000000e+00 0.000000000000000000e+00 0.000000000000000000e+00
8.414017465899569288e+03 6.070528509624419862e-21 5.959232667897294165e-22 0.000000000000000000e+00 0.000000000000000000e+00 0.000000000000000000e+00
8.912579790087645961e+03 6.121090627388420154e-21 6.009742440693002795e-22 0.000000000000000000e+00 0.000000000000000000e+00 0.000000000000000000e+00
9.440683815621974645e+03 6.269219801851053300e-21 6.156110936799107636e-22 0.000000000000000000e+00 0.000000000000000000e+00 0.000000000000000000e+00
1.000007999992000077e+04 6.533994479247117437e-21 6.417143603673834658e-22 0.000000000000000000e+00 0.000000000000000000e+00 0.000000000000000000e+00
1.059262252161462311e+04 6.944255602761304732e-21 6.821255866389837619e-22 0.000000000000000000e+00 0.000000000000000000e+00 0.000000000000000000e+00
1.122027542642810840e+04 7.543444798308562890e-21 7.411243680273373416e-22 0.000000000000000000e+00 0.000000000000000000e+00 0.000000000000000000e+00
1.188511913721213386e+04 8.397573264867462749e-21 8.252140882692094057e-22 0.000000000000000000e+00 0.000000000000000000e+00 0.000000000000000000e+00
1.258935734973253784e+04 9.608677286482226610e-21 9.444488828344394226e-22 0.000000000000000000e+00 0.000000000000000000e+00 0.000000000000000000e+00
1.333532433705513176e+04 1.133821246697040944e-20 1.114741384577898386e-21 0.000000000000000000e+00 0.000000000000000000e+00 0.000000000000000000e+00
1.412549268674408813e+04 1.384909387896513449e-20 1.362011199373038175e-21 0.000000000000000000e+00 0.000000000000000000e+00 0.000000000000000000e+00
1.496248149651856693e+04 1.758407312553212806e-20 1.729922028858811193e-21 0.000000000000000000e+00 0.000000000000000000e+00 0.000000000000000000e+00
1.584906505553281204e+04 2.331793279666071766e-20 2.294912315446508781e-21 0.000000000000000000e+00 0.000000000000000000e+00 0.000000000000000000e+00
1.678818204005520238e+04 3.246663684193596705e-20 3.196741746764384587e-21 0.000000000000000000e+00 0.000000000000000000e+00 0.000000000000000000e+00
1.778294525402571890e+04 4.774740192294041651e-20 4.703747758506041488e-21 0.000000000000000000e+00 0.000000000000000000e+00 0.000000000000000000e+00
1.883665194677839099e+04 7.466809357171182673e-20 7.360184288191532202e-21 0.000000000000000000e+00 0.000000000000000000e+00 0.000000000000000000e+00
1.995279474212779678e+04 1.251006111178602198e-19 1.233997350023869226e-20 0.000000000000000000e+00 0.000000000000000000e+00 0.000000000000000000e+00
2.113507321504503489e+04 2.264600802170881275e-19 2.235615819514806455e-20 0.000000000000000000e+00 0.000000000000000000e+00 0.000000000000000000e+00
2.238740615429586614e+04 4.471495243087245456e-19 4.418427642776506832e-20 0.000000000000000000e+00 0.000000000000000000e+00 0.000000000000000000e+00
2.371394455168611967e+04 9.733560559166421391e-19 9.628659409417940520e-20 0.000000000000000000e+00 0.000000000000000000e+00 0.000000000000000000e+00
2.511908536096914395e+04 2.364002585394383493e-18 2.341552000835092814e-19 0.000000000000000000e+00 0.000000000000000000e+00 0.000000000000000000e+00
2.660748607202053245e+04 6.492641600743745436e-18 6.440761001508625235e-19 0.000000000000000000e+00 0.000000000000000000e+00 0.000000000000000000e+00
2.818408014858749084e+04 2.047158829167494510e-17 2.034434586718751930e-18 0.000000000000000000e+00 0.000000000000000000e+00 0.000000000000000000e+00
2.985409338078373548e+04 7.537116461500987522e-17 7.506065425955923422e-18 0.000000000000000000e+00 0.000000000000000000e+00 0.000000000000000000e+00
3.162306120653091421e+04 3.302599971318342933e-16 3.297180205688868672e-17 0.000000000000000000e+00 0.000000000000000000e+00 0.000000000000000000e+00
3.349684705936120736e+04 1.759521653598287790e-15 1.761800991155892711e-16 0.000000000000000000e+00 0.000000000000000000e+00 0.000000000000000000e+00
3.548166180339650600e+04 1.167490678029845212e-14 1.173071764643931879e-15 0.000000000000000000e+00 0.000000000000000000e+00 0.000000000000000000e+00
3.758408431992323312e+04 9.911624571616551640e-14 1.000008109201870884e-14 0.000000000000000000e+00 0.000000000000000000e+00 0.000000000000000000e+00
3.981108331380016170e+04 1.109727419853726198e-12 1.125113592785254989e-13 0.000000000000000000e+00 0.000000000000000000e+00 0.000000000000000000e+00
4.217004041197763581e+04 1.695202807081927299e-11 1.728729105926533137e-12 0.000000000000000000e+00 0.000000000000000000e+00 0.000000000000000000e+00
4.466877463069161604e+04 3.670335722640889316e-10 3.769097682104944234e-11 0.000000000000000000e+00 0.000000000000000000e+00 0.000000000000000000e+00
4.731556829243147513e+04 1.175408873558049813e-08 1.217351040196451487e-09 0.000000000000000000e+00 0.000000000000000000e+00 0.000000000000000000e+00
5.011919447858556669e+04 5.990834840066924343e-07 6.278418588247457692e-08 0.000000000000000000e+00 0.000000000000000000e+00 0.000000000000000000e+00
5.308894610876071238e+04 5.300531332183300868e-04 1.440426106601056671e-04 0.000000000000000000e+00 0.000000000000000000e+00 0.000000000000000000e+00
5.623466674316030549e+04 1.540371122783571467e-01 3.654779043025208551e+01 0.000000000000000000e+00 0.000000000000000000e+00 0.000000000000000000e+00
5.956678321012012748e+04 6.361682705045270225e+00 1.514768757450892281e+03 0.000000000000000000e+00 0.000000000000000000e+00 0.000000000000000000e+00
6.309634016694899037e+04 4.210376478956600863e+02 1.000749866136356432e+05 0.000000000000000000e+00 0.000000000000000000e+00 0.000000000000000000e+00
6.683503670862913714e+04 4.806651755601583864e+04 1.140547690377894789e+07 0.000000000000000000e+00 0.000000000000000000e+00 0.000000000000000000e+00
7.079526514572169981e+04 1.152244981589779444e+07 2.716524356986518383e+09 0.000000000000000000e+00 0.000000000000000000e+00 0.000000000000000000e+00
7.499015208000832354e+04 5.656336755688179970e+09 1.326232367089176270e+12 0.000000000000000000e+00 0.000000000000000000e+00 0.000000000000000000e+00
7.943360191402034252e+04 2.963043875921348000e+15 6.687989602548963840e+17 0.000000000000000000e+00 0.000000000000000000e+00 0.000000000000000000e+00
8.414034293867184897e+04 0.000000000000000000e+00 0.000000000000000000e+00 0.000000000000000000e+00 0.000000000000000000e+00 0.000000000000000000e+00
8.912597615175931423e+04 0.000000000000000000e+00 0.000000000000000000e+00 0.000000000000000000e+00 0.000000000000000000e+00 0.000000000000000000e+00
9.440702696914084663e+04 0.000000000000000000e+00 0.000000000000000000e+00 0.000000000000000000e+00 0.000000000000000000e+00 0.000000000000000000e+00
1.000010000000000582e+05 0.000000000000000000e+00 0.000000000000000000e+00 0.000000000000000000e+00 0.000000000000000000e+00 0.000000000000000000e+00
