1.000000000000000000e+00 3.314295314374358090e-07 3.426907250585724503e-08 0.000000000000000000e+00 0.000000000000000000e+00 0.000000000000000000e+00
1.043506801891150637e+00 3.043695292497999196e-07 3.147112539587043113e-08 0.000000000000000000e+00 0.000000000000000000e+00 0.000000000000000000e+00
1.088906445593096795e+00 2.795191039096535962e-07 2.890164139606642978e-08 0.000000000000000000e+00 0.000000000000000000e+00 0.000000000000000000e+00
1.136281282599512554e+00 2.566979268767574076e-07 2.654197413400976619e-08 0.000000000000000000e+00 0.000000000000000000e+00 0.000000000000000000e+00
1.185717247254192142e+00 2.357402455820589728e-07 2.437498628186852737e-08 0.000000000000000000e+00 0.000000000000000000e+00 0.000000000000000000e+00
1.237304012629400596e+00 2.164926350061702689e-07 2.238483073950893753e-08 0.000000000000000000e+00 0.000000000000000000e+00 0.000000000000000000e+00
1.291135153185993367e+00 1.988176196222262952e-07 2.055726377300253353e-08 0.000000000000000000e+00 0.000000000000000000e+00 0.000000000000000000e+00
1.347308314510356819e+00 1.825846493551818663e-07 1.887881582155594694e-08 0.000000000000000000e+00 0.000000000000000000e+00 0.000000000000000000e+00
1.405925390436058908e+00 1.676780342607098246e-07 1.733749702050973279e-08 0.000000000000000000e+00 0.000000000000000000e+00 0.000000000000000000e+00
1.467092707871498813e+00 1.539875332382985209e-07 1.592193502123956062e-08 0.000000000000000000e+00 0.000000000000000000e+00 0.000000000000000000e+00
1.530921219668815780e+00 1.414148258457842088e-07 1.462194991993547868e-08 0.000000000000000000e+00 0.000000000000000000e+00 0.000000000000000000e+00
1.597526705883905551e+00 1.298693855661419228e-07 1.342817204105229859e-08 0.000000000000000000e+00 0.000000000000000000e+00 0.000000000000000000e+00
1.667029983792618797e+00 1.192658641254878124e-07 1.233179642160653543e-08 0.000000000000000000e+00 0.000000000000000000e+00 0.000000000000000000e+00
1.739557127044092155e+00 1.095280922965620664e-07 1.132493694621276291e-08 0.000000000000000000e+00 0.000000000000000000e+00 0.000000000000000000e+00
1.815239694348738553e+00 1.005858153323015093e-07 1.040032512718852996e-08 0.000000000000000000e+00 0.000000000000000000e+00 0.000000000000000000e+00
1.894214968115721653e+00 9.237329031927508929e-08 9.551170423473589495e-09 0.000000000000000000e+00 0.000000000000000000e+00 0.000000000000000000e+00
1.976626203472784393e+00 8.483122763534300575e-08 8.771341829223731229e-09 0.000000000000000000e+00 0.000000000000000000e+00 0.000000000000000000e+00
2.062622888120131837e+00 7.790500747696830979e-08 8.055188902318119730e-09 0.000000000000000000e+00 0.000000000000000000e+00 0.000000000000000000e+00
2.152361013489727082e+00 7.154456484529846505e-08 7.397533067078981259e-09 0.000000000000000000e+00 0.000000000000000000e+00 0.000000000000000000e+00
2.246003357701860548e+00 6.570322979837312755e-08 6.793553835349815300e-09 0.000000000000000000e+00 0.000000000000000000e+00 0.000000000000000000e+00
2.343719780832254074e+00 6.033886636544644793e-08 6.238891280992218101e-09 0.000000000000000000e+00 0.000000000000000000e+00 0.000000000000000000e+00
2.445687533025294069e+00 5.541235356124866654e-08 5.729503635097172914e-09 0.000000000000000000e+00 0.000000000000000000e+00 0.000000000000000000e+00
2.552091576012282204e+00 5.088817926961909015e-08 5.261715528717822121e-09 0.000000000000000000e+00 0.000000000000000000e+00 0.000000000000000000e+00
2.663124918617922887e+00 4.673329102415335867e-08 4.832111789592810507e-09 0.000000000000000000e+00 0.000000000000000000e+00 0.000000000000000000e+00
2.778988966863618959e+00 4.291782931433690059e-08 4.437601781858185692e-09 0.000000000000000000e+00 0.000000000000000000e+00 0.000000000000000000e+00
2.899893889302647576e+00 3.941369807573375954e-08 4.075284692393065792e-09 0.000000000000000000e+00 0.000000000000000000e+00 0.000000000000000000e+00
3.026058998249895549e+00 3.619566310114370505e-08 3.742549295935947758e-09 0.000000000000000000e+00 0.000000000000000000e+00 0.000000000000000000e+00
3.157713147597687176e+00 3.324049382100543815e-08 3.436991648844756503e-09 0.000000000000000000e+00 0.000000000000000000e+00 0.000000000000000000e+00
3.295095147939301583e+00 3.052655678846385164e-08 3.156377571562185949e-09 0.000000000000000000e+00 0.000000000000000000e+00 0.000000000000000000e+00
3.438454199753187890e+00 2.803422429445355063e-08 2.898676650889934184e-09 0.000000000000000000e+00 0.000000000000000000e+00 0.000000000000000000e+00
3.588050345433644761e+00 2.574546470990463169e-08 2.662023603628091286e-09 0.000000000000000000e+00 0.000000000000000000e+00 0.000000000000000000e+00
3.744154940987900027e+00 2.364342694252380097e-08 2.444679402410258405e-09 0.000000000000000000e+00 0.000000000000000000e+00 0.000000000000000000e+00
3.907051148255233031e+00 2.171311695444971620e-08 2.245089692268676227e-09 0.000000000000000000e+00 0.000000000000000000e+00 0.000000000000000000e+00
4.077034448540966416e+00 1.994028160705801021e-08 2.061784385802811748e-09 0.000000000000000000e+00 0.000000000000000000e+00 0.000000000000000000e+00
4.254413178597033607e+00 1.831231850572967107e-08 1.893456546790143346e-09 0.000000000000000000e+00 0.000000000000000000e+00 0.000000000000000000e+00
4.439509089921354956e+00 1.681721822900305766e-08 1.738867359551107527e-09 0.000000000000000000e+00 0.000000000000000000e+00 0.000000000000000000e+00
4.632657932390524813e+00 1.544420111841005806e-08 1.596901026072676913e-09 0.000000000000000000e+00 0.000000000000000000e+00 0.000000000000000000e+00
4.834210063284507086e+00 1.418323960629751357e-08 1.466521639235110103e-09 0.000000000000000000e+00 0.000000000000000000e+00 0.000000000000000000e+00
5.044531082808031641e+00 1.302524900956399373e-08 1.346788773530320372e-09 0.000000000000000000e+00 0.000000000000000000e+00 0.000000000000000000e+00
5.264002497261512481e+00 1.196177201313968954e-08 1.236828975667142301e-09 0.000000000000000000e+00 0.000000000000000000e+00 0.000000000000000000e+00
5.493022411064389487e+00 1.098519577069926917e-08 1.135853315348698136e-09 0.000000000000000000e+00 0.000000000000000000e+00 0.000000000000000000e+00
5.732006248886219346e+00 1.008833338938616876e-08 1.043120114912096558e-09 0.000000000000000000e+00 0.000000000000000000e+00 0.000000000000000000e+00
5.981387509195349672e+00 9.264674034952335685e-09 9.579562083917875330e-10 0.000000000000000000e+00 0.000000000000000000e+00 0.000000000000000000e+00
6.241618550592113124e+00 8.508265368342384520e-09 8.797460859751651058e-10 0.000000000000000000e+00 0.000000000000000000e+00 0.000000000000000000e+00
6.513171412352854794e+00 7.813648499742935568e-09 8.079242169693574931e-10 0.000000000000000000e+00 0.000000000000000000e+00 0.000000000000000000e+00
6.796538670673194282e+00 7.175686888546574659e-09 7.419616055803138370e-10 0.000000000000000000e+00 0.000000000000000000e+00 0.000000000000000000e+00
7.092234332163717347e+00 6.589849765123390154e-09 6.813875013644059763e-10 0.000000000000000000e+00 0.000000000000000000e+00 0.000000000000000000e+00
7.400794766218779408e+00 6.051825023302569387e-09 6.257575623775890222e-10 0.000000000000000000e+00 0.000000000000000000e+00 0.000000000000000000e+00
7.722779677949724864e+00 5.557766668073963486e-09 5.746729500189411448e-10 0.000000000000000000e+00 0.000000000000000000e+00 0.000000000000000000e+00
8.058773123447286579e+00 5.103978860311955737e-09 5.277536320175058199e-10 0.000000000000000000e+00 0.000000000000000000e+00 0.000000000000000000e+00
8.409384569214836347e+00 4.687287517231499662e-09 4.846687065510772443e-10 0.000000000000000000e+00 0.000000000000000000e+00 0.000000000000000000e+00
8.775249997694164250e+00 4.304583599525754140e-09 4.450989792382479770e-10 0.000000000000000000e+00 0.000000000000000000e+00 0.000000000000000000e+00
9.157033060889162357e+00 3.953162175219856227e-09 4.087628314706772246e-10 0.000000000000000000e+00 0.000000000000000000e+00 0.000000000000000000e+00
9.555426284179983298e+00 3.630416071476091426e-09 3.753920803794608286e-10 0.000000000000000000e+00 0.000000000000000000e+00 0.000000000000000000e+00
9.971152322511294130e+00 3.334019059058740822e-09 3.447456497944890267e-10 0.000000000000000000e+00 0.000000000000000000e+00 0.000000000000000000e+00
1.040496527123328008e+01 3.061800802573852465e-09 3.165997219032413284e-10 0.000000000000000000e+00 0.000000000000000000e+00 0.000000000000000000e+00
1.085765203397312817e+01 2.811850775486273636e-09 2.907550971350685059e-10 0.000000000000000000e+00 0.000000000000000000e+00 0.000000000000000000e+00
1.133003375001824686e+01 2.582294711723648639e-09 2.670199323823403649e-10 0.000000000000000000e+00 0.000000000000000000e+00 0.000000000000000000e+00
1.182296728380033457e+01 2.371453204681149815e-09 2.452200570137511359e-10 0.000000000000000000e+00 0.000000000000000000e+00 0.000000000000000000e+00
1.233734677918219091e+01 2.177832749079536331e-09 2.252006107063373170e-10 0.000000000000000000e+00 0.000000000000000000e+00 0.000000000000000000e+00
1.287410528136649646e+01 2.000051454805386636e-09 2.068184864743386909e-10 0.000000000000000000e+00 0.000000000000000000e+00 0.000000000000000000e+00
1.343421642936872473e+01 1.836747947254264800e-09 1.899338296703808152e-10 0.000000000000000000e+00 0.000000000000000000e+00 0.000000000000000000e+00
1.401869622212410427e+01 1.686803581809825717e-09 1.744300188780712030e-10 0.000000000000000000e+00 0.000000000000000000e+00 0.000000000000000000e+00
1.462860486143227945e+01 1.549077188700050806e-09 1.601900527386670872e-10 0.000000000000000000e+00 0.000000000000000000e+00 0.000000000000000000e+00
1.526504867508253582e+01 1.422615966099863298e-09 1.471144733432710751e-10 0.000000000000000000e+00 0.000000000000000000e+00 0.000000000000000000e+00
1.592918212364812369e+01 1.306460227463508601e-09 1.351047536930855891e-10 0.000000000000000000e+00 0.000000000000000000e+00 0.000000000000000000e+00
1.662220989458974074e+01 1.199805396718385497e-09 1.240768481968431776e-10 0.000000000000000000e+00 0.000000000000000000e+00 0.000000000000000000e+00
1.734538908746677066e+01 1.101842012042958736e-09 1.139482566777088750e-10 0.000000000000000000e+00 0.000000000000000000e+00 0.000000000000000000e+00
1.810003149422011504e+01 1.011890737813615329e-09 1.046476794663925467e-10 0.000000000000000000e+00 0.000000000000000000e+00 0.000000000000000000e+00
1.888750597866273750e+01 9.292793367817868014e-10 9.610599225085322692e-11 0.000000000000000000e+00 0.000000000000000000e+00 0.000000000000000000e+00
1.970924095949434118e+01 8.534069617482732689e-10 8.826160057208549837e-11 0.000000000000000000e+00 0.000000000000000000e+00 0.000000000000000000e+00
2.056672700134400245e+01 7.837316942667366926e-10 8.105748015258604785e-11 0.000000000000000000e+00 0.000000000000000000e+00 0.000000000000000000e+00
2.146151951854085382e+01 7.197507161994074438e-10 7.444218585235350687e-11 0.000000000000000000e+00 0.000000000000000000e+00 0.000000000000000000e+00
2.239524159651707436e+01 6.609854472428324902e-10 6.836616053552943230e-11 0.000000000000000000e+00 0.000000000000000000e+00 0.000000000000000000e+00
2.336958693596119829e+01 6.070285668815084740e-10 6.278736843799977580e-11 0.000000000000000000e+00 0.000000000000000000e+00 0.000000000000000000e+00
2.438632292506208543e+01 5.574631470789590366e-10 5.766281927226325118e-11 0.000000000000000000e+00 0.000000000000000000e+00 0.000000000000000000e+00
2.544729384541637174e+01 5.119510394068887077e-10 5.295707243179686194e-11 0.000000000000000000e+00 0.000000000000000000e+00 0.000000000000000000e+00
2.655442421741480175e+01 4.701564421560531118e-10 4.863577268046406715e-11 0.000000000000000000e+00 0.000000000000000000e+00 0.000000000000000000e+00
2.770972229117543861e+01 4.317752179986973970e-10 4.466721294872430125e-11 0.000000000000000000e+00 0.000000000000000000e+00 0.000000000000000000e+00
2.891528368935641069e+01 3.965227514378484467e-10 4.102251839895094501e-11 0.000000000000000000e+00 0.000000000000000000e+00 0.000000000000000000e+00
3.017329520845564517e+01 3.641521953558516370e-10 3.767564030066248743e-11 0.000000000000000000e+00 0.000000000000000000e+00 0.000000000000000000e+00
3.148603878549312896e+01 3.344220368001583599e-10 3.460181337988108888e-11 0.000000000000000000e+00 0.000000000000000000e+00 0.000000000000000000e+00
3.285589563727066320e+01 3.071231857634835097e-10 3.177911399726305784e-11 0.000000000000000000e+00 0.000000000000000000e+00 0.000000000000000000e+00
3.428535057971772204e+01 2.820554676299764702e-10 2.918705767226199997e-11 0.000000000000000000e+00 0.000000000000000000e+00 0.000000000000000000e+00
3.577699653515814759e+01 2.590282379125511508e-10 2.680631161492897106e-11 0.000000000000000000e+00 0.000000000000000000e+00 0.000000000000000000e+00
3.733353923567363353e+01 2.378883719735700374e-10 2.462031680616897732e-11 0.000000000000000000e+00 0.000000000000000000e+00 0.000000000000000000e+00
3.895780213109558332e+01 2.184724012960084491e-10 2.261258293247660509e-11 0.000000000000000000e+00 0.000000000000000000e+00 0.000000000000000000e+00
4.065273151052780776e+01 2.006411977311136956e-10 2.076884854513302667e-11 0.000000000000000000e+00 0.000000000000000000e+00 0.000000000000000000e+00
4.242140184669047898e+01 1.842685141284229783e-10 1.907561865638733307e-11 0.000000000000000000e+00 0.000000000000000000e+00 0.000000000000000000e+00
4.426702137277933247e+01 1.692360714027109316e-10 1.752092525787420107e-11 0.000000000000000000e+00 0.000000000000000000e+00 0.000000000000000000e+00
4.619293790195614946e+01 1.554283830268793151e-10 1.609290605252870575e-11 0.000000000000000000e+00 0.000000000000000000e+00 0.000000000000000000e+00
4.820264490002678315e+01 1.427536219510142172e-10 1.478180300145025117e-11 0.000000000000000000e+00 0.000000000000000000e+00 0.000000000000000000e+00
5.029978782232173273e+01 1.311122386742347747e-10 1.357756774188774258e-11 0.000000000000000000e+00 0.000000000000000000e+00 0.000000000000000000e+00
5.248817072627439728e+01 1.204248611996259441e-10 1.247174473689751468e-11 0.000000000000000000e+00 0.000000000000000000e+00 0.000000000000000000e+00
5.477176317169127628e+01 1.106119592238987600e-10 1.145626315818268842e-11 0.000000000000000000e+00 0.000000000000000000e+00 0.000000000000000000e+00
5.715470742123107328e+01 1.016012363103368331e-10 1.052364625131967231e-11 0.000000000000000000e+00 0.000000000000000000e+00 0.000000000000000000e+00
5.964132595415325255e+01 9.332897783185808618e-11 9.667232117505955101e-12 0.000000000000000000e+00 0.000000000000000000e+00 0.000000000000000000e+00
6.223612930696613432e+01 8.573412706297520703e-11 8.880760413542393027e-12 0.000000000000000000e+00 0.000000000000000000e+00 0.000000000000000000e+00
6.494382425519634694e+01 7.876297442143565461e-11 8.158541402555917502e-12 0.000000000000000000e+00 0.000000000000000000e+00 0.000000000000000000e+00
6.776932235112084868e+01 7.236155149959207398e-11 7.495205417067315825e-12 0.000000000000000000e+00 0.000000000000000000e+00 0.000000000000000000e+00
7.071774883294858682e+01 6.648528401602941560e-11 6.886016519077135781e-12 0.000000000000000000e+00 0.000000000000000000e+00 0.000000000000000000e+00
7.379445192161182376e+01 6.109453537940954239e-11 6.326747896232772180e-12 0.000000000000000000e+00 0.000000000000000000e+00 0.000000000000000000e+00
7.700501252203143565e+01 5.614333513828172059e-11 5.812987656380892762e-12 0.000000000000000000e+00 0.000000000000000000e+00 0.000000000000000000e+00
8.035525434645299470e+01 5.159888587376960651e-11 5.341161376385107694e-12 0.000000000000000000e+00 0.000000000000000000e+00 0.000000000000000000e+00
8.385125447821714317e+01 4.742850401444696183e-11 4.907885133416649586e-12 0.000000000000000000e+00 0.000000000000000000e+00 0.000000000000000000e+00
8.749935439512539403e+01 4.359986074159797957e-11 4.509920501161938464e-12 0.000000000000000000e+00 0.000000000000000000e+00 0.000000000000000000e+00
9.130617147239769338e+01 4.008605496312396324e-11 4.144441746150979834e-12 0.000000000000000000e+00 0.000000000000000000e+00 0.000000000000000000e+00
9.527861098608673274e+01 3.685791428837142110e-11 3.808673976611639890e-12 0.000000000000000000e+00 0.000000000000000000e+00 0.000000000000000000e+00
9.942387863872237119e+01 3.389748570153294009e-11 3.500407160919786958e-12 0.000000000000000000e+00 0.000000000000000000e+00 0.000000000000000000e+00
1.037494936299070645e+02 3.117733309334753338e-11 3.217182086756200065e-12 0.000000000000000000e+00 0.000000000000000000e+00 0.000000000000000000e+00
1.082633022955706252e+02 2.867957210628661137e-11 2.957043309575927827e-12 0.000000000000000000e+00 0.000000000000000000e+00 0.000000000000000000e+00
1.129734923406257820e+02 2.638401922015678285e-11 2.718037174143102261e-12 0.000000000000000000e+00 0.000000000000000000e+00 0.000000000000000000e+00
1.178886076908408143e+02 2.427518437156886014e-11 2.498489445218493652e-12 0.000000000000000000e+00 0.000000000000000000e+00 0.000000000000000000e+00
1.230175639908698031e+02 2.233724747221080728e-11 2.296823075603458609e-12 0.000000000000000000e+00 0.000000000000000000e+00 0.000000000000000000e+00
1.283696647765525256e+02 2.055441365904932959e-11 2.111502734453256721e-12 0.000000000000000000e+00 0.000000000000000000e+00 0.000000000000000000e+00
1.339546183508192598e+02 1.891480754872647513e-11 1.941237888773778079e-12 0.000000000000000000e+00 0.000000000000000000e+00 0.000000000000000000e+00
1.397825553938130554e+02 1.740689072438599487e-11 1.784825908414569336e-12 0.000000000000000000e+00 0.000000000000000000e+00 0.000000000000000000e+00
1.458640473391704688e+02 1.602001785395821332e-11 1.641131267736170627e-12 0.000000000000000000e+00 0.000000000000000000e+00 0.000000000000000000e+00
1.522101255497971692e+02 1.474362760976138966e-11 1.509090130489421018e-12 0.000000000000000000e+00 0.000000000000000000e+00 0.000000000000000000e+00
1.588323013279193674e+02 1.356930111327021641e-11 1.387821044700332815e-12 0.000000000000000000e+00 0.000000000000000000e+00 0.000000000000000000e+00
1.657425867957087178e+02 1.248815428488291031e-11 1.276348652365249591e-12 0.000000000000000000e+00 0.000000000000000000e+00 0.000000000000000000e+00
1.729535166843564582e+02 1.149435131443968496e-11 1.173993859228214251e-12 0.000000000000000000e+00 0.000000000000000000e+00 0.000000000000000000e+00
1.804781710711205562e+02 1.058036199044522817e-11 1.079948045754265631e-12 0.000000000000000000e+00 0.000000000000000000e+00 0.000000000000000000e+00
1.883301991055890028e+02 9.741090021026720384e-12 9.936051165053691253e-13 0.000000000000000000e+00 0.000000000000000000e+00 0.000000000000000000e+00
1.965238437681966275e+02 8.971391042832910551e-12 9.143229491540882421e-13 0.000000000000000000e+00 0.000000000000000000e+00 0.000000000000000000e+00
2.050739677059069948e+02 8.266031420765609214e-12 8.415369424904780917e-13 0.000000000000000000e+00 0.000000000000000000e+00 0.000000000000000000e+00
2.139960801919201003e+02 7.621124695954277426e-12 7.747805372569076161e-13 0.000000000000000000e+00 0.000000000000000000e+00 0.000000000000000000e+00
2.233063652583127521e+02 7.031946899917348146e-12 7.135441666639395445e-13 0.000000000000000000e+00 0.000000000000000000e+00 0.000000000000000000e+00
2.330217110526390911e+02 6.494484555172861819e-12 6.574161086708597929e-13 0.000000000000000000e+00 0.000000000000000000e+00 0.000000000000000000e+00
2.431597404717432198e+02 6.004629208470416285e-12 6.059666640332399345e-13 0.000000000000000000e+00 0.000000000000000000e+00 0.000000000000000000e+00
2.537388431283509647e+02 5.558132417333490611e-12 5.588338266674447945e-13 0.000000000000000000e+00 0.000000000000000000e+00 0.000000000000000000e+00
2.647782087084258933e+02 5.150926741383121312e-12 5.156784679227352804e-13 0.000000000000000000e+00 0.000000000000000000e+00 0.000000000000000000e+00
2.762978617797970742e+02 4.778928545119738274e-12 4.761882095800614159e-13 0.000000000000000000e+00 0.000000000000000000e+00 0.000000000000000000e+00
2.883186981151989698e+02 4.438099002192198330e-12 4.400520957239871409e-13 0.000000000000000000e+00 0.000000000000000000e+00 0.000000000000000000e+00
3.008625225956113809e+02 4.123883746562709668e-12 4.069774854073839685e-13 0.000000000000000000e+00 0.000000000000000000e+00 0.000000000000000000e+00
3.139520887626504759e+02 3.832053499819592247e-12 3.766834550743874191e-13 0.000000000000000000e+00 0.000000000000000000e+00 0.000000000000000000e+00
3.276111400917600349e+02 3.559083004698027554e-12 3.489330635078135629e-13 0.000000000000000000e+00 0.000000000000000000e+00 0.000000000000000000e+00
3.418644530610662855e+02 3.302312442979875350e-12 3.234861634759688912e-13 0.000000000000000000e+00 0.000000000000000000e+00 0.000000000000000000e+00
3.567378820940206197e+02 3.060540399831037890e-12 3.001254030238504892e-13 0.000000000000000000e+00 0.000000000000000000e+00 0.000000000000000000e+00
3.722584064573538853e+02 2.834217643389266521e-12 2.786263957687291691e-13 0.000000000000000000e+00 0.000000000000000000e+00 0.000000000000000000e+00
3.884541791994093956e+02 2.625198121948078649e-12 2.588177089888742128e-13 0.000000000000000000e+00 0.000000000000000000e+00 0.000000000000000000e+00
4.053545782176276475e+02 2.435399691156952285e-12 2.405392265946616049e-13 0.000000000000000000e+00 0.000000000000000000e+00 0.000000000000000000e+00
4.229902595478124567e+02 2.265122857918875840e-12 2.236500430002439131e-13 0.000000000000000000e+00 0.000000000000000000e+00 0.000000000000000000e+00
4.413932129718455144e+02 2.112433357185291095e-12 2.080448152945585797e-13 0.000000000000000000e+00 0.000000000000000000e+00 0.000000000000000000e+00
4.605968200447100571e+02 1.973533642993649409e-12 1.936388768347054331e-13 0.000000000000000000e+00 0.000000000000000000e+00 0.000000000000000000e+00
4.806359146460892475e+02 1.844899263168037124e-12 1.803750673110448465e-13 0.000000000000000000e+00 0.000000000000000000e+00 0.000000000000000000e+00
5.015468461663685957e+02 1.724485039059381280e-12 1.682065672732648664e-13 0.000000000000000000e+00 0.000000000000000000e+00 0.000000000000000000e+00
5.233675454416602406e+02 1.611897822379026313e-12 1.570905718065553149e-13 0.000000000000000000e+00 0.000000000000000000e+00 0.000000000000000000e+00
5.461375935574483265e+02 1.507849973914644593e-12 1.469916648319727631e-13 0.000000000000000000e+00 0.000000000000000000e+00 0.000000000000000000e+00
5.698982936456619655e+02 1.412785504639725636e-12 1.378593875633675229e-13 0.000000000000000000e+00 0.000000000000000000e+00 0.000000000000000000e+00
5.946927458054085491e+02 1.326307810101277177e-12 1.296206205446514011e-13 0.000000000000000000e+00 0.000000000000000000e+00 0.000000000000000000e+00
6.205659252832682569e+02 1.247515249936113630e-12 1.221692180055893008e-13 0.000000000000000000e+00 0.000000000000000000e+00 0.000000000000000000e+00
6.475647640549660764e+02 1.176385802138297020e-12 1.153970558286789175e-13 0.000000000000000000e+00 0.000000000000000000e+00 0.000000000000000000e+00
6.757382359563951013e+02 1.113824793979357367e-12 1.091789136647528979e-13 0.000000000000000000e+00 0.000000000000000000e+00 0.000000000000000000e+00
7.051374455184256931e+02 1.060483972547356991e-12 1.034049905236717853e-13 0.000000000000000000e+00 0.000000000000000000e+00 0.000000000000000000e+00
7.358157206666278398e+02 1.014218804074237120e-12 9.801945172291152720e-14 0.000000000000000000e+00 0.000000000000000000e+00 0.000000000000000000e+00
7.678287094540650060e+02 9.706549922851838638e-13 9.300948164432308214e-14 0.000000000000000000e+00 0.000000000000000000e+00 0.000000000000000000e+00
8.012344810026208961e+02 9.266622277604912161e-13 8.841903479378756308e-14 0.000000000000000000e+00 0.000000000000000000e+00 0.000000000000000000e+00
8.360936308359608802e+02 8.834521826339936108e-13 8.433099399657526113e-14 0.000000000000000000e+00 0.000000000000000000e+00 0.000000000000000000e+00
8.724693907951938172e+02 8.437767967665074009e-13 8.080094445270918722e-14 0.000000000000000000e+00 0.000000000000000000e+00 0.000000000000000000e+00
9.104277437366123422e+02 8.093222731601222466e-13 7.784491802626333546e-14 0.000000000000000000e+00 0.000000000000000000e+00 0.000000000000000000e+00
9.500375432195683061e+02 7.783929492139943065e-13 7.536750940663789094e-14 0.000000000000000000e+00 0.000000000000000000e+00 0.000000000000000000e+00
9.913706384015775939e+02 7.496500799501507836e-13 7.321132916249503938e-14 0.000000000000000000e+00 0.000000000000000000e+00 0.000000000000000000e+00
1.034502004367218660e+03 7.250962513986237442e-13 7.123602153341607967e-14 0.000000000000000000e+00 0.000000000000000000e+00 0.000000000000000000e+00
1.079509878127221327e+03 7.061034757879976536e-13 6.936597314936568599e-14 0.000000000000000000e+00 0.000000000000000000e+00 0.000000000000000000e+00
1.126475900534442644e+03 6.914418474447640517e-13 6.772170580478973908e-14 0.000000000000000000e+00 0.000000000000000000e+00 0.000000000000000000e+00
1.175485264374150120e+03 6.798066138246556073e-13 6.651034536974440093e-14 0.000000000000000000e+00 0.000000000000000000e+00 0.000000000000000000e+00
1.226626868897243185e+03 6.713913303077710960e-13 6.589270903135794868e-14 0.000000000000000000e+00 0.000000000000000000e+00 0.000000000000000000e+00
1.279993481076717899e+03 6.664110791177242738e-13 6.582764606177209062e-14 0.000000000000000000e+00 0.000000000000000000e+00 0.000000000000000000e+00
1.335681903879886931e+03 6.650361764646430045e-13 6.607385925919486225e-14 0.000000000000000000e+00 0.000000000000000000e+00 0.000000000000000000e+00
1.393793151861582601e+03 6.674985923259469098e-13 6.643879365115613552e-14 0.000000000000000000e+00 0.000000000000000000e+00 0.000000000000000000e+00
1.454432634396866888e+03 6.757251733399246765e-13 6.710165607866422908e-14 0.000000000000000000e+00 0.000000000000000000e+00 0.000000000000000000e+00
1.517710346885595754e+03 6.872163218352290625e-13 6.859818001820993137e-14 0.000000000000000000e+00 0.000000000000000000e+00 0.000000000000000000e+00
1.583741070275696984e+03 7.013136461783496922e-13 7.120438669249939490e-14 0.000000000000000000e+00 0.000000000000000000e+00 0.000000000000000000e+00
1.652644579267060635e+03 7.186181275391475655e-13 7.452858494509435460e-14 0.000000000000000000e+00 0.000000000000000000e+00 0.000000000000000000e+00
1.724545859573716598e+03 7.386111760800527064e-13 7.787797716598481307e-14 0.000000000000000000e+00 0.000000000000000000e+00 0.000000000000000000e+00
1.799575334638394452e+03 7.805850923430398972e-13 8.143826992577494177e-14 0.000000000000000000e+00 0.000000000000000000e+00 0.000000000000000000e+00
1.877869102210708206e+03 8.365958900798542916e-13 8.603362963226801155e-14 0.000000000000000000e+00 0.000000000000000000e+00 0.000000000000000000e+00
1.959569181218102358e+03 8.778924512881466070e-13 9.073697586458348247e-14 0.000000000000000000e+00 0.000000000000000000e+00 0.000000000000000000e+00
2.044823769377360577e+03 8.993814661379685934e-13 9.334545568091098803e-14 0.000000000000000000e+00 0.000000000000000000e+00 0.000000000000000000e+00
2.133787512013977448e+03 9.071047010835616983e-13 9.407002067078590227e-14 0.000000000000000000e+00 0.000000000000000000e+00 0.000000000000000000e+00
2.226621782576980422e+03 8.960375536286707878e-13 9.287811852529267181e-14 0.000000000000000000e+00 0.000000000000000000e+00 0.000000000000000000e+00
2.323494975358078136e+03 8.683325991490755912e-13 8.814249000203311248e-14 0.000000000000000000e+00 0.000000000000000000e+00 0.000000000000000000e+00
2.424582810946065820e+03 8.134932730311530994e-13 8.175398094374686042e-14 0.000000000000000000e+00 0.000000000000000000e+00 0.000000000000000000e+00
2.530068654970585612e+03 7.505477495421398612e-13 7.497544355731756321e-14 0.000000000000000000e+00 0.000000000000000000e+00 0.000000000000000000e+00
2.640143850713400752e+03 6.888374916785253662e-13 6.854355433538841193e-14 0.000000000000000000e+00 0.000000000000000000e+00 0.000000000000000000e+00
2.755008066190528098e+03 6.495783375055205565e-13 6.357802508908071150e-14 0.000000000000000000e+00 0.000000000000000000e+00 0.000000000000000000e+00
2.874869656334801675e+03 6.321170281594082068e-13 6.092745518513740882e-14 0.000000000000000000e+00 0.000000000000000000e+00 0.000000000000000000e+00
2.999946040935837118e+03 6.220059066876810851e-13 5.995216355368403375e-14 0.000000000000000000e+00 0.000000000000000000e+00 0.000000000000000000e+00
3.130464099022974096e+03 6.489602511772441509e-13 6.217332499011649681e-14 0.000000000000000000e+00 0.000000000000000000e+00 0.000000000000000000e+00
3.266660580406526151e+03 7.338844303057764937e-13 6.730504001649161291e-14 0.000000000000000000e+00 0.000000000000000000e+00 0.000000000000000000e+00
3.408782535123903926e+03 8.166190565349212799e-13 7.638852506768917290e-14 0.000000000000000000e+00 0.000000000000000000e+00 0.000000000000000000e+00
3.557087761569554004e+03 9.803852265559680266e-13 9.226305291483457875e-14 0.000000000000000000e+00 0.000000000000000000e+00 0.000000000000000000e+00
3.711845274121596958e+03 1.217486781436602793e-12 1.144915918378654217e-13 0.000000000000000000e+00 0.000000000000000000e+00 0.000000000000000000e+00
3.873335791113409414e+03 1.738679589374754960e-12 1.559608358419322420e-13 0.000000000000000000e+00 0.000000000000000000e+00 0.000000000000000000e+00
4.041852244035283547e+03 2.330599471122086699e-12 2.265951113826703078e-13 0.000000000000000000e+00 0.000000000000000000e+00 0.000000000000000000e+00
4.217700308889829103e+03 3.636701107752174609e-12 3.734297151695661309e-13 0.000000000000000000e+00 0.000000000000000000e+00 0.000000000000000000e+00
4.401198960664939477e+03 6.222621232714347679e-12 6.734762410642128364e-13 0.000000000000000000e+00 0.000000000000000000e+00 0.000000000000000000e+00
4.592681051930127069e+03 1.575264455045884655e-11 1.661826915794115355e-12 0.000000000000000000e+00 0.000000000000000000e+00 0.000000000000000000e+00
4.792493916605692903e+03 5.464700834915570716e-11 9.508136589311454823e-12 0.000000000000000000e+00 0.000000000000000000e+00 0.000000000000000000e+00
5.001000000000000909e+03 0.000000000000000000e+00 0.000000000000000000e+00 0.000000000000000000e+00 0.000000000000000000e+00 0.000000000000000000e+00
