1.000000000000000000e+00 -5.017701462381993590e-09 1.162498005013416634e-08 1.910891719452641618e-08 0.000000000000000000e+00 0.000000000000000000e+00 0.000000000000000000e+00 0.000000000000000000e+00 0.000000000000000000e+00 0.000000000000000000e+00 0.000000000000000000e+00 8.791465471453641965e-08
1.047129071589127935e+00 -4.577155667054329485e-09 1.062413532420680021e-08 1.742745103765333690e-08 0.000000000000000000e+00 0.000000000000000000e+00 0.000000000000000000e+00 0.000000000000000000e+00 0.000000000000000000e+00 0.000000000000000000e+00 0.000000000000000000e+00 8.018159412105109898e-08
1.096479292567109187e+00 -4.174662550561905570e-09 9.695941725048634551e-09 1.589391490081236176e-08 0.000000000000000000e+00 0.000000000000000000e+00 0.000000000000000000e+00 0.000000000000000000e+00 0.000000000000000000e+00 0.000000000000000000e+00 0.000000000000000000e+00 7.312759020018145347e-08
1.148155343642500714e+00 -3.807499437266260225e-09 8.847828391781938225e-09 1.449537401816737296e-08 0.000000000000000000e+00 0.000000000000000000e+00 0.000000000000000000e+00 0.000000000000000000e+00 0.000000000000000000e+00 0.000000000000000000e+00 0.000000000000000000e+00 6.669414690132817118e-08
1.202266839028468093e+00 -3.472570822022112559e-09 8.072841491643149443e-09 1.321991689867039177e-08 0.000000000000000000e+00 0.000000000000000000e+00 0.000000000000000000e+00 0.000000000000000000e+00 0.000000000000000000e+00 0.000000000000000000e+00 0.000000000000000000e+00 6.082658836985339643e-08
1.258928558954275356e+00 -3.167056860133427224e-09 7.364751934074589069e-09 1.205669022058494760e-08 0.000000000000000000e+00 0.000000000000000000e+00 0.000000000000000000e+00 0.000000000000000000e+00 0.000000000000000000e+00 0.000000000000000000e+00 0.000000000000000000e+00 5.547510378951505108e-08
1.318260693134829076e+00 -2.888347763284130172e-09 6.716583066932839733e-09 1.099581562297873540e-08 0.000000000000000000e+00 0.000000000000000000e+00 0.000000000000000000e+00 0.000000000000000000e+00 0.000000000000000000e+00 0.000000000000000000e+00 0.000000000000000000e+00 5.059424028190680561e-08
1.380389095714713799e+00 -2.634198746451975312e-09 6.126936180414974884e-09 1.002832226501599149e-08 0.000000000000000000e+00 0.000000000000000000e+00 0.000000000000000000e+00 0.000000000000000000e+00 0.000000000000000000e+00 0.000000000000000000e+00 0.000000000000000000e+00 4.614289084989927664e-08
1.445445552227504260e+00 -2.402379743356443131e-09 5.588004260823486931e-09 9.145968489953257368e-09 0.000000000000000000e+00 0.000000000000000000e+00 0.000000000000000000e+00 0.000000000000000000e+00 0.000000000000000000e+00 0.000000000000000000e+00 0.000000000000000000e+00 4.208307876588081707e-08
1.513568059136620958e+00 -2.190960946851204178e-09 5.096433683856606566e-09 8.341229094779635313e-09 0.000000000000000000e+00 0.000000000000000000e+00 0.000000000000000000e+00 0.000000000000000000e+00 0.000000000000000000e+00 0.000000000000000000e+00 0.000000000000000000e+00 3.838040885184157439e-08
1.584901116550688105e+00 -1.998156440243094648e-09 4.648474185232715381e-09 7.607264365828070201e-09 0.000000000000000000e+00 0.000000000000000000e+00 0.000000000000000000e+00 0.000000000000000000e+00 0.000000000000000000e+00 0.000000000000000000e+00 0.000000000000000000e+00 3.500351078774877671e-08
1.659596034734294401e+00 -1.822308863820761906e-09 4.239421482541150751e-09 6.937872772652768518e-09 0.000000000000000000e+00 0.000000000000000000e+00 0.000000000000000000e+00 0.000000000000000000e+00 0.000000000000000000e+00 0.000000000000000000e+00 0.000000000000000000e+00 3.192366356697442410e-08
1.737811255064319882e+00 -1.661936375836866519e-09 3.866635505477935376e-09 6.327436702634967714e-09 0.000000000000000000e+00 0.000000000000000000e+00 0.000000000000000000e+00 0.000000000000000000e+00 0.000000000000000000e+00 0.000000000000000000e+00 0.000000000000000000e+00 2.911481346207037558e-08
1.819712686112638478e+00 -1.515677320499925976e-09 3.526510242743499897e-09 5.770653947988883780e-09 0.000000000000000000e+00 0.000000000000000000e+00 0.000000000000000000e+00 0.000000000000000000e+00 0.000000000000000000e+00 0.000000000000000000e+00 0.000000000000000000e+00 2.655305259841405306e-08
1.905474055568085578e+00 -1.382288943319562263e-09 3.216185098054549290e-09 5.262862670986407364e-09 0.000000000000000000e+00 0.000000000000000000e+00 0.000000000000000000e+00 0.000000000000000000e+00 0.000000000000000000e+00 0.000000000000000000e+00 0.000000000000000000e+00 2.421666995632448820e-08
1.995277278744179705e+00 -1.260638796234168787e-09 2.933413480387932300e-09 4.799804804322273255e-09 0.000000000000000000e+00 0.000000000000000000e+00 0.000000000000000000e+00 0.000000000000000000e+00 0.000000000000000000e+00 0.000000000000000000e+00 0.000000000000000000e+00 2.208587902232452064e-08
2.089312844454274565e+00 -1.149803696142189104e-09 2.678148138202471892e-09 4.377362328722963112e-09 0.000000000000000000e+00 0.000000000000000000e+00 0.000000000000000000e+00 0.000000000000000000e+00 0.000000000000000000e+00 0.000000000000000000e+00 0.000000000000000000e+00 2.014297116632083631e-08
2.187780219072644972e+00 -1.048627345969240185e-09 2.443467879824895074e-09 3.992200125700096683e-09 0.000000000000000000e+00 0.000000000000000000e+00 0.000000000000000000e+00 0.000000000000000000e+00 0.000000000000000000e+00 0.000000000000000000e+00 0.000000000000000000e+00 1.837094948670271925e-08
2.290888269638597485e+00 -9.563430340575302662e-10 2.229158508485522010e-09 3.640918862033093897e-09 0.000000000000000000e+00 0.000000000000000000e+00 0.000000000000000000e+00 0.000000000000000000e+00 0.000000000000000000e+00 0.000000000000000000e+00 0.000000000000000000e+00 1.675482381863957235e-08
2.398855706901088514e+00 -8.721709592459406379e-10 2.033536178480985306e-09 3.320552391891103803e-09 0.000000000000000000e+00 0.000000000000000000e+00 0.000000000000000000e+00 0.000000000000000000e+00 0.000000000000000000e+00 0.000000000000000000e+00 0.000000000000000000e+00 1.528085576128791756e-08
2.511911549243617703e+00 -7.954007316355909549e-10 1.854941898897658783e-09 3.028404363297216358e-09 0.000000000000000000e+00 0.000000000000000000e+00 0.000000000000000000e+00 0.000000000000000000e+00 0.000000000000000000e+00 0.000000000000000000e+00 0.000000000000000000e+00 1.393652719038116250e-08
2.630295608473477653e+00 -7.253772596842695305e-10 1.691863841367887415e-09 2.761919425752461113e-09 0.000000000000000000e+00 0.000000000000000000e+00 0.000000000000000000e+00 0.000000000000000000e+00 0.000000000000000000e+00 0.000000000000000000e+00 0.000000000000000000e+00 1.271043168724854561e-08
2.754258998505793254e+00 -6.615233179100601574e-10 1.543216314869999877e-09 2.518913912960566872e-09 0.000000000000000000e+00 0.000000000000000000e+00 0.000000000000000000e+00 0.000000000000000000e+00 0.000000000000000000e+00 0.000000000000000000e+00 0.000000000000000000e+00 1.159218983346164429e-08
2.884064668021372402e+00 -6.032845302453078819e-10 1.407512285224155169e-09 2.297255568251749536e-09 0.000000000000000000e+00 0.000000000000000000e+00 0.000000000000000000e+00 0.000000000000000000e+00 0.000000000000000000e+00 0.000000000000000000e+00 0.000000000000000000e+00 1.057229754507901819e-08
3.019987958228226521e+00 -5.502439520631616098e-10 1.285399649835049659e-09 2.095033380865258336e-09 0.000000000000000000e+00 0.000000000000000000e+00 0.000000000000000000e+00 0.000000000000000000e+00 0.000000000000000000e+00 0.000000000000000000e+00 0.000000000000000000e+00 9.642261927093675968e-09
3.162317186909868738e+00 -5.018314134685133625e-10 1.173334561488663679e-09 1.910653523848044808e-09 0.000000000000000000e+00 0.000000000000000000e+00 0.000000000000000000e+00 0.000000000000000000e+00 0.000000000000000000e+00 0.000000000000000000e+00 0.000000000000000000e+00 8.794120111450536581e-09
3.311354259999273797e+00 -4.576903392962092610e-10 1.071573094259767740e-09 1.742499686042130395e-09 0.000000000000000000e+00 0.000000000000000000e+00 0.000000000000000000e+00 0.000000000000000000e+00 0.000000000000000000e+00 0.000000000000000000e+00 0.000000000000000000e+00 8.020675865324395568e-09
3.467415311975743819e+00 -4.173800299695429403e-10 9.773747962808483004e-10 1.589194894238512581e-09 0.000000000000000000e+00 0.000000000000000000e+00 0.000000000000000000e+00 0.000000000000000000e+00 0.000000000000000000e+00 0.000000000000000000e+00 0.000000000000000000e+00 7.315148112192281297e-09
3.630831376443087510e+00 -3.806322901482343059e-10 8.918576775285164347e-10 1.449352741189071892e-09 0.000000000000000000e+00 0.000000000000000000e+00 0.000000000000000000e+00 0.000000000000000000e+00 0.000000000000000000e+00 0.000000000000000000e+00 0.000000000000000000e+00 6.671703978282014084e-09
3.801949088311525671e+00 -3.471159634796480340e-10 8.136983493999424873e-10 1.321818402642004535e-09 0.000000000000000000e+00 0.000000000000000000e+00 0.000000000000000000e+00 0.000000000000000000e+00 0.000000000000000000e+00 0.000000000000000000e+00 0.000000000000000000e+00 6.084825312918789469e-09
3.981131419072778677e+00 -3.165414008849598571e-10 7.421762293429153006e-10 1.205513814112214183e-09 0.000000000000000000e+00 0.000000000000000000e+00 0.000000000000000000e+00 0.000000000000000000e+00 0.000000000000000000e+00 0.000000000000000000e+00 0.000000000000000000e+00 5.549536992892546253e-09
4.168758446727986566e+00 -2.886875624016141674e-10 6.777981243420196969e-10 1.099405753737334068e-09 0.000000000000000000e+00 0.000000000000000000e+00 0.000000000000000000e+00 0.000000000000000000e+00 0.000000000000000000e+00 0.000000000000000000e+00 0.000000000000000000e+00 5.061476451140323363e-09
4.365228162001612233e+00 -2.632569135648766763e-10 6.184822870738788625e-10 1.002676227346348815e-09 0.000000000000000000e+00 0.000000000000000000e+00 0.000000000000000000e+00 0.000000000000000000e+00 0.000000000000000000e+00 0.000000000000000000e+00 0.000000000000000000e+00 4.616346728726160674e-09
4.570957312551463758e+00 -2.400627511051116379e-10 5.643239704213690872e-10 9.144559760951355594e-10 0.000000000000000000e+00 0.000000000000000000e+00 0.000000000000000000e+00 0.000000000000000000e+00 0.000000000000000000e+00 0.000000000000000000e+00 0.000000000000000000e+00 4.210360018471379754e-09
4.786382286965549682e+00 -2.189097989166351000e-10 5.149075696979823626e-10 8.339889540503923446e-10 0.000000000000000000e+00 0.000000000000000000e+00 0.000000000000000000e+00 0.000000000000000000e+00 0.000000000000000000e+00 0.000000000000000000e+00 0.000000000000000000e+00 3.840065000689659369e-09
5.011960040420881946e+00 -1.996230924380056593e-10 4.698792169634454839e-10 7.606017319971043320e-10 0.000000000000000000e+00 0.000000000000000000e+00 0.000000000000000000e+00 0.000000000000000000e+00 0.000000000000000000e+00 0.000000000000000000e+00 0.000000000000000000e+00 3.502322969713385386e-09
5.248169063967726977e+00 -1.820555976210381830e-10 4.294452785523651331e-10 6.936391039616133345e-10 0.000000000000000000e+00 0.000000000000000000e+00 0.000000000000000000e+00 0.000000000000000000e+00 0.000000000000000000e+00 0.000000000000000000e+00 0.000000000000000000e+00 3.194412263485432704e-09
5.495510399495309173e+00 -1.660110804181511801e-10 3.920612259196307807e-10 6.326050986540776124e-10 0.000000000000000000e+00 0.000000000000000000e+00 0.000000000000000000e+00 0.000000000000000000e+00 0.000000000000000000e+00 0.000000000000000000e+00 0.000000000000000000e+00 2.913552881978147575e-09
5.754508702531921038e+00 -1.513770027131491506e-10 3.579002606263739315e-10 5.769388462837670423e-10 0.000000000000000000e+00 0.000000000000000000e+00 0.000000000000000000e+00 0.000000000000000000e+00 0.000000000000000000e+00 0.000000000000000000e+00 0.000000000000000000e+00 2.657386202451039232e-09
6.025713355133808236e+00 -1.380317153880731562e-10 3.267100359287487785e-10 5.261683703891852017e-10 0.000000000000000000e+00 0.000000000000000000e+00 0.000000000000000000e+00 0.000000000000000000e+00 0.000000000000000000e+00 0.000000000000000000e+00 0.000000000000000000e+00 2.423724122746993745e-09
6.309699631223472771e+00 -1.258653617192766898e-10 2.984321768846259664e-10 4.798591523168952315e-10 0.000000000000000000e+00 0.000000000000000000e+00 0.000000000000000000e+00 0.000000000000000000e+00 0.000000000000000000e+00 0.000000000000000000e+00 0.000000000000000000e+00 2.210676713074357043e-09
6.607069916849297897e+00 -1.147579249792990659e-10 2.723621066794130593e-10 4.376418858836072773e-10 0.000000000000000000e+00 0.000000000000000000e+00 0.000000000000000000e+00 0.000000000000000000e+00 0.000000000000000000e+00 0.000000000000000000e+00 0.000000000000000000e+00 2.016352775675957135e-09
6.918454987954862467e+00 -1.046300626648616056e-10 2.486169621917613596e-10 3.991346332986319773e-10 0.000000000000000000e+00 0.000000000000000000e+00 0.000000000000000000e+00 0.000000000000000000e+00 0.000000000000000000e+00 0.000000000000000000e+00 0.000000000000000000e+00 1.839104382112084986e-09
7.244515348368347318e+00 -9.541016177367345803e-11 2.273912635983513727e-10 3.639862854457008849e-10 0.000000000000000000e+00 0.000000000000000000e+00 0.000000000000000000e+00 0.000000000000000000e+00 0.000000000000000000e+00 0.000000000000000000e+00 0.000000000000000000e+00 1.677502581029184490e-09
7.585942630850135870e+00 -8.698621454676212002e-11 2.076703832082119714e-10 3.319599555953129589e-10 0.000000000000000000e+00 0.000000000000000000e+00 0.000000000000000000e+00 0.000000000000000000e+00 0.000000000000000000e+00 0.000000000000000000e+00 0.000000000000000000e+00 1.530098034471093224e-09
7.943461064170490360e+00 -7.930207428210725499e-11 1.896188499919086569e-10 3.027501894652440527e-10 0.000000000000000000e+00 0.000000000000000000e+00 0.000000000000000000e+00 0.000000000000000000e+00 0.000000000000000000e+00 0.000000000000000000e+00 0.000000000000000000e+00 1.395639160432972318e-09
8.317829009329230416e+00 -7.229988947534649186e-11 1.733202832799216844e-10 2.761006826413471221e-10 0.000000000000000000e+00 0.000000000000000000e+00 0.000000000000000000e+00 0.000000000000000000e+00 0.000000000000000000e+00 0.000000000000000000e+00 0.000000000000000000e+00 1.273035932216042758e-09
8.709840568176032249e+00 -6.590489446386244811e-11 1.582302252659606939e-10 2.518144156103587929e-10 0.000000000000000000e+00 0.000000000000000000e+00 0.000000000000000000e+00 0.000000000000000000e+00 0.000000000000000000e+00 0.000000000000000000e+00 0.000000000000000000e+00 1.161204693835981939e-09
9.120327267843492791e+00 -6.008222664519241844e-11 1.447017608108773835e-10 2.296422867515299399e-10 0.000000000000000000e+00 0.000000000000000000e+00 0.000000000000000000e+00 0.000000000000000000e+00 0.000000000000000000e+00 0.000000000000000000e+00 0.000000000000000000e+00 1.059219614866678162e-09
9.550159824565964684e+00 -5.476908929297891321e-11 1.323231149204356521e-10 2.094285993038495403e-10 0.000000000000000000e+00 0.000000000000000000e+00 0.000000000000000000e+00 0.000000000000000000e+00 0.000000000000000000e+00 0.000000000000000000e+00 0.000000000000000000e+00 9.662220844817517853e-10
1.000024999062554620e+01 -4.991951715465209739e-11 1.208933925781348594e-10 1.910001243378242910e-10 0.000000000000000000e+00 0.000000000000000000e+00 0.000000000000000000e+00 0.000000000000000000e+00 0.000000000000000000e+00 0.000000000000000000e+00 0.000000000000000000e+00 8.813785393714578369e-10
1.047155248834291719e+01 -4.549623062513892985e-11 1.104821837278228724e-10 1.741964889510297050e-10 0.000000000000000000e+00 0.000000000000000000e+00 0.000000000000000000e+00 0.000000000000000000e+00 0.000000000000000000e+00 0.000000000000000000e+00 0.000000000000000000e+00 8.040156625530930462e-10
1.096506703521533943e+01 -4.146114782396419302e-11 1.009517051017976991e-10 1.588695181377988641e-10 0.000000000000000000e+00 0.000000000000000000e+00 0.000000000000000000e+00 0.000000000000000000e+00 0.000000000000000000e+00 0.000000000000000000e+00 0.000000000000000000e+00 7.334469414968757580e-10
1.148184046449759421e+01 -3.778769324529721727e-11 9.245505491608476767e-11 1.448778513966011038e-10 0.000000000000000000e+00 0.000000000000000000e+00 0.000000000000000000e+00 0.000000000000000000e+00 0.000000000000000000e+00 0.000000000000000000e+00 0.000000000000000000e+00 6.691156075684979860e-10
1.202296894572384467e+01 -3.443167619642242041e-11 8.451710502045330593e-11 1.321311118989196237e-10 0.000000000000000000e+00 0.000000000000000000e+00 0.000000000000000000e+00 0.000000000000000000e+00 0.000000000000000000e+00 0.000000000000000000e+00 0.000000000000000000e+00 6.104168203724152685e-10
1.258960030988072276e+01 -3.137212373763152732e-11 7.733789741425898704e-11 1.205008535413746847e-10 0.000000000000000000e+00 0.000000000000000000e+00 0.000000000000000000e+00 0.000000000000000000e+00 0.000000000000000000e+00 0.000000000000000000e+00 0.000000000000000000e+00 5.568967243090355620e-10
1.318293648416360320e+01 -2.858252442182952879e-11 7.079937255799704496e-11 1.098931248750920914e-10 0.000000000000000000e+00 0.000000000000000000e+00 0.000000000000000000e+00 0.000000000000000000e+00 0.000000000000000000e+00 0.000000000000000000e+00 0.000000000000000000e+00 5.080816306262773528e-10
1.380423604148067440e+01 -2.603791660031669127e-11 6.482676266149741090e-11 1.002231588813476477e-10 0.000000000000000000e+00 0.000000000000000000e+00 0.000000000000000000e+00 0.000000000000000000e+00 0.000000000000000000e+00 0.000000000000000000e+00 0.000000000000000000e+00 4.635641283028401844e-10
1.445481687011284144e+01 -2.371597020558916255e-11 5.935462312181337673e-11 9.139916439250731864e-11 0.000000000000000000e+00 0.000000000000000000e+00 0.000000000000000000e+00 0.000000000000000000e+00 0.000000000000000000e+00 0.000000000000000000e+00 0.000000000000000000e+00 4.229626791628548096e-10
1.513605896919212235e+01 -2.159877099587562560e-11 5.435303837589496285e-11 8.335558082858189986e-11 0.000000000000000000e+00 0.000000000000000000e+00 0.000000000000000000e+00 0.000000000000000000e+00 0.000000000000000000e+00 0.000000000000000000e+00 0.000000000000000000e+00 3.859260175796482103e-10
1.584940737592843618e+01 -1.966735082803062808e-11 4.979890408102729042e-11 7.601786148007400364e-11 0.000000000000000000e+00 0.000000000000000000e+00 0.000000000000000000e+00 0.000000000000000000e+00 0.000000000000000000e+00 0.000000000000000000e+00 0.000000000000000000e+00 3.521573474851657814e-10
1.659637523079382504e+01 -1.790573253950563362e-11 4.563667082313673379e-11 6.932692394698457555e-11 0.000000000000000000e+00 0.000000000000000000e+00 0.000000000000000000e+00 0.000000000000000000e+00 0.000000000000000000e+00 0.000000000000000000e+00 0.000000000000000000e+00 3.213557692600133133e-10
1.737854698716593305e+01 -1.629838241029169196e-11 4.180444240628393532e-11 6.322818464758188767e-11 0.000000000000000000e+00 0.000000000000000000e+00 0.000000000000000000e+00 0.000000000000000000e+00 0.000000000000000000e+00 0.000000000000000000e+00 0.000000000000000000e+00 2.932601331111644629e-10
1.819758177223910778e+01 -1.483409509683248064e-11 3.837039062982531368e-11 5.765947108484232837e-11 0.000000000000000000e+00 0.000000000000000000e+00 0.000000000000000000e+00 0.000000000000000000e+00 0.000000000000000000e+00 0.000000000000000000e+00 0.000000000000000000e+00 2.676446603220853585e-10
1.905521690633197096e+01 -1.349713584845969883e-11 3.518551205723911229e-11 5.258563331788845187e-11 0.000000000000000000e+00 0.000000000000000000e+00 0.000000000000000000e+00 0.000000000000000000e+00 0.000000000000000000e+00 0.000000000000000000e+00 0.000000000000000000e+00 2.442759128276377083e-10
1.995327158805684675e+01 -1.227788017454434332e-11 3.228753606098668086e-11 4.795771201796147007e-11 0.000000000000000000e+00 0.000000000000000000e+00 0.000000000000000000e+00 0.000000000000000000e+00 0.000000000000000000e+00 0.000000000000000000e+00 0.000000000000000000e+00 2.229652882765083590e-10
2.089365075316769804e+01 -1.116521351209323338e-11 2.962104649734411378e-11 4.373950948101669629e-11 0.000000000000000000e+00 0.000000000000000000e+00 0.000000000000000000e+00 0.000000000000000000e+00 0.000000000000000000e+00 0.000000000000000000e+00 0.000000000000000000e+00 2.035286777389287382e-10
2.187834911527197335e+01 -1.015171974291193552e-11 2.723356846583894420e-11 3.988712536715696066e-11 0.000000000000000000e+00 0.000000000000000000e+00 0.000000000000000000e+00 0.000000000000000000e+00 0.000000000000000000e+00 0.000000000000000000e+00 0.000000000000000000e+00 1.858070736852098070e-10
2.290945539697756672e+01 -9.226445291183026762e-12 2.501714240604754931e-11 3.637787937615137980e-11 0.000000000000000000e+00 0.000000000000000000e+00 0.000000000000000000e+00 0.000000000000000000e+00 0.000000000000000000e+00 0.000000000000000000e+00 0.000000000000000000e+00 1.696407274449813014e-10
2.398915676044964940e+01 -8.383340826424889461e-12 2.302469905446242462e-11 3.317330123620439598e-11 0.000000000000000000e+00 0.000000000000000000e+00 0.000000000000000000e+00 0.000000000000000000e+00 0.000000000000000000e+00 0.000000000000000000e+00 0.000000000000000000e+00 1.548993869084097977e-10
2.511974344677568993e+01 -7.613750313383092574e-12 2.117909043795547625e-11 3.025460625101303162e-11 0.000000000000000000e+00 0.000000000000000000e+00 0.000000000000000000e+00 0.000000000000000000e+00 0.000000000000000000e+00 0.000000000000000000e+00 0.000000000000000000e+00 1.414526306139580783e-10
2.630361363397931740e+01 -6.912412615103707610e-12 1.951397215644397237e-11 2.759029646752224128e-11 0.000000000000000000e+00 0.000000000000000000e+00 0.000000000000000000e+00 0.000000000000000000e+00 0.000000000000000000e+00 0.000000000000000000e+00 0.000000000000000000e+00 1.291913518252307990e-10
2.754327852398788679e+01 -6.272669138339113820e-12 1.798945204942108285e-11 2.516085711557164335e-11 0.000000000000000000e+00 0.000000000000000000e+00 0.000000000000000000e+00 0.000000000000000000e+00 0.000000000000000000e+00 0.000000000000000000e+00 0.000000000000000000e+00 1.180090994551115854e-10
2.884136766934421203e+01 -5.688830371876263407e-12 1.658360137705647897e-11 2.294577072716050478e-11 0.000000000000000000e+00 0.000000000000000000e+00 0.000000000000000000e+00 0.000000000000000000e+00 0.000000000000000000e+00 0.000000000000000000e+00 0.000000000000000000e+00 1.078098599209683697e-10
3.020063455096109095e+01 -5.156781135125482747e-12 1.530961508696650681e-11 2.092375251437278196e-11 0.000000000000000000e+00 0.000000000000000000e+00 0.000000000000000000e+00 0.000000000000000000e+00 0.000000000000000000e+00 0.000000000000000000e+00 0.000000000000000000e+00 9.850839180224551091e-11
3.162396241875041980e+01 -4.671148470849593682e-12 1.413231323218891748e-11 1.908216442571378101e-11 0.000000000000000000e+00 0.000000000000000000e+00 0.000000000000000000e+00 0.000000000000000000e+00 0.000000000000000000e+00 0.000000000000000000e+00 0.000000000000000000e+00 9.002457636852493277e-11
3.311437040751560801e+01 -4.228646511844762859e-12 1.306607228876799638e-11 1.740107972817828787e-11 0.000000000000000000e+00 0.000000000000000000e+00 0.000000000000000000e+00 0.000000000000000000e+00 0.000000000000000000e+00 0.000000000000000000e+00 0.000000000000000000e+00 8.228889974562572103e-11
3.467501994108030772e+01 -3.824851114235110330e-12 1.208223258615343739e-11 1.586925491504452072e-11 0.000000000000000000e+00 0.000000000000000000e+00 0.000000000000000000e+00 0.000000000000000000e+00 0.000000000000000000e+00 0.000000000000000000e+00 0.000000000000000000e+00 7.523296473726914316e-11
3.630922143823793391e+01 -3.457424683170204574e-12 1.120987033169831913e-11 1.446981656656328390e-11 0.000000000000000000e+00 0.000000000000000000e+00 0.000000000000000000e+00 0.000000000000000000e+00 0.000000000000000000e+00 0.000000000000000000e+00 0.000000000000000000e+00 6.880112742666042757e-11
3.802044133474613830e+01 -3.121805693619032168e-12 1.038524657087819055e-11 1.319504390997283895e-11 0.000000000000000000e+00 0.000000000000000000e+00 0.000000000000000000e+00 0.000000000000000000e+00 0.000000000000000000e+00 0.000000000000000000e+00 0.000000000000000000e+00 6.293231127053522801e-11
3.981230943626162144e+01 -2.815884115084614544e-12 9.635069756646838001e-12 1.203262331792915267e-11 0.000000000000000000e+00 0.000000000000000000e+00 0.000000000000000000e+00 0.000000000000000000e+00 0.000000000000000000e+00 0.000000000000000000e+00 0.000000000000000000e+00 5.758104712392578244e-11
4.168862661781172108e+01 -2.537255395755300680e-12 8.955186067422700542e-12 1.097136877675578903e-11 0.000000000000000000e+00 0.000000000000000000e+00 0.000000000000000000e+00 0.000000000000000000e+00 0.000000000000000000e+00 0.000000000000000000e+00 0.000000000000000000e+00 5.270206817095828443e-11
4.365337288613498856e+01 -2.283368901531184787e-12 8.332606292944553937e-12 1.000360720398937983e-11 0.000000000000000000e+00 0.000000000000000000e+00 0.000000000000000000e+00 0.000000000000000000e+00 0.000000000000000000e+00 0.000000000000000000e+00 0.000000000000000000e+00 4.825274942459067608e-11
4.571071582199255801e+01 -2.052082190491331398e-12 7.766143995154892709e-12 9.120651442365754182e-12 0.000000000000000000e+00 0.000000000000000000e+00 0.000000000000000000e+00 0.000000000000000000e+00 0.000000000000000000e+00 0.000000000000000000e+00 0.000000000000000000e+00 4.419581834282206718e-11
4.786501942035751966e+01 -1.841404438621523571e-12 7.245002023771969888e-12 8.316385624286324246e-12 0.000000000000000000e+00 0.000000000000000000e+00 0.000000000000000000e+00 0.000000000000000000e+00 0.000000000000000000e+00 0.000000000000000000e+00 0.000000000000000000e+00 4.049639114003818142e-11
5.012085334723456498e+01 -1.649534642847992858e-12 6.764723070190479129e-12 7.582089262082438616e-12 0.000000000000000000e+00 0.000000000000000000e+00 0.000000000000000000e+00 0.000000000000000000e+00 0.000000000000000000e+00 0.000000000000000000e+00 0.000000000000000000e+00 3.712235320464854004e-11
5.248300263274455801e+01 -1.475073513778316863e-12 6.334236440806395845e-12 6.911197015115175296e-12 0.000000000000000000e+00 0.000000000000000000e+00 0.000000000000000000e+00 0.000000000000000000e+00 0.000000000000000000e+00 0.000000000000000000e+00 0.000000000000000000e+00 3.404769886427076161e-11
5.495647782103555556e+01 -1.316221254951719569e-12 5.933485662422896422e-12 6.300504635133578756e-12 0.000000000000000000e+00 0.000000000000000000e+00 0.000000000000000000e+00 0.000000000000000000e+00 0.000000000000000000e+00 0.000000000000000000e+00 0.000000000000000000e+00 3.124362685354562409e-11
5.754652559854947924e+01 -1.171948559889409149e-12 5.571058987361712319e-12 5.741654491079929488e-12 0.000000000000000000e+00 0.000000000000000000e+00 0.000000000000000000e+00 0.000000000000000000e+00 0.000000000000000000e+00 0.000000000000000000e+00 0.000000000000000000e+00 2.868792522740821376e-11
6.025863992318909368e+01 -1.040735114714996287e-12 5.232778063728842975e-12 5.233631361248878584e-12 0.000000000000000000e+00 0.000000000000000000e+00 0.000000000000000000e+00 0.000000000000000000e+00 0.000000000000000000e+00 0.000000000000000000e+00 0.000000000000000000e+00 2.635735356636587404e-11
6.309857367799257588e+01 -9.217940001726950968e-13 4.930635339003760045e-12 4.768961961666124222e-12 0.000000000000000000e+00 0.000000000000000000e+00 0.000000000000000000e+00 0.000000000000000000e+00 0.000000000000000000e+00 0.000000000000000000e+00 0.000000000000000000e+00 2.423465607113065933e-11
6.607235087403454088e+01 -8.139131491103148589e-13 4.650380449333312297e-12 4.345389262006275263e-12 0.000000000000000000e+00 0.000000000000000000e+00 0.000000000000000000e+00 0.000000000000000000e+00 0.000000000000000000e+00 0.000000000000000000e+00 0.000000000000000000e+00 2.229960269232659115e-11
6.918627942843887979e+01 -7.163451113534684778e-13 4.400084670322213907e-12 3.958449529701592102e-12 0.000000000000000000e+00 0.000000000000000000e+00 0.000000000000000000e+00 0.000000000000000000e+00 0.000000000000000000e+00 0.000000000000000000e+00 0.000000000000000000e+00 2.053755716594490268e-11
7.244696454460721213e+01 -6.280942248518521925e-13 4.165736056185096942e-12 3.605343513901149922e-12 0.000000000000000000e+00 0.000000000000000000e+00 0.000000000000000000e+00 0.000000000000000000e+00 0.000000000000000000e+00 0.000000000000000000e+00 0.000000000000000000e+00 1.893137462811204146e-11
7.586132272304500646e+01 -5.486211264001972410e-13 3.958383431339846540e-12 3.282739902446660653e-12 0.000000000000000000e+00 0.000000000000000000e+00 0.000000000000000000e+00 0.000000000000000000e+00 0.000000000000000000e+00 0.000000000000000000e+00 0.000000000000000000e+00 1.747018695514086143e-11
7.943659643250535396e+01 -4.770357502243947790e-13 3.761784285270110701e-12 2.989048422351960166e-12 0.000000000000000000e+00 0.000000000000000000e+00 0.000000000000000000e+00 0.000000000000000000e+00 0.000000000000000000e+00 0.000000000000000000e+00 0.000000000000000000e+00 1.613867977456660575e-11
8.318036947256955216e+01 -4.129503610750930724e-13 3.588709665481129211e-12 2.720191773798410057e-12 0.000000000000000000e+00 0.000000000000000000e+00 0.000000000000000000e+00 0.000000000000000000e+00 0.000000000000000000e+00 0.000000000000000000e+00 0.000000000000000000e+00 1.492816376666078293e-11
8.710058306025237584e+01 -3.557056169023552830e-13 3.430381117938102246e-12 2.475282398739260932e-12 0.000000000000000000e+00 0.000000000000000000e+00 0.000000000000000000e+00 0.000000000000000000e+00 0.000000000000000000e+00 0.000000000000000000e+00 0.000000000000000000e+00 1.382718442298147553e-11
9.120555267475383232e+01 -3.048620858590442797e-13 3.285054868153127196e-12 2.251674117237291023e-12 0.000000000000000000e+00 0.000000000000000000e+00 0.000000000000000000e+00 0.000000000000000000e+00 0.000000000000000000e+00 0.000000000000000000e+00 0.000000000000000000e+00 1.282622792638868638e-11
9.550398569608826449e+01 -2.599923596230183075e-13 3.152726726013512905e-12 2.047590799048155251e-12 0.000000000000000000e+00 0.000000000000000000e+00 0.000000000000000000e+00 0.000000000000000000e+00 0.000000000000000000e+00 0.000000000000000000e+00 0.000000000000000000e+00 1.191696091159365791e-11
1.000049998750062343e+02 -2.207395836000935155e-13 3.038024083512835109e-12 1.861270096289327005e-12 0.000000000000000000e+00 0.000000000000000000e+00 0.000000000000000000e+00 0.000000000000000000e+00 0.000000000000000000e+00 0.000000000000000000e+00 0.000000000000000000e+00 1.109324046209871396e-11
1.047181426733861684e+02 -1.867627967998537946e-13 2.931361410420520194e-12 1.692120191563850068e-12 0.000000000000000000e+00 0.000000000000000000e+00 0.000000000000000000e+00 0.000000000000000000e+00 0.000000000000000000e+00 0.000000000000000000e+00 0.000000000000000000e+00 1.034616774938818810e-11
1.096534115161207410e+02 -1.577411495384546498e-13 2.839092534689276652e-12 1.537534829721101813e-12 0.000000000000000000e+00 0.000000000000000000e+00 0.000000000000000000e+00 0.000000000000000000e+00 0.000000000000000000e+00 0.000000000000000000e+00 0.000000000000000000e+00 9.670965276925184961e-12
1.148212749974560154e+02 -1.334842958297725123e-13 2.754122762453682289e-12 1.397296255267289412e-12 0.000000000000000000e+00 0.000000000000000000e+00 0.000000000000000000e+00 0.000000000000000000e+00 0.000000000000000000e+00 0.000000000000000000e+00 0.000000000000000000e+00 9.060762495653138099e-12
1.202326950867661139e+02 -1.136871528580443358e-13 2.681482961048761793e-12 1.269901565579460906e-12 0.000000000000000000e+00 0.000000000000000000e+00 0.000000000000000000e+00 0.000000000000000000e+00 0.000000000000000000e+00 0.000000000000000000e+00 0.000000000000000000e+00 8.511808627549903258e-12
1.258991503808641426e+02 -9.815076535093994320e-14 2.618874157635901437e-12 1.154696650659973405e-12 0.000000000000000000e+00 0.000000000000000000e+00 0.000000000000000000e+00 0.000000000000000000e+00 0.000000000000000000e+00 0.000000000000000000e+00 0.000000000000000000e+00 8.019257137399458645e-12
1.318326604521743093e+02 -8.670944724393117374e-14 2.565455564495433600e-12 1.050746785020985248e-12 0.000000000000000000e+00 0.000000000000000000e+00 0.000000000000000000e+00 0.000000000000000000e+00 0.000000000000000000e+00 0.000000000000000000e+00 0.000000000000000000e+00 7.579164116355937705e-12
1.380458113444099411e+02 -7.904324632598602107e-14 2.523105737344098369e-12 9.573863477172213596e-13 0.000000000000000000e+00 0.000000000000000000e+00 0.000000000000000000e+00 0.000000000000000000e+00 0.000000000000000000e+00 0.000000000000000000e+00 0.000000000000000000e+00 7.188800366062028773e-12
1.445517822698399470e+02 -7.521774420733326617e-14 2.486163341296617131e-12 8.743283269247855846e-13 0.000000000000000000e+00 0.000000000000000000e+00 0.000000000000000000e+00 0.000000000000000000e+00 0.000000000000000000e+00 0.000000000000000000e+00 0.000000000000000000e+00 6.843794902493330640e-12
1.513643735647713129e+02 -7.476382556082494722e-14 2.459449057013269648e-12 8.009714330772408495e-13 0.000000000000000000e+00 0.000000000000000000e+00 0.000000000000000000e+00 0.000000000000000000e+00 0.000000000000000000e+00 0.000000000000000000e+00 0.000000000000000000e+00 6.543216704313757977e-12
1.584980359625488120e+02 -7.757023434551171107e-14 2.440361296673941348e-12 7.370537116286125787e-13 0.000000000000000000e+00 0.000000000000000000e+00 0.000000000000000000e+00 0.000000000000000000e+00 0.000000000000000000e+00 0.000000000000000000e+00 0.000000000000000000e+00 6.284386831991523427e-12
1.659679012461640184e+02 -8.320624729931183244e-14 2.430111640815028257e-12 6.822250052045505941e-13 0.000000000000000000e+00 0.000000000000000000e+00 0.000000000000000000e+00 0.000000000000000000e+00 0.000000000000000000e+00 0.000000000000000000e+00 0.000000000000000000e+00 6.066332202377496127e-12
1.737898143454918340e+02 -9.135901350997322687e-14 2.428007910883078268e-12 6.367285531051425428e-13 0.000000000000000000e+00 0.000000000000000000e+00 0.000000000000000000e+00 0.000000000000000000e+00 0.000000000000000000e+00 0.000000000000000000e+00 0.000000000000000000e+00 5.887827725882190410e-12
1.819803669472416630e+02 -1.014182671799478575e-13 2.434525935760942230e-12 6.003712454770366014e-13 0.000000000000000000e+00 0.000000000000000000e+00 0.000000000000000000e+00 0.000000000000000000e+00 0.000000000000000000e+00 0.000000000000000000e+00 0.000000000000000000e+00 5.748564667823644110e-12
1.905569326889140314e+02 -1.127909660911430147e-13 2.450485396583445350e-12 5.733141576811046363e-13 0.000000000000000000e+00 0.000000000000000000e+00 0.000000000000000000e+00 0.000000000000000000e+00 0.000000000000000000e+00 0.000000000000000000e+00 0.000000000000000000e+00 5.647781408408702087e-12
1.995377040114145757e+02 -1.243478814933604934e-13 2.477305693290767147e-12 5.558989463687280866e-13 0.000000000000000000e+00 0.000000000000000000e+00 0.000000000000000000e+00 0.000000000000000000e+00 0.000000000000000000e+00 0.000000000000000000e+00 0.000000000000000000e+00 5.586268212130930392e-12
2.089417307484988271e+02 -1.347389745126780364e-13 2.519116699766072663e-12 5.483169698840289731e-13 0.000000000000000000e+00 0.000000000000000000e+00 0.000000000000000000e+00 0.000000000000000000e+00 0.000000000000000000e+00 0.000000000000000000e+00 0.000000000000000000e+00 5.564377071055634175e-12
2.187889605349009798e+02 -1.422126667779732555e-13 2.579999906089099698e-12 5.525225986897316106e-13 0.000000000000000000e+00 0.000000000000000000e+00 0.000000000000000000e+00 0.000000000000000000e+00 0.000000000000000000e+00 0.000000000000000000e+00 0.000000000000000000e+00 5.582800940242048131e-12
2.291002811188612895e+02 -1.444182501301758617e-13 2.666893214812511029e-12 5.694383067160814155e-13 0.000000000000000000e+00 0.000000000000000000e+00 0.000000000000000000e+00 0.000000000000000000e+00 0.000000000000000000e+00 0.000000000000000000e+00 0.000000000000000000e+00 5.641897088891343192e-12
2.398975646688014933e+02 -1.386309705007457548e-13 2.790555664261960637e-12 6.026593519126046568e-13 0.000000000000000000e+00 0.000000000000000000e+00 0.000000000000000000e+00 0.000000000000000000e+00 0.000000000000000000e+00 0.000000000000000000e+00 0.000000000000000000e+00 5.739869680602365114e-12
2.512037141681347236e+02 -1.221192162116531262e-13 2.960240455890386840e-12 6.580458456171965859e-13 0.000000000000000000e+00 0.000000000000000000e+00 0.000000000000000000e+00 0.000000000000000000e+00 0.000000000000000000e+00 0.000000000000000000e+00 0.000000000000000000e+00 5.874118458018422215e-12
2.630427119966196869e+02 -9.199095801873771740e-14 3.193417098135236702e-12 7.449512388353278803e-13 0.000000000000000000e+00 0.000000000000000000e+00 0.000000000000000000e+00 0.000000000000000000e+00 0.000000000000000000e+00 0.000000000000000000e+00 0.000000000000000000e+00 6.036019391896697613e-12
2.754396708013068178e+02 -4.672453222303147569e-14 3.505105817111259488e-12 8.787902023909789386e-13 0.000000000000000000e+00 0.000000000000000000e+00 0.000000000000000000e+00 0.000000000000000000e+00 0.000000000000000000e+00 0.000000000000000000e+00 0.000000000000000000e+00 6.209740799838581248e-12
2.884208867649872445e+02 1.280971079269566501e-14 3.901963855329823032e-12 1.083249494463096699e-12 0.000000000000000000e+00 0.000000000000000000e+00 0.000000000000000000e+00 0.000000000000000000e+00 0.000000000000000000e+00 0.000000000000000000e+00 0.000000000000000000e+00 6.369373999205956127e-12
3.020138953851341626e+02 8.196171824778636487e-14 4.367371123187089539e-12 1.383162126771145506e-12 0.000000000000000000e+00 0.000000000000000000e+00 0.000000000000000000e+00 0.000000000000000000e+00 0.000000000000000000e+00 0.000000000000000000e+00 0.000000000000000000e+00 6.476598865266310718e-12
3.162475298816517011e+02 1.522633592119166217e-13 4.832976899638525000e-12 1.790574852012003028e-12 0.000000000000000000e+00 0.000000000000000000e+00 0.000000000000000000e+00 0.000000000000000000e+00 0.000000000000000000e+00 0.000000000000000000e+00 0.000000000000000000e+00 6.484936264473204510e-12
3.311519823573290182e+02 2.123677230162311174e-13 5.165727476400286519e-12 2.261261751934955793e-12 0.000000000000000000e+00 0.000000000000000000e+00 0.000000000000000000e+00 0.000000000000000000e+00 0.000000000000000000e+00 0.000000000000000000e+00 0.000000000000000000e+00 6.354017246861789088e-12
3.467588678407289535e+02 2.517878863202169631e-13 5.205547617489158043e-12 2.671659468774810414e-12 0.000000000000000000e+00 0.000000000000000000e+00 0.000000000000000000e+00 0.000000000000000000e+00 0.000000000000000000e+00 0.000000000000000000e+00 0.000000000000000000e+00 6.070081937848090999e-12
3.631012913473597905e+02 2.651113882184546393e-13 4.887357528795441574e-12 2.868406893807736961e-12 0.000000000000000000e+00 0.000000000000000000e+00 0.000000000000000000e+00 0.000000000000000000e+00 0.000000000000000000e+00 0.000000000000000000e+00 0.000000000000000000e+00 5.654794768521462383e-12
3.802139181013744178e+02 2.539487264396605643e-13 4.313489001299402453e-12 2.793325456968795896e-12 0.000000000000000000e+00 0.000000000000000000e+00 0.000000000000000000e+00 0.000000000000000000e+00 0.000000000000000000e+00 0.000000000000000000e+00 0.000000000000000000e+00 5.156738225009047977e-12
3.981330470667566601e+02 2.255115999843846991e-13 3.677290019985047889e-12 2.516009295502911733e-12 0.000000000000000000e+00 0.000000000000000000e+00 0.000000000000000000e+00 0.000000000000000000e+00 0.000000000000000000e+00 0.000000000000000000e+00 0.000000000000000000e+00 4.632257195822767284e-12
4.168966879439635704e+02 1.880673132809940449e-13 3.114552932402660197e-12 2.151698275314794350e-12 0.000000000000000000e+00 0.000000000000000000e+00 0.000000000000000000e+00 0.000000000000000000e+00 0.000000000000000000e+00 0.000000000000000000e+00 0.000000000000000000e+00 4.127371326148273678e-12
4.365446417953451146e+02 1.485030307737865893e-13 2.686197782789781096e-12 1.789511332037857501e-12 0.000000000000000000e+00 0.000000000000000000e+00 0.000000000000000000e+00 0.000000000000000000e+00 0.000000000000000000e+00 0.000000000000000000e+00 0.000000000000000000e+00 3.675622060794029270e-12
4.571185854703683162e+02 1.112254972051766814e-13 2.400417266978743193e-12 1.474721054028337272e-12 0.000000000000000000e+00 0.000000000000000000e+00 0.000000000000000000e+00 0.000000000000000000e+00 0.000000000000000000e+00 0.000000000000000000e+00 0.000000000000000000e+00 3.295703151002546117e-12
4.786621600097219016e+02 7.882081593267158344e-14 2.237454435427690079e-12 1.225310315802350105e-12 0.000000000000000000e+00 0.000000000000000000e+00 0.000000000000000000e+00 0.000000000000000000e+00 0.000000000000000000e+00 0.000000000000000000e+00 0.000000000000000000e+00 2.992054317486875644e-12
5.012210632158268595e+02 5.356463279989981460e-14 2.173026112098204145e-12 1.048014372180743094e-12 0.000000000000000000e+00 0.000000000000000000e+00 0.000000000000000000e+00 0.000000000000000000e+00 0.000000000000000000e+00 0.000000000000000000e+00 0.000000000000000000e+00 2.763735931846529265e-12
5.248431465861045808e+02 3.724448408158941722e-14 2.177828964041446253e-12 9.443497665025351071e-13 0.000000000000000000e+00 0.000000000000000000e+00 0.000000000000000000e+00 0.000000000000000000e+00 0.000000000000000000e+00 0.000000000000000000e+00 0.000000000000000000e+00 2.602438745120298040e-12
5.495785168146238675e+02 3.107401021428063320e-14 2.232159247861040207e-12 9.146389644956766609e-13 0.000000000000000000e+00 0.000000000000000000e+00 0.000000000000000000e+00 0.000000000000000000e+00 0.000000000000000000e+00 0.000000000000000000e+00 0.000000000000000000e+00 2.497613882757494576e-12
5.754796420774272292e+02 3.530882192668438504e-14 2.328652664619347498e-12 9.603729037554643361e-13 0.000000000000000000e+00 0.000000000000000000e+00 0.000000000000000000e+00 0.000000000000000000e+00 0.000000000000000000e+00 0.000000000000000000e+00 0.000000000000000000e+00 2.430884702697026552e-12
6.026014633269801379e+02 4.805773734490815322e-14 2.456191062567473043e-12 1.084024313016339957e-12 0.000000000000000000e+00 0.000000000000000000e+00 0.000000000000000000e+00 0.000000000000000000e+00 0.000000000000000000e+00 0.000000000000000000e+00 0.000000000000000000e+00 2.379457192426979779e-12
6.310015108318302737e+02 6.359238901334442402e-14 2.562293446609635422e-12 1.266096848824680582e-12 0.000000000000000000e+00 0.000000000000000000e+00 0.000000000000000000e+00 0.000000000000000000e+00 0.000000000000000000e+00 0.000000000000000000e+00 0.000000000000000000e+00 2.314959909488715636e-12
6.607400262086716793e+02 7.367855770977743147e-14 2.549504781790706847e-12 1.429820503733328987e-12 0.000000000000000000e+00 0.000000000000000000e+00 0.000000000000000000e+00 0.000000000000000000e+00 0.000000000000000000e+00 0.000000000000000000e+00 0.000000000000000000e+00 2.213049282225058065e-12
6.918800902056626683e+02 7.218735222874565894e-14 2.346664020495001840e-12 1.465253793887200719e-12 0.000000000000000000e+00 0.000000000000000000e+00 0.000000000000000000e+00 0.000000000000000000e+00 0.000000000000000000e+00 0.000000000000000000e+00 0.000000000000000000e+00 2.068667512288122702e-12
7.244877565080579416e+02 5.945384696126084277e-14 2.024004145853502150e-12 1.343757555181777548e-12 0.000000000000000000e+00 0.000000000000000000e+00 0.000000000000000000e+00 0.000000000000000000e+00 0.000000000000000000e+00 0.000000000000000000e+00 0.000000000000000000e+00 1.896179565249796605e-12
7.586321918499722869e+02 4.109343026344334236e-14 1.728357900760896827e-12 1.141801576755827915e-12 0.000000000000000000e+00 0.000000000000000000e+00 0.000000000000000000e+00 0.000000000000000000e+00 0.000000000000000000e+00 0.000000000000000000e+00 0.000000000000000000e+00 1.720816802172754975e-12
7.943858227294870176e+02 2.326774930848516105e-14 1.545235340042698598e-12 9.421154399848534075e-13 0.000000000000000000e+00 0.000000000000000000e+00 0.000000000000000000e+00 0.000000000000000000e+00 0.000000000000000000e+00 0.000000000000000000e+00 0.000000000000000000e+00 1.566671357266241671e-12
8.318244890382935637e+02 1.082052767171158634e-14 1.473741926142660189e-12 7.984489767681628896e-13 0.000000000000000000e+00 0.000000000000000000e+00 0.000000000000000000e+00 0.000000000000000000e+00 0.000000000000000000e+00 0.000000000000000000e+00 0.000000000000000000e+00 1.449025602936926596e-12
8.710276049317684510e+02 6.218259422468940080e-15 1.458571723762760452e-12 7.400521906119413247e-13 0.000000000000000000e+00 0.000000000000000000e+00 0.000000000000000000e+00 0.000000000000000000e+00 0.000000000000000000e+00 0.000000000000000000e+00 0.000000000000000000e+00 1.369773356258745019e-12
9.120783272807046842e+02 8.811482878082782855e-15 1.469201753971027792e-12 7.596276687134677709e-13 0.000000000000000000e+00 0.000000000000000000e+00 0.000000000000000000e+00 0.000000000000000000e+00 0.000000000000000000e+00 0.000000000000000000e+00 0.000000000000000000e+00 1.316011969432902915e-12
9.550637320620094215e+02 1.476816989285335362e-14 1.478999558865518445e-12 8.144243300681686820e-13 0.000000000000000000e+00 0.000000000000000000e+00 0.000000000000000000e+00 0.000000000000000000e+00 0.000000000000000000e+00 0.000000000000000000e+00 0.000000000000000000e+00 1.266225996957783653e-12
1.000074999062538950e+03 1.818022063861717347e-14 1.435011721353769632e-12 8.392615748291399484e-13 0.000000000000000000e+00 0.000000000000000000e+00 0.000000000000000000e+00 0.000000000000000000e+00 0.000000000000000000e+00 0.000000000000000000e+00 0.000000000000000000e+00 1.201970614374652112e-12
1.047207605287854676e+03 1.639838888156165865e-14 1.323504611608532350e-12 8.047266728547285325e-13 0.000000000000000000e+00 0.000000000000000000e+00 0.000000000000000000e+00 0.000000000000000000e+00 0.000000000000000000e+00 0.000000000000000000e+00 0.000000000000000000e+00 1.122978567264460470e-12
1.096561527486145678e+03 1.176217343184879824e-14 1.220823637286219575e-12 7.349722160593381954e-13 0.000000000000000000e+00 0.000000000000000000e+00 0.000000000000000000e+00 0.000000000000000000e+00 0.000000000000000000e+00 0.000000000000000000e+00 0.000000000000000000e+00 1.045813030818218684e-12
1.148241454216924012e+03 8.220326719268392846e-15 1.235369462010444492e-12 6.545167195352697035e-13 0.000000000000000000e+00 0.000000000000000000e+00 0.000000000000000000e+00 0.000000000000000000e+00 0.000000000000000000e+00 0.000000000000000000e+00 0.000000000000000000e+00 9.891910123810256669e-13
1.202357007914316910e+03 8.237603263733754977e-15 1.280348212074456237e-12 6.266303460203243411e-13 0.000000000000000000e+00 0.000000000000000000e+00 0.000000000000000000e+00 0.000000000000000000e+00 0.000000000000000000e+00 0.000000000000000000e+00 0.000000000000000000e+00 9.584504335331885988e-13
1.259022977416000913e+03 8.316154632976603336e-15 1.238199559937076257e-12 6.676286457646704555e-13 0.000000000000000000e+00 0.000000000000000000e+00 0.000000000000000000e+00 0.000000000000000000e+00 0.000000000000000000e+00 0.000000000000000000e+00 0.000000000000000000e+00 9.409037074838059998e-13
1.318359561450997035e+03 3.402455320417972948e-15 1.151181879770300732e-12 6.874911890872314701e-13 0.000000000000000000e+00 0.000000000000000000e+00 0.000000000000000000e+00 0.000000000000000000e+00 0.000000000000000000e+00 0.000000000000000000e+00 0.000000000000000000e+00 9.147070137235824238e-13
1.380492623602831372e+03 -4.180655221715268830e-15 1.089083276105936150e-12 6.446688720930137635e-13 0.000000000000000000e+00 0.000000000000000000e+00 0.000000000000000000e+00 0.000000000000000000e+00 0.000000000000000000e+00 0.000000000000000000e+00 0.000000000000000000e+00 8.738350233142550823e-13
1.445553959288872875e+03 -7.588754766552268458e-15 1.094517651401771570e-12 5.887225626112204561e-13 0.000000000000000000e+00 0.000000000000000000e+00 0.000000000000000000e+00 0.000000000000000000e+00 0.000000000000000000e+00 0.000000000000000000e+00 0.000000000000000000e+00 8.347711718609675719e-13
1.513681575322146045e+03 -5.780188320555453592e-15 1.152277666209243946e-12 5.587894961727680859e-13 0.000000000000000000e+00 0.000000000000000000e+00 0.000000000000000000e+00 0.000000000000000000e+00 0.000000000000000000e+00 0.000000000000000000e+00 0.000000000000000000e+00 8.107454511780517588e-13
1.585019982648646192e+03 -5.946646003964102996e-15 1.184637430078878881e-12 5.585455819508447802e-13 0.000000000000000000e+00 0.000000000000000000e+00 0.000000000000000000e+00 0.000000000000000000e+00 0.000000000000000000e+00 0.000000000000000000e+00 0.000000000000000000e+00 7.929618924667241635e-13
1.659720502881093125e+03 -1.044514689071628915e-14 1.211832488401349107e-12 5.275334743460900589e-13 0.000000000000000000e+00 0.000000000000000000e+00 0.000000000000000000e+00 0.000000000000000000e+00 0.000000000000000000e+00 0.000000000000000000e+00 0.000000000000000000e+00 7.681615508342972906e-13
1.737941589279320169e+03 -1.155269081179528357e-14 1.118376577081881900e-12 5.376719900641674129e-13 0.000000000000000000e+00 0.000000000000000000e+00 0.000000000000000000e+00 0.000000000000000000e+00 0.000000000000000000e+00 0.000000000000000000e+00 0.000000000000000000e+00 7.443758242104612731e-13
1.819849162858188720e+03 -6.014683549580950282e-15 1.112765431538485399e-12 5.583157812470145728e-13 0.000000000000000000e+00 0.000000000000000000e+00 0.000000000000000000e+00 0.000000000000000000e+00 0.000000000000000000e+00 0.000000000000000000e+00 0.000000000000000000e+00 7.317376503328498515e-13
1.905616964335945568e+03 -3.152909781310132924e-15 9.782678567733014007e-13 5.791070616031441266e-13 0.000000000000000000e+00 0.000000000000000000e+00 0.000000000000000000e+00 0.000000000000000000e+00 0.000000000000000000e+00 0.000000000000000000e+00 0.000000000000000000e+00 7.152393857209240709e-13
1.995426922669591704e+03 -1.076906936846754914e-14 8.743141862014270404e-13 5.386275591102818100e-13 0.000000000000000000e+00 0.000000000000000000e+00 0.000000000000000000e+00 0.000000000000000000e+00 0.000000000000000000e+00 0.000000000000000000e+00 0.000000000000000000e+00 6.776817314422791896e-13
2.089469540958960806e+03 -9.333731623840932208e-15 8.468968709703195392e-13 4.822922791183264425e-13 0.000000000000000000e+00 0.000000000000000000e+00 0.000000000000000000e+00 0.000000000000000000e+00 0.000000000000000000e+00 0.000000000000000000e+00 0.000000000000000000e+00 6.370992397598785831e-13
2.187944300538116295e+03 -3.091517234370324419e-15 7.800556200087704835e-13 5.052794389458224719e-13 0.000000000000000000e+00 0.000000000000000000e+00 0.000000000000000000e+00 0.000000000000000000e+00 0.000000000000000000e+00 0.000000000000000000e+00 0.000000000000000000e+00 6.194085733025511352e-13
2.291060084111202286e+03 -6.753359069240692902e-15 6.714917901840987214e-13 5.647264093192722455e-13 0.000000000000000000e+00 0.000000000000000000e+00 0.000000000000000000e+00 0.000000000000000000e+00 0.000000000000000000e+00 0.000000000000000000e+00 0.000000000000000000e+00 6.205286710531957819e-13
2.399035618830273506e+03 -4.711093375835285353e-15 6.349592368692287555e-13 5.693692756286407177e-13 0.000000000000000000e+00 0.000000000000000000e+00 0.000000000000000000e+00 0.000000000000000000e+00 0.000000000000000000e+00 0.000000000000000000e+00 0.000000000000000000e+00 6.145981761967292897e-13
2.512099940254994181e+03 4.389759553175856032e-15 6.619258431011272073e-13 5.887366260142863469e-13 0.000000000000000000e+00 0.000000000000000000e+00 0.000000000000000000e+00 0.000000000000000000e+00 0.000000000000000000e+00 0.000000000000000000e+00 0.000000000000000000e+00 6.133885529138231195e-13
2.630492878178314186e+03 -6.392887676177506106e-16 6.900545824895554845e-13 5.971570906518796225e-13 0.000000000000000000e+00 0.000000000000000000e+00 0.000000000000000000e+00 0.000000000000000000e+00 0.000000000000000000e+00 0.000000000000000000e+00 0.000000000000000000e+00 6.279956950175661262e-13
2.754465565348672044e+03 1.119801085519477109e-15 6.713486111378021265e-13 6.101577865361390320e-13 0.000000000000000000e+00 0.000000000000000000e+00 0.000000000000000000e+00 0.000000000000000000e+00 0.000000000000000000e+00 0.000000000000000000e+00 0.000000000000000000e+00 6.394821323050330617e-13
2.884280970167778378e+03 5.833452645756368982e-15 6.348856156211885546e-13 6.546635937071362660e-13 0.000000000000000000e+00 0.000000000000000000e+00 0.000000000000000000e+00 0.000000000000000000e+00 0.000000000000000000e+00 0.000000000000000000e+00 0.000000000000000000e+00 6.654655046565475425e-13
3.020214454493972880e+03 5.954473518511176560e-15 6.883196227039244603e-13 6.570012563172453265e-13 0.000000000000000000e+00 0.000000000000000000e+00 0.000000000000000000e+00 0.000000000000000000e+00 0.000000000000000000e+00 0.000000000000000000e+00 0.000000000000000000e+00 6.859051995665672630e-13
3.162554357734339192e+03 1.450321257213118542e-14 6.744295541204474754e-13 6.846089240368883626e-13 0.000000000000000000e+00 0.000000000000000000e+00 0.000000000000000000e+00 0.000000000000000000e+00 0.000000000000000000e+00 0.000000000000000000e+00 0.000000000000000000e+00 7.003777982629471009e-13
3.311602608464510467e+03 1.062192059259969381e-14 7.538424590602145124e-13 7.819612509228828919e-13 0.000000000000000000e+00 0.000000000000000000e+00 0.000000000000000000e+00 0.000000000000000000e+00 0.000000000000000000e+00 0.000000000000000000e+00 0.000000000000000000e+00 7.447181641072084272e-13
3.467675364873574836e+03 1.703344156509913996e-14 6.183337290219398303e-13 8.341534475142062473e-13 0.000000000000000000e+00 0.000000000000000000e+00 0.000000000000000000e+00 0.000000000000000000e+00 0.000000000000000000e+00 0.000000000000000000e+00 0.000000000000000000e+00 8.338953855849843634e-13
3.631103685392558418e+03 2.169439169954391373e-14 8.526730800333069864e-13 8.211655002768897749e-13 0.000000000000000000e+00 0.000000000000000000e+00 0.000000000000000000e+00 0.000000000000000000e+00 0.000000000000000000e+00 0.000000000000000000e+00 0.000000000000000000e+00 9.077255721409793392e-13
3.802234230928971556e+03 1.549263456536169611e-14 3.994062529510308203e-13 8.380168421915079105e-13 0.000000000000000000e+00 0.000000000000000000e+00 0.000000000000000000e+00 0.000000000000000000e+00 0.000000000000000000e+00 0.000000000000000000e+00 0.000000000000000000e+00 9.630282987746692628e-13
3.981430000197057325e+03 4.252338387127640499e-14 1.060974039668094689e-12 9.405553173973138330e-13 0.000000000000000000e+00 0.000000000000000000e+00 0.000000000000000000e+00 0.000000000000000000e+00 0.000000000000000000e+00 0.000000000000000000e+00 0.000000000000000000e+00 1.062692170015677849e-12
4.169071099703442997e+03 1.636496363831186933e-15 1.547228299259864486e-12 1.065527258073696603e-12 0.000000000000000000e+00 0.000000000000000000e+00 0.000000000000000000e+00 0.000000000000000000e+00 0.000000000000000000e+00 0.000000000000000000e+00 0.000000000000000000e+00 1.171225097312524569e-12
4.365555550021532326e+03 1.121296268653172825e-15 1.823714691864309916e-12 1.147770185540094264e-12 0.000000000000000000e+00 0.000000000000000000e+00 0.000000000000000000e+00 0.000000000000000000e+00 0.000000000000000000e+00 0.000000000000000000e+00 0.000000000000000000e+00 1.265935108858393456e-12
4.571300130064813857e+03 7.570378179548061878e-16 1.955086559408764192e-12 1.131888032276066872e-12 0.000000000000000000e+00 0.000000000000000000e+00 0.000000000000000000e+00 0.000000000000000000e+00 0.000000000000000000e+00 0.000000000000000000e+00 0.000000000000000000e+00 1.325205267134596700e-12
4.786741261150024911e+03 5.264800511581899208e-16 2.000531269500909839e-12 1.170144495189991462e-12 0.000000000000000000e+00 0.000000000000000000e+00 0.000000000000000000e+00 0.000000000000000000e+00 0.000000000000000000e+00 0.000000000000000000e+00 0.000000000000000000e+00 1.403201838186886630e-12
5.012335932725398379e+03 2.916653977781185374e-16 1.972202257724945737e-12 1.260935227823286123e-12 0.000000000000000000e+00 0.000000000000000000e+00 0.000000000000000000e+00 0.000000000000000000e+00 0.000000000000000000e+00 0.000000000000000000e+00 0.000000000000000000e+00 1.470751281909186512e-12
5.248562671727574525e+03 1.780763138017643126e-16 1.938398935516415330e-12 1.366032142067937324e-12 0.000000000000000000e+00 0.000000000000000000e+00 0.000000000000000000e+00 0.000000000000000000e+00 0.000000000000000000e+00 0.000000000000000000e+00 0.000000000000000000e+00 1.590450419416626383e-12
5.495922557623443936e+03 1.294021980261290957e-16 1.976158723754758352e-12 1.540761968433791748e-12 0.000000000000000000e+00 0.000000000000000000e+00 0.000000000000000000e+00 0.000000000000000000e+00 0.000000000000000000e+00 0.000000000000000000e+00 0.000000000000000000e+00 1.864089789905211268e-12
5.754940285289983876e+03 1.115500528581960484e-16 2.408342121387207724e-12 1.969326739892660499e-12 0.000000000000000000e+00 0.000000000000000000e+00 0.000000000000000000e+00 0.000000000000000000e+00 0.000000000000000000e+00 0.000000000000000000e+00 0.000000000000000000e+00 2.356935587236063680e-12
6.026165277986574438e+03 1.150235018100173404e-16 2.921500410776334790e-12 2.561397777782025998e-12 0.000000000000000000e+00 0.000000000000000000e+00 0.000000000000000000e+00 0.000000000000000000e+00 0.000000000000000000e+00 0.000000000000000000e+00 0.000000000000000000e+00 3.236785619187747453e-12
6.310172852780722678e+03 1.298237235976563676e-16 4.533442112187387651e-12 3.735938601579134169e-12 0.000000000000000000e+00 0.000000000000000000e+00 0.000000000000000000e+00 0.000000000000000000e+00 0.000000000000000000e+00 0.000000000000000000e+00 0.000000000000000000e+00 5.011437214241910201e-12
6.607565440899192254e+03 2.052891424599578745e-16 1.103362604454801285e-11 6.702265775669047207e-12 0.000000000000000000e+00 0.000000000000000000e+00 0.000000000000000000e+00 0.000000000000000000e+00 0.000000000000000000e+00 0.000000000000000000e+00 0.000000000000000000e+00 9.158420095575627113e-12
6.918973865593180562e+03 3.733323384345621509e-16 8.908126630968849674e-11 1.531193517838341420e-11 0.000000000000000000e+00 0.000000000000000000e+00 0.000000000000000000e+00 0.000000000000000000e+00 0.000000000000000000e+00 0.000000000000000000e+00 0.000000000000000000e+00 2.089187971132300183e-11
7.245058680228029516e+03 9.217934524620223680e-16 4.030795779399420214e-02 8.722600569876690006e-12 0.000000000000000000e+00 0.000000000000000000e+00 0.000000000000000000e+00 0.000000000000000000e+00 0.000000000000000000e+00 0.000000000000000000e+00 0.000000000000000000e+00 6.209613670311930466e-11
7.586511569435923775e+03 2.017126999350495564e-15 9.985966242468226339e-02 1.874703737150059602e-11 0.000000000000000000e+00 0.000000000000000000e+00 0.000000000000000000e+00 0.000000000000000000e+00 0.000000000000000000e+00 0.000000000000000000e+00 0.000000000000000000e+00 2.670382940581271192e-10
7.944056816303618689e+03 4.481121643498289110e-15 2.321210801566434556e-01 4.143470258750449317e-11 0.000000000000000000e+00 0.000000000000000000e+00 0.000000000000000000e+00 0.000000000000000000e+00 0.000000000000000000e+00 0.000000000000000000e+00 0.000000000000000000e+00 1.548605745615088876e-09
8.318452838707295086e+03 1.083989147942285836e-14 5.887089730435400847e-01 1.179941341021826224e-10 0.000000000000000000e+00 0.000000000000000000e+00 0.000000000000000000e+00 0.000000000000000000e+00 0.000000000000000000e+00 0.000000000000000000e+00 0.000000000000000000e+00 1.190679279512624237e-08
8.710493798053517821e+03 2.690211338676868118e-14 1.510069566173279476e+00 3.480512317057037589e-10 0.000000000000000000e+00 0.000000000000000000e+00 0.000000000000000000e+00 0.000000000000000000e+00 0.000000000000000000e+00 0.000000000000000000e+00 0.000000000000000000e+00 1.045417467057071436e-07
9.121011283838632153e+03 6.766878261930543499e-14 5.010277000207555176e+00 1.266468214966125383e-09 0.000000000000000000e+00 0.000000000000000000e+00 0.000000000000000000e+00 0.000000000000000000e+00 0.000000000000000000e+00 0.000000000000000000e+00 0.000000000000000000e+00 9.015251004443717614e-07
9.550876077599908967e+03 2.311048231884452802e-13 2.590048296421535667e+01 7.506615744671469342e-09 0.000000000000000000e+00 0.000000000000000000e+00 0.000000000000000000e+00 0.000000000000000000e+00 0.000000000000000000e+00 0.000000000000000000e+00 0.000000000000000000e+00 1.004364274912203863e-05
1.000099999999999818e+04 0.000000000000000000e+00 0.000000000000000000e+00 0.000000000000000000e+00 0.000000000000000000e+00 0.000000000000000000e+00 0.000000000000000000e+00 0.000000000000000000e+00 0.000000000000000000e+00 0.000000000000000000e+00 0.000000000000000000e+00 0.000000000000000000e+00
