1.000000000000000000e+00 3.248237356075104154e-07 3.344943665279909814e-08 0.000000000000000000e+00 0.000000000000000000e+00 0.000000000000000000e+00
1.044458330493748033e+00 2.977596124256442828e-07 3.066245369579021406e-08 0.000000000000000000e+00 0.000000000000000000e+00 0.000000000000000000e+00
1.090893204137787231e+00 2.729505738616111582e-07 2.810769401558453044e-08 0.000000000000000000e+00 0.000000000000000000e+00 0.000000000000000000e+00
1.139392494740728790e+00 2.502087665253832356e-07 2.576581345069454203e-08 0.000000000000000000e+00 0.000000000000000000e+00 0.000000000000000000e+00
1.190047982834008033e+00 2.293619119652703367e-07 2.361907063935901770e-08 0.000000000000000000e+00 0.000000000000000000e+00 0.000000000000000000e+00
1.242955529358260591e+00 2.102514632347758342e-07 2.165113022178090126e-08 0.000000000000000000e+00 0.000000000000000000e+00 0.000000000000000000e+00
1.298215257071501538e+00 1.927338529041299854e-07 1.984722310311258035e-08 0.000000000000000000e+00 0.000000000000000000e+00 0.000000000000000000e+00
1.355931740022412457e+00 1.766752550782244033e-07 1.819355319389343559e-08 0.000000000000000000e+00 0.000000000000000000e+00 0.000000000000000000e+00
1.416214201447291599e+00 1.619551605836778520e-07 1.667772518919507296e-08 0.000000000000000000e+00 0.000000000000000000e+00 0.000000000000000000e+00
1.479176720465174677e+00 1.484610440358845732e-07 1.528813795884355116e-08 0.000000000000000000e+00 0.000000000000000000e+00 0.000000000000000000e+00
1.544938447962273864e+00 1.360915546746600439e-07 1.401437035076542039e-08 0.000000000000000000e+00 0.000000000000000000e+00 0.000000000000000000e+00
1.613623832074278619e+00 1.247524962226432755e-07 1.284670139781632418e-08 0.000000000000000000e+00 0.000000000000000000e+00 0.000000000000000000e+00
1.685362853693225027e+00 1.143581044688354800e-07 1.177631492629311549e-08 0.000000000000000000e+00 0.000000000000000000e+00 0.000000000000000000e+00
1.760291272444604704e+00 1.048297722897850985e-07 1.079511289962889333e-08 0.000000000000000000e+00 0.000000000000000000e+00 0.000000000000000000e+00
1.838550883600207131e+00 9.609552753674816272e-08 9.895689273142057585e-09 0.000000000000000000e+00 0.000000000000000000e+00 0.000000000000000000e+00
1.920289786412877620e+00 8.808889678541613980e-08 9.071185620324183571e-09 0.000000000000000000e+00 0.000000000000000000e+00 0.000000000000000000e+00
2.005662664380989835e+00 8.074931334158931730e-08 8.315374752885515202e-09 0.000000000000000000e+00 0.000000000000000000e+00 0.000000000000000000e+00
2.094831077973011269e+00 7.402128927088281838e-08 7.622541064853826136e-09 0.000000000000000000e+00 0.000000000000000000e+00 0.000000000000000000e+00
2.187963770366109895e+00 6.785396193389331474e-08 6.987449670897989627e-09 0.000000000000000000e+00 0.000000000000000000e+00 0.000000000000000000e+00
2.285236986777393398e+00 6.220044556571358617e-08 6.405265108571584070e-09 0.000000000000000000e+00 0.000000000000000000e+00 0.000000000000000000e+00
2.386834807992079366e+00 5.701795738182633017e-08 5.871587093889028993e-09 0.000000000000000000e+00 0.000000000000000000e+00 0.000000000000000000e+00
2.492949498719772894e+00 5.226720521860530368e-08 5.382366876957779068e-09 0.000000000000000000e+00 0.000000000000000000e+00 0.000000000000000000e+00
2.603781871438080042e+00 4.791235477195448741e-08 4.933916770941971922e-09 0.000000000000000000e+00 0.000000000000000000e+00 0.000000000000000000e+00
2.719541666412103709e+00 4.392032798995389564e-08 4.522829388800041920e-09 0.000000000000000000e+00 0.000000000000000000e+00 0.000000000000000000e+00
2.840447948608971096e+00 4.026091485100666142e-08 4.145993674278664181e-09 0.000000000000000000e+00 0.000000000000000000e+00 0.000000000000000000e+00
2.966729522258517271e+00 3.690637513108132329e-08 3.800551173919173587e-09 0.000000000000000000e+00 0.000000000000000000e+00 0.000000000000000000e+00
3.098625363844645264e+00 3.383139225284106146e-08 3.483898337294608182e-09 0.000000000000000000e+00 0.000000000000000000e+00 0.000000000000000000e+00
3.236385074346761037e+00 3.101257919377550497e-08 3.193624643313676818e-09 0.000000000000000000e+00 0.000000000000000000e+00 0.000000000000000000e+00
3.380269351587102289e+00 2.842865730255796102e-08 2.927539485833046653e-09 0.000000000000000000e+00 0.000000000000000000e+00 0.000000000000000000e+00
3.530550483577849175e+00 2.606000907702387166e-08 2.683623307241594136e-09 0.000000000000000000e+00 0.000000000000000000e+00 0.000000000000000000e+00
3.687512863801615026e+00 2.388871243389774306e-08 2.460028835753588539e-09 0.000000000000000000e+00 0.000000000000000000e+00 0.000000000000000000e+00
3.851453529400454379e+00 2.189834587538151152e-08 2.255067434550695342e-09 0.000000000000000000e+00 0.000000000000000000e+00 0.000000000000000000e+00
4.022682723291851836e+00 2.007378317168706215e-08 2.067177714024999054e-09 0.000000000000000000e+00 0.000000000000000000e+00 0.000000000000000000e+00
4.201524481275451528e+00 1.840126482621516894e-08 1.894947080282136600e-09 0.000000000000000000e+00 0.000000000000000000e+00 0.000000000000000000e+00
4.388317245241568187e+00 1.686809207990493128e-08 1.737064783904575377e-09 0.000000000000000000e+00 0.000000000000000000e+00 0.000000000000000000e+00
4.583414503641932036e+00 1.546263980054390290e-08 1.592334688204617536e-09 0.000000000000000000e+00 0.000000000000000000e+00 0.000000000000000000e+00
4.787185460434682405e+00 1.417432311888570020e-08 1.459668065724701981e-09 0.000000000000000000e+00 0.000000000000000000e+00 0.000000000000000000e+00
5.000015733769552995e+00 1.299330558443459078e-08 1.338049183549226468e-09 0.000000000000000000e+00 0.000000000000000000e+00 0.000000000000000000e+00
5.222308085735419603e+00 1.191071680278569347e-08 1.226566974714051212e-09 0.000000000000000000e+00 0.000000000000000000e+00 0.000000000000000000e+00
5.454483184551217612e+00 1.091834186971356308e-08 1.124375441805294548e-09 0.000000000000000000e+00 0.000000000000000000e+00 0.000000000000000000e+00
5.696980400642586595e+00 1.000863967493588625e-08 1.030696928953708281e-09 0.000000000000000000e+00 0.000000000000000000e+00 0.000000000000000000e+00
5.950258638110759613e+00 9.174722344796249221e-09 9.448222181218465232e-10 0.000000000000000000e+00 0.000000000000000000e+00 0.000000000000000000e+00
6.214797203167166550e+00 8.410293356553969285e-09 8.661031305129599500e-10 0.000000000000000000e+00 0.000000000000000000e+00 0.000000000000000000e+00
6.491096711177193335e+00 7.709561989395966633e-09 7.939441561251986410e-10 0.000000000000000000e+00 0.000000000000000000e+00 0.000000000000000000e+00
6.779680034029589741e+00 7.067196754753820583e-09 7.277946830080048564e-10 0.000000000000000000e+00 0.000000000000000000e+00 0.000000000000000000e+00
7.081093289624342368e+00 6.478363729329191080e-09 6.671583402825960696e-10 0.000000000000000000e+00 0.000000000000000000e+00 0.000000000000000000e+00
7.395906875351522913e+00 5.938584980188726877e-09 6.115732756365612846e-10 0.000000000000000000e+00 0.000000000000000000e+00 0.000000000000000000e+00
7.724716547516883303e+00 5.443796403856221148e-09 5.606217479891108130e-10 0.000000000000000000e+00 0.000000000000000000e+00 0.000000000000000000e+00
8.068144548756912116e+00 4.990208853948713664e-09 5.139119726611901887e-10 0.000000000000000000e+00 0.000000000000000000e+00 0.000000000000000000e+00
8.426840785576876769e+00 4.574428571440221464e-09 4.710960808163424456e-10 0.000000000000000000e+00 0.000000000000000000e+00 0.000000000000000000e+00
8.801484058240248487e+00 4.193288254153478958e-09 4.318473299523283504e-10 0.000000000000000000e+00 0.000000000000000000e+00 0.000000000000000000e+00
9.192783345336948742e+00 3.843902814454160637e-09 3.958684626751638956e-10 0.000000000000000000e+00 0.000000000000000000e+00 0.000000000000000000e+00
9.601479145461361497e+00 3.523625914397575384e-09 3.628872130039167910e-10 0.000000000000000000e+00 0.000000000000000000e+00 0.000000000000000000e+00
1.002834487853911227e+01 3.230033313228303457e-09 3.326538408084585456e-10 0.000000000000000000e+00 0.000000000000000000e+00 0.000000000000000000e+00
1.047418834945448829e+01 2.960895672367895417e-09 3.049384449340408601e-10 0.000000000000000000e+00 0.000000000000000000e+00 0.000000000000000000e+00
1.093985327674830188e+01 2.714196032667666048e-09 2.795342245369995777e-10 0.000000000000000000e+00 0.000000000000000000e+00 0.000000000000000000e+00
1.142622088927908841e+01 2.488049772358301351e-09 2.562466599528758095e-10 0.000000000000000000e+00 0.000000000000000000e+00 0.000000000000000000e+00
1.193421159386922703e+01 2.280735570542831114e-09 2.348977236818503509e-10 0.000000000000000000e+00 0.000000000000000000e+00 0.000000000000000000e+00
1.246478671709178343e+01 2.090701287055221288e-09 2.153285408607312182e-10 0.000000000000000000e+00 0.000000000000000000e+00 0.000000000000000000e+00
1.301895032449433032e+01 1.916498728710076435e-09 1.973898458565212620e-10 0.000000000000000000e+00 0.000000000000000000e+00 0.000000000000000000e+00
1.359775112070238734e+01 1.756803966378939193e-09 1.809445030299104301e-10 0.000000000000000000e+00 0.000000000000000000e+00 0.000000000000000000e+00
1.420228443399830631e+01 1.610424417999941334e-09 1.658711898830983834e-10 0.000000000000000000e+00 0.000000000000000000e+00 0.000000000000000000e+00
1.483369428913121624e+01 1.476232426174615419e-09 1.520520745925709712e-10 0.000000000000000000e+00 0.000000000000000000e+00 0.000000000000000000e+00
1.549317557228063258e+01 1.353229195879435598e-09 1.393859415571772275e-10 0.000000000000000000e+00 0.000000000000000000e+00 0.000000000000000000e+00
1.618197629227075041e+01 1.240467117194953564e-09 1.277737891892236898e-10 0.000000000000000000e+00 0.000000000000000000e+00 0.000000000000000000e+00
1.690139994231451581e+01 1.137103379282851257e-09 1.171298640295644814e-10 0.000000000000000000e+00 0.000000000000000000e+00 0.000000000000000000e+00
1.765280796675694930e+01 1.042351739612591946e-09 1.073727200801661506e-10 0.000000000000000000e+00 0.000000000000000000e+00 0.000000000000000000e+00
1.843762233748569912e+01 9.554920689962947993e-10 9.842790648879053260e-11 0.000000000000000000e+00 0.000000000000000000e+00 0.000000000000000000e+00
1.925732824488454753e+01 8.758733326655502767e-10 9.022910545761560030e-11 0.000000000000000000e+00 0.000000000000000000e+00 0.000000000000000000e+00
2.011347690842221425e+01 8.028877884289429807e-10 8.271371418418359236e-11 0.000000000000000000e+00 0.000000000000000000e+00 0.000000000000000000e+00
2.100768851219521594e+01 7.359797311672429508e-10 7.582344268780012299e-11 0.000000000000000000e+00 0.000000000000000000e+00 0.000000000000000000e+00
2.194165527098010315e+01 6.746481136037730175e-10 6.950765531426859538e-11 0.000000000000000000e+00 0.000000000000000000e+00 0.000000000000000000e+00
2.291714463259722478e+01 6.184257333017240960e-10 6.371806406207675892e-11 0.000000000000000000e+00 0.000000000000000000e+00 0.000000000000000000e+00
2.393600262264625655e+01 5.668908861299806291e-10 5.841127410650106175e-11 0.000000000000000000e+00 0.000000000000000000e+00 0.000000000000000000e+00
2.500015733794308304e+01 5.196477196903094067e-10 5.354621526011432155e-11 0.000000000000000000e+00 0.000000000000000000e+00 0.000000000000000000e+00
2.611162259526905771e+01 4.763409325899239403e-10 4.908672548374013193e-11 0.000000000000000000e+00 0.000000000000000000e+00 0.000000000000000000e+00
2.727250174233754620e+01 4.366434369178389842e-10 4.499875560622923737e-11 0.000000000000000000e+00 0.000000000000000000e+00 0.000000000000000000e+00
2.848499163818970814e+01 4.002533705333264135e-10 4.125153273728180162e-11 0.000000000000000000e+00 0.000000000000000000e+00 0.000000000000000000e+00
2.975138681055199186e+01 3.668963891944331947e-10 3.781651056500406303e-11 0.000000000000000000e+00 0.000000000000000000e+00 0.000000000000000000e+00
3.107408379802284770e+01 3.363179677842002604e-10 3.466751322566030643e-11 0.000000000000000000e+00 0.000000000000000000e+00 0.000000000000000000e+00
3.245558568530577048e+01 3.082888581927243222e-10 3.178102786672769498e-11 0.000000000000000000e+00 0.000000000000000000e+00 0.000000000000000000e+00
3.389850684007124926e+01 2.825957536135333629e-10 2.913531039501614917e-11 0.000000000000000000e+00 0.000000000000000000e+00 0.000000000000000000e+00
3.540557786041171795e+01 2.590435280065368326e-10 2.670981657760473260e-11 0.000000000000000000e+00 0.000000000000000000e+00 0.000000000000000000e+00
3.697965074225202642e+01 2.374543577154539923e-10 2.448635079014519093e-11 0.000000000000000000e+00 0.000000000000000000e+00 0.000000000000000000e+00
3.862370427649444338e+01 2.176652835229648902e-10 2.244832065217424322e-11 0.000000000000000000e+00 0.000000000000000000e+00 0.000000000000000000e+00
4.034084968611161770e+01 1.995262250663733795e-10 2.058017735281560219e-11 0.000000000000000000e+00 0.000000000000000000e+00 0.000000000000000000e+00
4.213433651385538070e+01 1.828990095954718905e-10 1.886750894547587786e-11 0.000000000000000000e+00 0.000000000000000000e+00 0.000000000000000000e+00
4.400755877172315422e+01 1.676590431097109706e-10 1.729778154113698422e-11 0.000000000000000000e+00 0.000000000000000000e+00 0.000000000000000000e+00
4.596406136381946084e+01 1.536902387494586282e-10 1.585880292456703912e-11 0.000000000000000000e+00 0.000000000000000000e+00 0.000000000000000000e+00
4.800754679476705888e+01 1.408872495592628344e-10 1.453988170377102615e-11 0.000000000000000000e+00 0.000000000000000000e+00 0.000000000000000000e+00
5.014188217636289124e+01 1.291511133816034944e-10 1.333057457837188911e-11 0.000000000000000000e+00 0.000000000000000000e+00 0.000000000000000000e+00
5.237110654573820057e+01 1.183958153320616991e-10 1.222225698746339922e-11 0.000000000000000000e+00 0.000000000000000000e+00 0.000000000000000000e+00
5.469943850887192127e+01 1.085392902299237415e-10 1.120639624798937581e-11 0.000000000000000000e+00 0.000000000000000000e+00 0.000000000000000000e+00
5.713128422392179573e+01 9.950526468646653427e-11 1.027508277331710898e-11 0.000000000000000000e+00 0.000000000000000000e+00 0.000000000000000000e+00
5.967124573948116506e+01 9.122606145268734579e-11 9.421363275246460268e-12 0.000000000000000000e+00 0.000000000000000000e+00 0.000000000000000000e+00
6.232412970354067028e+01 8.363955588313628214e-11 8.638861401851983687e-12 0.000000000000000000e+00 0.000000000000000000e+00 0.000000000000000000e+00
6.509495645963586696e+01 7.668748063417829698e-11 7.921548782076160177e-12 0.000000000000000000e+00 0.000000000000000000e+00 0.000000000000000000e+00
6.798896954739448972e+01 7.031665969218144040e-11 7.263926485754806144e-12 0.000000000000000000e+00 0.000000000000000000e+00 0.000000000000000000e+00
7.101164562546192371e+01 6.447981977477775021e-11 6.661161044872409228e-12 0.000000000000000000e+00 0.000000000000000000e+00 0.000000000000000000e+00
7.416870483558362537e+01 5.913115692405792699e-11 6.108601258549743615e-12 0.000000000000000000e+00 0.000000000000000000e+00 0.000000000000000000e+00
7.746612162745724106e+01 5.423117259708311693e-11 5.602080022898329459e-12 0.000000000000000000e+00 0.000000000000000000e+00 0.000000000000000000e+00
8.091013606483961951e+01 4.974222214313773478e-11 5.137751484279256008e-12 0.000000000000000000e+00 0.000000000000000000e+00 0.000000000000000000e+00
8.450726563430438887e+01 4.562840174540830581e-11 4.712040836028904378e-12 0.000000000000000000e+00 0.000000000000000000e+00 0.000000000000000000e+00
8.826431757899723607e+01 4.185977720412003677e-11 4.321773105634472659e-12 0.000000000000000000e+00 0.000000000000000000e+00 0.000000000000000000e+00
9.218840178072943559e+01 3.840595935077731884e-11 3.963975696535602179e-12 0.000000000000000000e+00 0.000000000000000000e+00 0.000000000000000000e+00
9.628694421478752474e+01 3.524200824844524962e-11 3.635978230975487927e-12 0.000000000000000000e+00 0.000000000000000000e+00 0.000000000000000000e+00
1.005677010029216234e+02 3.234281392732060011e-11 3.335246355152757102e-12 0.000000000000000000e+00 0.000000000000000000e+00 0.000000000000000000e+00
1.050387730911060089e+02 2.968467699067980684e-11 3.059501439109929409e-12 0.000000000000000000e+00 0.000000000000000000e+00 0.000000000000000000e+00
1.097086215798481419e+02 2.724765340946100313e-11 2.806634731471115144e-12 0.000000000000000000e+00 0.000000000000000000e+00 0.000000000000000000e+00
1.145860837360586260e+02 2.501388041684526526e-11 2.574799851938747181e-12 0.000000000000000000e+00 0.000000000000000000e+00 0.000000000000000000e+00
1.196803897167805388e+02 2.296376562739010839e-11 2.362160290412189784e-12 0.000000000000000000e+00 0.000000000000000000e+00 0.000000000000000000e+00
1.250011800364298011e+02 2.108352351811934751e-11 2.167170879697868936e-12 0.000000000000000000e+00 0.000000000000000000e+00 0.000000000000000000e+00
1.305585238105978192e+02 1.935753415472535143e-11 1.988344690209664626e-12 0.000000000000000000e+00 0.000000000000000000e+00 0.000000000000000000e+00
1.363629378109453114e+02 1.777348655816484624e-11 1.824343703936082798e-12 0.000000000000000000e+00 0.000000000000000000e+00 0.000000000000000000e+00
1.424254063672426582e+02 1.631990411389547542e-11 1.673945412771620717e-12 0.000000000000000000e+00 0.000000000000000000e+00 0.000000000000000000e+00
1.487574021542239677e+02 1.498524245569123836e-11 1.536012179145511241e-12 0.000000000000000000e+00 0.000000000000000000e+00 0.000000000000000000e+00
1.553709079025877600e+02 1.375950775486865394e-11 1.409499015923416856e-12 0.000000000000000000e+00 0.000000000000000000e+00 0.000000000000000000e+00
1.622784390752347861e+02 1.263425744667843814e-11 1.293482269825760458e-12 0.000000000000000000e+00 0.000000000000000000e+00 0.000000000000000000e+00
1.694930675516510235e+02 1.160136900051935724e-11 1.187087250962648777e-12 0.000000000000000000e+00 0.000000000000000000e+00 0.000000000000000000e+00
1.770284463652615727e+02 1.065401342153211245e-11 1.089537296684133905e-12 0.000000000000000000e+00 0.000000000000000000e+00 0.000000000000000000e+00
1.848988355405630273e+02 9.785619275355370650e-12 1.000106237635182149e-12 0.000000000000000000e+00 0.000000000000000000e+00 0.000000000000000000e+00
1.931191290789346340e+02 8.990831435970893622e-12 9.181469292440239320e-13 0.000000000000000000e+00 0.000000000000000000e+00 0.000000000000000000e+00
2.017048831441905747e+02 8.264169520548142664e-12 8.430537945458442768e-13 0.000000000000000000e+00 0.000000000000000000e+00 0.000000000000000000e+00
2.106723455012179329e+02 7.600782587535715513e-12 7.742737497407382866e-13 0.000000000000000000e+00 0.000000000000000000e+00 0.000000000000000000e+00
2.200384862634040246e+02 6.996185388490878023e-12 7.113138965174687024e-13 0.000000000000000000e+00 0.000000000000000000e+00 0.000000000000000000e+00
2.298210300070466019e+02 6.445797181052794616e-12 6.536940624647843778e-13 0.000000000000000000e+00 0.000000000000000000e+00 0.000000000000000000e+00
2.400384893135133382e+02 5.945271300780757639e-12 6.009916514014764913e-13 0.000000000000000000e+00 0.000000000000000000e+00 0.000000000000000000e+00
2.507101998026336389e+02 5.490398655292394596e-12 5.528146900371924773e-13 0.000000000000000000e+00 0.000000000000000000e+00 0.000000000000000000e+00
2.618563567236125778e+02 5.076673470756714518e-12 5.087906821539276510e-13 0.000000000000000000e+00 0.000000000000000000e+00 0.000000000000000000e+00
2.734980531727196080e+02 4.699803174062336696e-12 4.685800114894397624e-13 0.000000000000000000e+00 0.000000000000000000e+00 0.000000000000000000e+00
2.856573200100691565e+02 4.355760221493190552e-12 4.318718525412700073e-13 0.000000000000000000e+00 0.000000000000000000e+00 0.000000000000000000e+00
2.983571675510349905e+02 4.039870736987963743e-12 3.983592947894420312e-13 0.000000000000000000e+00 0.000000000000000000e+00 0.000000000000000000e+00
3.116216291111976489e+02 3.747752921989864843e-12 3.677565992217138662e-13 0.000000000000000000e+00 0.000000000000000000e+00 0.000000000000000000e+00
3.254758064872232239e+02 3.475459550833572641e-12 3.397937053163471244e-13 0.000000000000000000e+00 0.000000000000000000e+00 0.000000000000000000e+00
3.399459174597515698e+02 3.220087194663399308e-12 3.142218755231005274e-13 0.000000000000000000e+00 0.000000000000000000e+00 0.000000000000000000e+00
3.550593454081774212e+02 2.979969833260157918e-12 2.908033589085094169e-13 0.000000000000000000e+00 0.000000000000000000e+00 0.000000000000000000e+00
3.708446911312281600e+02 2.755214467489310391e-12 2.693213095631951570e-13 0.000000000000000000e+00 0.000000000000000000e+00 0.000000000000000000e+00
3.873318269713919904e+02 2.547311316441411341e-12 2.495773826084287132e-13 0.000000000000000000e+00 0.000000000000000000e+00 0.000000000000000000e+00
4.045519533456335921e+02 2.357951565349302135e-12 2.313940073933967831e-13 0.000000000000000000e+00 0.000000000000000000e+00 0.000000000000000000e+00
4.225376577893648573e+02 2.187550565609966686e-12 2.146258657780446466e-13 0.000000000000000000e+00 0.000000000000000000e+00 0.000000000000000000e+00
4.413229766254188462e+02 2.034040397119799429e-12 1.991502318351208494e-13 0.000000000000000000e+00 0.000000000000000000e+00 0.000000000000000000e+00
4.609434593747161557e+02 1.893753737654443082e-12 1.848719465255578298e-13 0.000000000000000000e+00 0.000000000000000000e+00 0.000000000000000000e+00
4.814362360305290167e+02 1.763209968526017119e-12 1.717172426653879204e-13 0.000000000000000000e+00 0.000000000000000000e+00 0.000000000000000000e+00
5.028400873236400912e+02 1.640832137370632677e-12 1.596395740062809260e-13 0.000000000000000000e+00 0.000000000000000000e+00 0.000000000000000000e+00
5.251955181113798972e+02 1.526705356260744674e-12 1.485919068449756723e-13 0.000000000000000000e+00 0.000000000000000000e+00 0.000000000000000000e+00
5.485448340294104810e+02 1.421718699305238343e-12 1.385367619260021695e-13 0.000000000000000000e+00 0.000000000000000000e+00 0.000000000000000000e+00
5.729322215513284391e+02 1.326345512355724971e-12 1.294204609711629858e-13 0.000000000000000000e+00 0.000000000000000000e+00 0.000000000000000000e+00
5.984038316075743751e+02 1.240162227246311655e-12 1.211749127887950467e-13 0.000000000000000000e+00 0.000000000000000000e+00 0.000000000000000000e+00
6.250078669219093399e+02 1.162387825199304094e-12 1.137114767222735868e-13 0.000000000000000000e+00 0.000000000000000000e+00 0.000000000000000000e+00
6.527946732307157163e+02 1.092953224702421115e-12 1.069268375517208479e-13 0.000000000000000000e+00 0.000000000000000000e+00 0.000000000000000000e+00
6.818168345577655600e+02 1.032472202235285767e-12 1.007081333679225261e-13 0.000000000000000000e+00 0.000000000000000000e+00 0.000000000000000000e+00
7.121292727247354151e+02 9.806367250229494935e-13 9.496121569037491133e-14 0.000000000000000000e+00 0.000000000000000000e+00 0.000000000000000000e+00
7.437893512858045142e+02 9.340667570119216187e-13 8.961689062484369012e-14 0.000000000000000000e+00 0.000000000000000000e+00 0.000000000000000000e+00
7.768569840829987925e+02 8.880429612144601663e-13 8.465374677653769109e-14 0.000000000000000000e+00 0.000000000000000000e+00 0.000000000000000000e+00
8.113947486277374992e+02 8.407082035153132621e-13 8.009144241513880405e-14 0.000000000000000000e+00 0.000000000000000000e+00 0.000000000000000000e+00
8.474680045231206122e+02 7.944678349959244681e-13 7.596368423737866397e-14 0.000000000000000000e+00 0.000000000000000000e+00 0.000000000000000000e+00
8.851450171510871314e+02 7.528112217826483933e-13 7.229691523833244768e-14 0.000000000000000000e+00 0.000000000000000000e+00 0.000000000000000000e+00
9.244970868584839536e+02 7.165166961465954477e-13 6.906686452493299877e-14 0.000000000000000000e+00 0.000000000000000000e+00 0.000000000000000000e+00
9.655986838865461550e+02 6.842379773935266326e-13 6.620371048036762084e-14 0.000000000000000000e+00 0.000000000000000000e+00 0.000000000000000000e+00
1.008527589299101805e+03 6.559314136069885109e-13 6.361267076512737991e-14 0.000000000000000000e+00 0.000000000000000000e+00 0.000000000000000000e+00
1.053365042176224733e+03 6.324605436204872894e-13 6.120751034950005825e-14 0.000000000000000000e+00 0.000000000000000000e+00 0.000000000000000000e+00
1.100195893351855602e+03 6.115891215779777589e-13 5.896743205035737945e-14 0.000000000000000000e+00 0.000000000000000000e+00 0.000000000000000000e+00
1.149108765986357412e+03 5.900640325032286270e-13 5.693974050071631182e-14 0.000000000000000000e+00 0.000000000000000000e+00 0.000000000000000000e+00
1.200196223277841000e+03 5.687086077295329982e-13 5.517964237851092347e-14 0.000000000000000000e+00 0.000000000000000000e+00 0.000000000000000000e+00
1.253554943629676245e+03 5.506889084414420882e-13 5.370953460036102777e-14 0.000000000000000000e+00 0.000000000000000000e+00 0.000000000000000000e+00
1.309285903605635212e+03 5.380195381445419194e-13 5.249918426763490712e-14 0.000000000000000000e+00 0.000000000000000000e+00 0.000000000000000000e+00
1.367494569018940865e+03 5.299598566903008219e-13 5.151115213064100201e-14 0.000000000000000000e+00 0.000000000000000000e+00 0.000000000000000000e+00
1.428291094516789599e+03 5.224504341091237429e-13 5.073451611147966778e-14 0.000000000000000000e+00 0.000000000000000000e+00 0.000000000000000000e+00
1.491790532038094852e+03 5.127764992023769188e-13 5.017756305435103081e-14 0.000000000000000000e+00 0.000000000000000000e+00 0.000000000000000000e+00
1.558113048538887824e+03 5.032042326759216831e-13 4.983434356719397726e-14 0.000000000000000000e+00 0.000000000000000000e+00 0.000000000000000000e+00
1.627384153397451882e+03 4.990322647533922967e-13 4.970883343141942006e-14 0.000000000000000000e+00 0.000000000000000000e+00 0.000000000000000000e+00
1.699734935929483299e+03 5.023658893455288624e-13 4.990377795839360990e-14 0.000000000000000000e+00 0.000000000000000000e+00 0.000000000000000000e+00
1.775302313462806751e+03 5.072866905960674197e-13 5.044783087761829778e-14 0.000000000000000000e+00 0.000000000000000000e+00 0.000000000000000000e+00
1.854229290441050580e+03 5.096904688682955014e-13 5.117641618599931335e-14 0.000000000000000000e+00 0.000000000000000000e+00 0.000000000000000000e+00
1.936665229046667719e+03 5.157218483498591988e-13 5.200914485125842089e-14 0.000000000000000000e+00 0.000000000000000000e+00 0.000000000000000000e+00
2.022766131855373487e+03 5.295824518764220125e-13 5.337636068510562228e-14 0.000000000000000000e+00 0.000000000000000000e+00 0.000000000000000000e+00
2.112694937056960953e+03 5.437920625545579003e-13 5.546593332846610827e-14 0.000000000000000000e+00 0.000000000000000000e+00 0.000000000000000000e+00
2.206621826801106636e+03 5.537450600221442410e-13 5.746662108391248777e-14 0.000000000000000000e+00 0.000000000000000000e+00 0.000000000000000000e+00
2.304724549251749067e+03 5.750899960527267580e-13 5.918162842653433080e-14 0.000000000000000000e+00 0.000000000000000000e+00 0.000000000000000000e+00
2.407188754959436665e+03 6.034679251916178895e-13 6.121446381064693028e-14 0.000000000000000000e+00 0.000000000000000000e+00 0.000000000000000000e+00
2.514208348188258242e+03 6.111902949041722292e-13 6.198473847836903657e-14 0.000000000000000000e+00 0.000000000000000000e+00 0.000000000000000000e+00
2.625985853862151089e+03 6.033278782431004312e-13 6.096138389915589977e-14 0.000000000000000000e+00 0.000000000000000000e+00 0.000000000000000000e+00
2.742732800825062895e+03 5.884882550389506870e-13 5.897697899966179906e-14 0.000000000000000000e+00 0.000000000000000000e+00 0.000000000000000000e+00
2.864670122140184958e+03 5.610769425076438075e-13 5.534926703564542305e-14 0.000000000000000000e+00 0.000000000000000000e+00 0.000000000000000000e+00
2.992028573185860296e+03 5.232506826443975097e-13 5.146650031756645832e-14 0.000000000000000000e+00 0.000000000000000000e+00 0.000000000000000000e+00
3.125049168339293374e+03 4.909112983988675430e-13 4.805878912281191309e-14 0.000000000000000000e+00 0.000000000000000000e+00 0.000000000000000000e+00
3.263983637074535636e+03 4.728733812553265065e-13 4.564959409169613493e-14 0.000000000000000000e+00 0.000000000000000000e+00 0.000000000000000000e+00
3.409094900337779109e+03 4.703385419838123376e-13 4.519439295284482234e-14 0.000000000000000000e+00 0.000000000000000000e+00 0.000000000000000000e+00
3.560657568101548804e+03 4.858454296522709431e-13 4.664488311502478857e-14 0.000000000000000000e+00 0.000000000000000000e+00 0.000000000000000000e+00
3.718958459039270565e+03 5.577633939162922610e-13 5.149875080645281825e-14 0.000000000000000000e+00 0.000000000000000000e+00 0.000000000000000000e+00
3.884297143303760095e+03 6.422963283209572901e-13 5.951604995959627325e-14 0.000000000000000000e+00 0.000000000000000000e+00 0.000000000000000000e+00
4.056986509436678261e+03 7.964414779533730810e-13 7.382110788406899877e-14 0.000000000000000000e+00 0.000000000000000000e+00 0.000000000000000000e+00
4.237353356481889023e+03 1.018494678924039316e-12 9.562926067750264866e-14 0.000000000000000000e+00 0.000000000000000000e+00 0.000000000000000000e+00
4.425739012423155145e+03 1.467909126227490643e-12 1.326674249241984006e-13 0.000000000000000000e+00 0.000000000000000000e+00 0.000000000000000000e+00
4.622499980116535880e+03 2.080891014245012840e-12 2.001816007940768797e-13 0.000000000000000000e+00 0.000000000000000000e+00 0.000000000000000000e+00
4.828008611939902949e+03 3.350662978050654906e-12 3.200358255673325876e-13 0.000000000000000000e+00 0.000000000000000000e+00 0.000000000000000000e+00
5.042653814436185712e+03 6.488015936786033809e-12 5.850566309459717522e-13 0.000000000000000000e+00 0.000000000000000000e+00 0.000000000000000000e+00
5.266841784283951711e+03 1.254621863897102748e-11 1.246760675937512710e-12 0.000000000000000000e+00 0.000000000000000000e+00 0.000000000000000000e+00
5.500996776987925841e+03 3.859627618729687447e-11 3.426150109256941434e-12 0.000000000000000000e+00 0.000000000000000000e+00 0.000000000000000000e+00
5.745561909744300465e+03 4.345355337491086238e-10 1.799866702596987047e-11 0.000000000000000000e+00 0.000000000000000000e+00 0.000000000000000000e+00
6.001000000000000000e+03 0.000000000000000000e+00 0.000000000000000000e+00 0.000000000000000000e+00 0.000000000000000000e+00 0.000000000000000000e+00
