1.000000000000000000e+00 2.164038818034356868e-06 2.577905527081643554e-07 0.000000000000000000e+00 0.000000000000000000e+00 0.000000000000000000e+00
1.043506801891150637e+00 1.987351409227513520e-06 2.367426741944000698e-07 0.000000000000000000e+00 0.000000000000000000e+00 0.000000000000000000e+00
1.088906445593096795e+00 1.825090754038986414e-06 2.174133522569247293e-07 0.000000000000000000e+00 0.000000000000000000e+00 0.000000000000000000e+00
1.136281282599512554e+00 1.676079211973163148e-06 1.996622911709541996e-07 0.000000000000000000e+00 0.000000000000000000e+00 0.000000000000000000e+00
1.185717247254192142e+00 1.539234787216168208e-06 1.833606119324652346e-07 0.000000000000000000e+00 0.000000000000000000e+00 0.000000000000000000e+00
1.237304012629400596e+00 1.413559667200259999e-06 1.683896480607331173e-07 0.000000000000000000e+00 0.000000000000000000e+00 0.000000000000000000e+00
1.291135153185993367e+00 1.298149312198954546e-06 1.546413025374846228e-07 0.000000000000000000e+00 0.000000000000000000e+00 0.000000000000000000e+00
1.347308314510356819e+00 1.192158212466144494e-06 1.420151980377037874e-07 0.000000000000000000e+00 0.000000000000000000e+00 0.000000000000000000e+00
1.405925390436058908e+00 1.094824375163374756e-06 1.304202335585188321e-07 0.000000000000000000e+00 0.000000000000000000e+00 0.000000000000000000e+00
1.467092707871498813e+00 1.005434242767719594e-06 1.197717183358253809e-07 0.000000000000000000e+00 0.000000000000000000e+00 0.000000000000000000e+00
1.530921219668815780e+00 9.233425864665605889e-07 1.099926270144145895e-07 0.000000000000000000e+00 0.000000000000000000e+00 0.000000000000000000e+00
1.597526705883905551e+00 8.479560450364084183e-07 1.010121633086069125e-07 0.000000000000000000e+00 0.000000000000000000e+00 0.000000000000000000e+00
1.667029983792618797e+00 7.787220849106812431e-07 9.276474223939561261e-08 0.000000000000000000e+00 0.000000000000000000e+00 0.000000000000000000e+00
1.739557127044092155e+00 7.151409006136301259e-07 8.519070183800709548e-08 0.000000000000000000e+00 0.000000000000000000e+00 0.000000000000000000e+00
1.815239694348738553e+00 6.567516982600863566e-07 7.823509657568542935e-08 0.000000000000000000e+00 0.000000000000000000e+00 0.000000000000000000e+00
1.894214968115721653e+00 6.031300049128666668e-07 7.184745269219723683e-08 0.000000000000000000e+00 0.000000000000000000e+00 0.000000000000000000e+00
1.976626203472784393e+00 5.538854668758355707e-07 6.598125551362816528e-08 0.000000000000000000e+00 0.000000000000000000e+00 0.000000000000000000e+00
2.062622888120131837e+00 5.086618024736297241e-07 6.059403297246407765e-08 0.000000000000000000e+00 0.000000000000000000e+00 0.000000000000000000e+00
2.152361013489727082e+00 4.671310423826857229e-07 5.564668995197190414e-08 0.000000000000000000e+00 0.000000000000000000e+00 0.000000000000000000e+00
2.246003357701860548e+00 4.289908689156585019e-07 5.110327587314727350e-08 0.000000000000000000e+00 0.000000000000000000e+00 0.000000000000000000e+00
2.343719780832254074e+00 3.939650313960399434e-07 4.693084299638572175e-08 0.000000000000000000e+00 0.000000000000000000e+00 0.000000000000000000e+00
2.445687533025294069e+00 3.617985403963766595e-07 4.309905165206877383e-08 0.000000000000000000e+00 0.000000000000000000e+00 0.000000000000000000e+00
2.552091576012282204e+00 3.322583102475117053e-07 3.958009791775690505e-08 0.000000000000000000e+00 0.000000000000000000e+00 0.000000000000000000e+00
2.663124918617922887e+00 3.051300164059746182e-07 3.634847625699742131e-08 0.000000000000000000e+00 0.000000000000000000e+00 0.000000000000000000e+00
2.778988966863618959e+00 2.802167804045938864e-07 3.338069689214671808e-08 0.000000000000000000e+00 0.000000000000000000e+00 0.000000000000000000e+00
2.899893889302647576e+00 2.573375192809034951e-07 3.065523785178469454e-08 0.000000000000000000e+00 0.000000000000000000e+00 0.000000000000000000e+00
3.026058998249895549e+00 2.363260958792901012e-07 2.815228375210130000e-08 0.000000000000000000e+00 0.000000000000000000e+00 0.000000000000000000e+00
3.157713147597687176e+00 2.170306105789857921e-07 2.585372071846329967e-08 0.000000000000000000e+00 0.000000000000000000e+00 0.000000000000000000e+00
3.295095147939301583e+00 1.993105198506263317e-07 2.374283480926809210e-08 0.000000000000000000e+00 0.000000000000000000e+00 0.000000000000000000e+00
3.438454199753187890e+00 1.830371633457661899e-07 2.180428820679872032e-08 0.000000000000000000e+00 0.000000000000000000e+00 0.000000000000000000e+00
3.588050345433644761e+00 1.680926635301881934e-07 2.002403047449258148e-08 0.000000000000000000e+00 0.000000000000000000e+00 0.000000000000000000e+00
3.744154940987900027e+00 1.543678730348903580e-07 1.838908704687340506e-08 0.000000000000000000e+00 0.000000000000000000e+00 0.000000000000000000e+00
3.907051148255233031e+00 1.417641620867805141e-07 1.688767948762623250e-08 0.000000000000000000e+00 0.000000000000000000e+00 0.000000000000000000e+00
4.077034448540966416e+00 1.301889847603330339e-07 1.550880971593848397e-08 0.000000000000000000e+00 0.000000000000000000e+00 0.000000000000000000e+00
4.254413178597033607e+00 1.195591535893928857e-07 1.424253772203432839e-08 0.000000000000000000e+00 0.000000000000000000e+00 0.000000000000000000e+00
4.439509089921354956e+00 1.097972478107111386e-07 1.307966485649085668e-08 0.000000000000000000e+00 0.000000000000000000e+00 0.000000000000000000e+00
4.632657932390524813e+00 1.008322694138818798e-07 1.201172246722748084e-08 0.000000000000000000e+00 0.000000000000000000e+00 0.000000000000000000e+00
4.834210063284507086e+00 9.259918658627955267e-08 1.103097291999213578e-08 0.000000000000000000e+00 0.000000000000000000e+00 0.000000000000000000e+00
5.044531082808031641e+00 8.503846996604738027e-08 1.013031539400132756e-08 0.000000000000000000e+00 0.000000000000000000e+00 0.000000000000000000e+00
5.264002497261512481e+00 7.809490635240506859e-08 9.303180643689250017e-09 0.000000000000000000e+00 0.000000000000000000e+00 0.000000000000000000e+00
5.493022411064389487e+00 7.171834998544410254e-08 8.543579427502380795e-09 0.000000000000000000e+00 0.000000000000000000e+00 0.000000000000000000e+00
5.732006248886219346e+00 6.586243197079127631e-08 7.846002228997074737e-09 0.000000000000000000e+00 0.000000000000000000e+00 0.000000000000000000e+00
5.981387509195349672e+00 6.048455473761892088e-08 7.205372520370468516e-09 0.000000000000000000e+00 0.000000000000000000e+00 0.000000000000000000e+00
6.241618550592113124e+00 5.554587986083577036e-08 6.617065749845885572e-09 0.000000000000000000e+00 0.000000000000000000e+00 0.000000000000000000e+00
6.513171412352854794e+00 5.101034793245935626e-08 6.076774043769559350e-09 0.000000000000000000e+00 0.000000000000000000e+00 0.000000000000000000e+00
6.796538670673194282e+00 4.684510936461163056e-08 5.580605017964096723e-09 0.000000000000000000e+00 0.000000000000000000e+00 0.000000000000000000e+00
7.092234332163717347e+00 4.301995892342789823e-08 5.124938990261867323e-09 0.000000000000000000e+00 0.000000000000000000e+00 0.000000000000000000e+00
7.400794766218779408e+00 3.950708748693180108e-08 4.706477242427098645e-09 0.000000000000000000e+00 0.000000000000000000e+00 0.000000000000000000e+00
7.722779677949724864e+00 3.628114326356556610e-08 4.322192071350801098e-09 0.000000000000000000e+00 0.000000000000000000e+00 0.000000000000000000e+00
8.058773123447286579e+00 3.331846011020664483e-08 3.969276564075346976e-09 0.000000000000000000e+00 0.000000000000000000e+00 0.000000000000000000e+00
8.409384569214836347e+00 3.059772171609688117e-08 3.645171496058334041e-09 0.000000000000000000e+00 0.000000000000000000e+00 0.000000000000000000e+00
8.775249997694164250e+00 2.809909069316268369e-08 3.347533660554081647e-09 0.000000000000000000e+00 0.000000000000000000e+00 0.000000000000000000e+00
9.157033060889162357e+00 2.580451954019789981e-08 3.074197440991920832e-09 0.000000000000000000e+00 0.000000000000000000e+00 0.000000000000000000e+00
9.555426284179983298e+00 2.369727160107234132e-08 2.823180303821474608e-09 0.000000000000000000e+00 0.000000000000000000e+00 0.000000000000000000e+00
9.971152322511294130e+00 2.176203681966563183e-08 2.592651811953727127e-09 0.000000000000000000e+00 0.000000000000000000e+00 0.000000000000000000e+00
1.040496527123328008e+01 1.998476953522234402e-08 2.380943540532965188e-09 0.000000000000000000e+00 0.000000000000000000e+00 0.000000000000000000e+00
1.085765203397312817e+01 1.835266922839469777e-08 2.186519069054080719e-09 0.000000000000000000e+00 0.000000000000000000e+00 0.000000000000000000e+00
1.133003375001824686e+01 1.685386264224100942e-08 2.007983534375793853e-09 0.000000000000000000e+00 0.000000000000000000e+00 0.000000000000000000e+00
1.182296728380033457e+01 1.547732795924642808e-08 1.844010116190978906e-09 0.000000000000000000e+00 0.000000000000000000e+00 0.000000000000000000e+00
1.233734677918219091e+01 1.421321201209170406e-08 1.693427769894665379e-09 0.000000000000000000e+00 0.000000000000000000e+00 0.000000000000000000e+00
1.287410528136649646e+01 1.305238095662648087e-08 1.555151544564551144e-09 0.000000000000000000e+00 0.000000000000000000e+00 0.000000000000000000e+00
1.343421642936872473e+01 1.198622341725210800e-08 1.428149483077210349e-09 0.000000000000000000e+00 0.000000000000000000e+00 0.000000000000000000e+00
1.401869622212410427e+01 1.100719012988489231e-08 1.311528515791185663e-09 0.000000000000000000e+00 0.000000000000000000e+00 0.000000000000000000e+00
1.462860486143227945e+01 1.010803038019964203e-08 1.204422401202689802e-09 0.000000000000000000e+00 0.000000000000000000e+00 0.000000000000000000e+00
1.526504867508253582e+01 9.282334582226885466e-09 1.106068528592049835e-09 0.000000000000000000e+00 0.000000000000000000e+00 0.000000000000000000e+00
1.592918212364812369e+01 8.524006293127789545e-09 1.015737877386652015e-09 0.000000000000000000e+00 0.000000000000000000e+00 0.000000000000000000e+00
1.662220989458974074e+01 7.827621422628810201e-09 9.327837590618135669e-10 0.000000000000000000e+00 0.000000000000000000e+00 0.000000000000000000e+00
1.734538908746677066e+01 7.188082410821348204e-09 8.566047880872742416e-10 0.000000000000000000e+00 0.000000000000000000e+00 0.000000000000000000e+00
1.810003149422011504e+01 6.600777102123230290e-09 7.866484239767146981e-10 0.000000000000000000e+00 0.000000000000000000e+00 0.000000000000000000e+00
1.888750597866273750e+01 6.061411416580870214e-09 7.223995504525687821e-10 0.000000000000000000e+00 0.000000000000000000e+00 0.000000000000000000e+00
1.970924095949434118e+01 5.566087989291970720e-09 6.634026704409027839e-10 0.000000000000000000e+00 0.000000000000000000e+00 0.000000000000000000e+00
2.056672700134400245e+01 5.111198617928596173e-09 6.092167318431534159e-10 0.000000000000000000e+00 0.000000000000000000e+00 0.000000000000000000e+00
2.146151951854085382e+01 4.693471958662984932e-09 5.594608684469183532e-10 0.000000000000000000e+00 0.000000000000000000e+00 0.000000000000000000e+00
2.239524159651707436e+01 4.309834110830439810e-09 5.137618823619891050e-10 0.000000000000000000e+00 0.000000000000000000e+00 0.000000000000000000e+00
2.336958693596119829e+01 3.957541455567732863e-09 4.718028144498757707e-10 0.000000000000000000e+00 0.000000000000000000e+00 0.000000000000000000e+00
2.438632292506208543e+01 3.633990247796533803e-09 4.332635234735768851e-10 0.000000000000000000e+00 0.000000000000000000e+00 0.000000000000000000e+00
2.544729384541637174e+01 3.336872998180054589e-09 3.978717564399776755e-10 0.000000000000000000e+00 0.000000000000000000e+00 0.000000000000000000e+00
2.655442421741480175e+01 3.064025205683041762e-09 3.653730819808757486e-10 0.000000000000000000e+00 0.000000000000000000e+00 0.000000000000000000e+00
2.770972229117543861e+01 2.813456890264389592e-09 3.355254056954988686e-10 0.000000000000000000e+00 0.000000000000000000e+00 0.000000000000000000e+00
2.891528368935641069e+01 2.583348381017622403e-09 3.081186419371285310e-10 0.000000000000000000e+00 0.000000000000000000e+00 0.000000000000000000e+00
3.017329520845564517e+01 2.372038653270613406e-09 2.829499342588123188e-10 0.000000000000000000e+00 0.000000000000000000e+00 0.000000000000000000e+00
3.148603878549312896e+01 2.177987012593772422e-09 2.598369499397079052e-10 0.000000000000000000e+00 0.000000000000000000e+00 0.000000000000000000e+00
3.285589563727066320e+01 1.999795145729041676e-09 2.386104503956360459e-10 0.000000000000000000e+00 0.000000000000000000e+00 0.000000000000000000e+00
3.428535057971772204e+01 1.836164348583689089e-09 2.191190355399351983e-10 0.000000000000000000e+00 0.000000000000000000e+00 0.000000000000000000e+00
3.577699653515814759e+01 1.685896078627860445e-09 2.012204212125999270e-10 0.000000000000000000e+00 0.000000000000000000e+00 0.000000000000000000e+00
3.733353923567363353e+01 1.547920143716257970e-09 1.847840902163165736e-10 0.000000000000000000e+00 0.000000000000000000e+00 0.000000000000000000e+00
3.895780213109558332e+01 1.421219874369571473e-09 1.696894142115714187e-10 0.000000000000000000e+00 0.000000000000000000e+00 0.000000000000000000e+00
4.065273151052780776e+01 1.304880364450289698e-09 1.558298943989118538e-10 0.000000000000000000e+00 0.000000000000000000e+00 0.000000000000000000e+00
4.242140184669047898e+01 1.198057243629181945e-09 1.431007127758048896e-10 0.000000000000000000e+00 0.000000000000000000e+00 0.000000000000000000e+00
4.426702137277933247e+01 1.099982892353930628e-09 1.314146558412821490e-10 0.000000000000000000e+00 0.000000000000000000e+00 0.000000000000000000e+00
4.619293790195614946e+01 1.009929640580526619e-09 1.206819129922650628e-10 0.000000000000000000e+00 0.000000000000000000e+00 0.000000000000000000e+00
4.820264490002678315e+01 9.272630493506228956e-10 1.108283556825874063e-10 0.000000000000000000e+00 0.000000000000000000e+00 0.000000000000000000e+00
5.029978782232173273e+01 8.513652166983001415e-10 1.017792900556785612e-10 0.000000000000000000e+00 0.000000000000000000e+00 0.000000000000000000e+00
5.248817072627439728e+01 7.816887238906064796e-10 9.346911246807584595e-11 0.000000000000000000e+00 0.000000000000000000e+00 0.000000000000000000e+00
5.477176317169127628e+01 7.177347277264468753e-10 8.583929564301851474e-11 0.000000000000000000e+00 0.000000000000000000e+00 0.000000000000000000e+00
5.715470742123107328e+01 6.590297928133602152e-10 7.883289033185634614e-11 0.000000000000000000e+00 0.000000000000000000e+00 0.000000000000000000e+00
5.964132595415325255e+01 6.051514553384005114e-10 7.239956708262013621e-11 0.000000000000000000e+00 0.000000000000000000e+00 0.000000000000000000e+00
6.223612930696613432e+01 5.557104930420774174e-10 6.649278090133595550e-11 0.000000000000000000e+00 0.000000000000000000e+00 0.000000000000000000e+00
6.494382425519634694e+01 5.103371074034834348e-10 6.106806999002801411e-11 0.000000000000000000e+00 0.000000000000000000e+00 0.000000000000000000e+00
6.776932235112084868e+01 4.687086044791828060e-10 5.608735460294823482e-11 0.000000000000000000e+00 0.000000000000000000e+00 0.000000000000000000e+00
7.071774883294858682e+01 4.305035243104256893e-10 5.151262288050883660e-11 0.000000000000000000e+00 0.000000000000000000e+00 0.000000000000000000e+00
7.379445192161182376e+01 3.954772254143985214e-10 4.731381926293102573e-11 0.000000000000000000e+00 0.000000000000000000e+00 0.000000000000000000e+00
7.700501252203143565e+01 3.633376557770809770e-10 4.345765917171798761e-11 0.000000000000000000e+00 0.000000000000000000e+00 0.000000000000000000e+00
8.035525434645299470e+01 3.338560397831326430e-10 3.991644435877389223e-11 0.000000000000000000e+00 0.000000000000000000e+00 0.000000000000000000e+00
8.385125447821714317e+01 3.068019302486223994e-10 3.666377008161836117e-11 0.000000000000000000e+00 0.000000000000000000e+00 0.000000000000000000e+00
8.749935439512539403e+01 2.819964647813385567e-10 3.367734747173691610e-11 0.000000000000000000e+00 0.000000000000000000e+00 0.000000000000000000e+00
9.130617147239769338e+01 2.592473976515853418e-10 3.093501788170156446e-11 0.000000000000000000e+00 0.000000000000000000e+00 0.000000000000000000e+00
9.527861098608673274e+01 2.383590093394226377e-10 2.841588638229029648e-11 0.000000000000000000e+00 0.000000000000000000e+00 0.000000000000000000e+00
9.942387863872237119e+01 2.192182117466704528e-10 2.610339092678823931e-11 0.000000000000000000e+00 0.000000000000000000e+00 0.000000000000000000e+00
1.037494936299070645e+02 2.016385601437136716e-10 2.397887030664845909e-11 0.000000000000000000e+00 0.000000000000000000e+00 0.000000000000000000e+00
1.082633022955706252e+02 1.855007507516638944e-10 2.202759891098835827e-11 0.000000000000000000e+00 0.000000000000000000e+00 0.000000000000000000e+00
1.129734923406257820e+02 1.706720690034643512e-10 2.023501551463472918e-11 0.000000000000000000e+00 0.000000000000000000e+00 0.000000000000000000e+00
1.178886076908408143e+02 1.570501216805716138e-10 1.858840022628608528e-11 0.000000000000000000e+00 0.000000000000000000e+00 0.000000000000000000e+00
1.230175639908698031e+02 1.445257615594314956e-10 1.707588110965585172e-11 0.000000000000000000e+00 0.000000000000000000e+00 0.000000000000000000e+00
1.283696647765525256e+02 1.330008928616494911e-10 1.568626930362141405e-11 0.000000000000000000e+00 0.000000000000000000e+00 0.000000000000000000e+00
1.339546183508192598e+02 1.223993129828921435e-10 1.440996875698925605e-11 0.000000000000000000e+00 0.000000000000000000e+00 0.000000000000000000e+00
1.397825553938130554e+02 1.126378291143657123e-10 1.323750793045895686e-11 0.000000000000000000e+00 0.000000000000000000e+00 0.000000000000000000e+00
1.458640473391704688e+02 1.036635962154545471e-10 1.216112285249784494e-11 0.000000000000000000e+00 0.000000000000000000e+00 0.000000000000000000e+00
1.522101255497971692e+02 9.539721284450538818e-11 1.117251081945704140e-11 0.000000000000000000e+00 0.000000000000000000e+00 0.000000000000000000e+00
1.588323013279193674e+02 8.778540167408890952e-11 1.026478974066668303e-11 0.000000000000000000e+00 0.000000000000000000e+00 0.000000000000000000e+00
1.657425867957087178e+02 8.078235238503478283e-11 9.431561175763368680e-12 0.000000000000000000e+00 0.000000000000000000e+00 0.000000000000000000e+00
1.729535166843564582e+02 7.434535761189744458e-11 8.667072818628079269e-12 0.000000000000000000e+00 0.000000000000000000e+00 0.000000000000000000e+00
1.804781710711205562e+02 6.843708529575667258e-11 7.965886411942010986e-12 0.000000000000000000e+00 0.000000000000000000e+00 0.000000000000000000e+00
1.883301991055890028e+02 6.302513301211269265e-11 7.323209726921166652e-12 0.000000000000000000e+00 0.000000000000000000e+00 0.000000000000000000e+00
1.965238437681966275e+02 5.808373325030043094e-11 6.734595048785685503e-12 0.000000000000000000e+00 0.000000000000000000e+00 0.000000000000000000e+00
2.050739677059069948e+02 5.358313892490060828e-11 6.195953733926907925e-12 0.000000000000000000e+00 0.000000000000000000e+00 0.000000000000000000e+00
2.139960801919201003e+02 4.949867869440277266e-11 5.703493275032562802e-12 0.000000000000000000e+00 0.000000000000000000e+00 0.000000000000000000e+00
2.233063652583127521e+02 4.580427619464110981e-11 5.253730523086060341e-12 0.000000000000000000e+00 0.000000000000000000e+00 0.000000000000000000e+00
2.330217110526390911e+02 4.247356788952659243e-11 4.843413245199292239e-12 0.000000000000000000e+00 0.000000000000000000e+00 0.000000000000000000e+00
2.431597404717432198e+02 3.947932951753962139e-11 4.469490811647800240e-12 0.000000000000000000e+00 0.000000000000000000e+00 0.000000000000000000e+00
2.537388431283509647e+02 3.678984527988006682e-11 4.129045696436790671e-12 0.000000000000000000e+00 0.000000000000000000e+00 0.000000000000000000e+00
2.647782087084258933e+02 3.437386625106321858e-11 3.819420940168614743e-12 0.000000000000000000e+00 0.000000000000000000e+00 0.000000000000000000e+00
2.762978617797970742e+02 3.219640661948101077e-11 3.538061756265930472e-12 0.000000000000000000e+00 0.000000000000000000e+00 0.000000000000000000e+00
2.883186981151989698e+02 3.022348300785019048e-11 3.282619515751105486e-12 0.000000000000000000e+00 0.000000000000000000e+00 0.000000000000000000e+00
3.008625225956113809e+02 2.840732307843503746e-11 3.050533467640259772e-12 0.000000000000000000e+00 0.000000000000000000e+00 0.000000000000000000e+00
3.139520887626504759e+02 2.670212969379157700e-11 2.839419436646256419e-12 0.000000000000000000e+00 0.000000000000000000e+00 0.000000000000000000e+00
3.276111400917600349e+02 2.506586348101453805e-11 2.646994933274643731e-12 0.000000000000000000e+00 0.000000000000000000e+00 0.000000000000000000e+00
3.418644530610662855e+02 2.346773324239626749e-11 2.471021467092847390e-12 0.000000000000000000e+00 0.000000000000000000e+00 0.000000000000000000e+00
3.567378820940206197e+02 2.189847674393009813e-11 2.309367191301799518e-12 0.000000000000000000e+00 0.000000000000000000e+00 0.000000000000000000e+00
3.722584064573538853e+02 2.037673093839817465e-11 2.160007079206566552e-12 0.000000000000000000e+00 0.000000000000000000e+00 0.000000000000000000e+00
3.884541791994093956e+02 1.894441742305318307e-11 2.021176640699170450e-12 0.000000000000000000e+00 0.000000000000000000e+00 0.000000000000000000e+00
4.053545782176276475e+02 1.764648827400547170e-11 1.891400229995918795e-12 0.000000000000000000e+00 0.000000000000000000e+00 0.000000000000000000e+00
4.229902595478124567e+02 1.650363969215290787e-11 1.769583308147171560e-12 0.000000000000000000e+00 0.000000000000000000e+00 0.000000000000000000e+00
4.413932129718455144e+02 1.549736576988317727e-11 1.655100146198635728e-12 0.000000000000000000e+00 0.000000000000000000e+00 0.000000000000000000e+00
4.605968200447100571e+02 1.457986252391464885e-11 1.547790315211421096e-12 0.000000000000000000e+00 0.000000000000000000e+00 0.000000000000000000e+00
4.806359146460892475e+02 1.370500978300038855e-11 1.447927847801437984e-12 0.000000000000000000e+00 0.000000000000000000e+00 0.000000000000000000e+00
5.015468461663685957e+02 1.285402302381822661e-11 1.356067013835396048e-12 0.000000000000000000e+00 0.000000000000000000e+00 0.000000000000000000e+00
5.233675454416602406e+02 1.203910250146468170e-11 1.272851579337449450e-12 0.000000000000000000e+00 0.000000000000000000e+00 0.000000000000000000e+00
5.461375935574483265e+02 1.128725272705714684e-11 1.198817694660499689e-12 0.000000000000000000e+00 0.000000000000000000e+00 0.000000000000000000e+00
5.698982936456619655e+02 1.061861901510591143e-11 1.134148466721509481e-12 0.000000000000000000e+00 0.000000000000000000e+00 0.000000000000000000e+00
5.946927458054085491e+02 1.003640820911457818e-11 1.078493070112150118e-12 0.000000000000000000e+00 0.000000000000000000e+00 0.000000000000000000e+00
6.205659252832682569e+02 9.533689969741158793e-12 1.030827647034858425e-12 0.000000000000000000e+00 0.000000000000000000e+00 0.000000000000000000e+00
6.475647640549660764e+02 9.113456662076594513e-12 9.894970075278396194e-13 0.000000000000000000e+00 0.000000000000000000e+00 0.000000000000000000e+00
6.757382359563951013e+02 8.798002615093823292e-12 9.523261710500944913e-13 0.000000000000000000e+00 0.000000000000000000e+00 0.000000000000000000e+00
7.051374455184256931e+02 8.603546997350548893e-12 9.170824334107257703e-13 0.000000000000000000e+00 0.000000000000000000e+00 0.000000000000000000e+00
7.358157206666278398e+02 8.487981777393440804e-12 8.822133972153585447e-13 0.000000000000000000e+00 0.000000000000000000e+00 0.000000000000000000e+00
7.678287094540650060e+02 8.344398727287993629e-12 8.474853363056298454e-13 0.000000000000000000e+00 0.000000000000000000e+00 0.000000000000000000e+00
8.012344810026208961e+02 8.088336911576522802e-12 8.143046249677100857e-13 0.000000000000000000e+00 0.000000000000000000e+00 0.000000000000000000e+00
8.360936308359608802e+02 7.750514665314755196e-12 7.852662800830354822e-13 0.000000000000000000e+00 0.000000000000000000e+00 0.000000000000000000e+00
8.724693907951938172e+02 7.432603207499018176e-12 7.629850307684058171e-13 0.000000000000000000e+00 0.000000000000000000e+00 0.000000000000000000e+00
9.104277437366123422e+02 7.195751678651545261e-12 7.489235246358380962e-13 0.000000000000000000e+00 0.000000000000000000e+00 0.000000000000000000e+00
9.500375432195683061e+02 7.018078816668497575e-12 7.422484948189071139e-13 0.000000000000000000e+00 0.000000000000000000e+00 0.000000000000000000e+00
9.913706384015775939e+02 6.874843087647717152e-12 7.396171661566198642e-13 0.000000000000000000e+00 0.000000000000000000e+00 0.000000000000000000e+00
1.034502004367218660e+03 6.807904141618138134e-12 7.364016583677680792e-13 0.000000000000000000e+00 0.000000000000000000e+00 0.000000000000000000e+00
1.079509878127221327e+03 6.819796797484738689e-12 7.295051886522078019e-13 0.000000000000000000e+00 0.000000000000000000e+00 0.000000000000000000e+00
1.126475900534442644e+03 6.799669571606272627e-12 7.205479183548519283e-13 0.000000000000000000e+00 0.000000000000000000e+00 0.000000000000000000e+00
1.175485264374150120e+03 6.697510501676427005e-12 7.151506997974886138e-13 0.000000000000000000e+00 0.000000000000000000e+00 0.000000000000000000e+00
1.226626868897243185e+03 6.607399916203449815e-12 7.187734267536354536e-13 0.000000000000000000e+00 0.000000000000000000e+00 0.000000000000000000e+00
1.279993481076717899e+03 6.619831956427836758e-12 7.320805466802153835e-13 0.000000000000000000e+00 0.000000000000000000e+00 0.000000000000000000e+00
1.335681903879886931e+03 6.773248636445818554e-12 7.493953020282584040e-13 0.000000000000000000e+00 0.000000000000000000e+00 0.000000000000000000e+00
1.393793151861582601e+03 7.017797399973745456e-12 7.634875083025497207e-13 0.000000000000000000e+00 0.000000000000000000e+00 0.000000000000000000e+00
1.454432634396866888e+03 7.185516618659393964e-12 7.748107409561050216e-13 0.000000000000000000e+00 0.000000000000000000e+00 0.000000000000000000e+00
1.517710346885595754e+03 7.227668809546134963e-12 7.930684533201953263e-13 0.000000000000000000e+00 0.000000000000000000e+00 0.000000000000000000e+00
1.583741070275696984e+03 7.304884895161939213e-12 8.256092917432820980e-13 0.000000000000000000e+00 0.000000000000000000e+00 0.000000000000000000e+00
1.652644579267060635e+03 7.523490024028850681e-12 8.668184310141238132e-13 0.000000000000000000e+00 0.000000000000000000e+00 0.000000000000000000e+00
1.724545859573716598e+03 7.858942568633178209e-12 9.028691954772894423e-13 0.000000000000000000e+00 0.000000000000000000e+00 0.000000000000000000e+00
1.799575334638394452e+03 8.244373897747561512e-12 9.331318673379368103e-13 0.000000000000000000e+00 0.000000000000000000e+00 0.000000000000000000e+00
1.877869102210708206e+03 8.611759606088370227e-12 9.715091191931525857e-13 0.000000000000000000e+00 0.000000000000000000e+00 0.000000000000000000e+00
1.959569181218102358e+03 9.016999698100416758e-12 1.017182667806934574e-12 0.000000000000000000e+00 0.000000000000000000e+00 0.000000000000000000e+00
2.044823769377360577e+03 9.470188944315459592e-12 1.051498804810540167e-12 0.000000000000000000e+00 0.000000000000000000e+00 0.000000000000000000e+00
2.133787512013977448e+03 9.790202059587140832e-12 1.073044788585317284e-12 0.000000000000000000e+00 0.000000000000000000e+00 0.000000000000000000e+00
2.226621782576980422e+03 9.945563445624445442e-12 1.089591848315421502e-12 0.000000000000000000e+00 0.000000000000000000e+00 0.000000000000000000e+00
2.323494975358078136e+03 1.011194683708301306e-11 1.091416862961357780e-12 0.000000000000000000e+00 0.000000000000000000e+00 0.000000000000000000e+00
2.424582810946065820e+03 1.014943942789299037e-11 1.079976682642958935e-12 0.000000000000000000e+00 0.000000000000000000e+00 0.000000000000000000e+00
2.530068654970585612e+03 1.002308381074708707e-11 1.063137274245528173e-12 0.000000000000000000e+00 0.000000000000000000e+00 0.000000000000000000e+00
2.640143850713400752e+03 9.857432007093128154e-12 1.049006423069413711e-12 0.000000000000000000e+00 0.000000000000000000e+00 0.000000000000000000e+00
2.755008066190528098e+03 9.890144617573156797e-12 1.048480463285267896e-12 0.000000000000000000e+00 0.000000000000000000e+00 0.000000000000000000e+00
2.874869656334801675e+03 1.016989302614523411e-11 1.076012006738539133e-12 0.000000000000000000e+00 0.000000000000000000e+00 0.000000000000000000e+00
2.999946040935837118e+03 1.059250037280810281e-11 1.129926793286223277e-12 0.000000000000000000e+00 0.000000000000000000e+00 0.000000000000000000e+00
3.130464099022974096e+03 1.154423899121387082e-11 1.243032364361255693e-12 0.000000000000000000e+00 0.000000000000000000e+00 0.000000000000000000e+00
3.266660580406526151e+03 1.343840973711909882e-11 1.425644755659907093e-12 0.000000000000000000e+00 0.000000000000000000e+00 0.000000000000000000e+00
3.408782535123903926e+03 1.556160431780721577e-11 1.717292801840612216e-12 0.000000000000000000e+00 0.000000000000000000e+00 0.000000000000000000e+00
3.557087761569554004e+03 1.926500032143077078e-11 2.208579971360755334e-12 0.000000000000000000e+00 0.000000000000000000e+00 0.000000000000000000e+00
3.711845274121596958e+03 2.472097640379543210e-11 2.944361331510507718e-12 0.000000000000000000e+00 0.000000000000000000e+00 0.000000000000000000e+00
3.873335791113409414e+03 3.600629368213506019e-11 4.357729526279278822e-12 0.000000000000000000e+00 0.000000000000000000e+00 0.000000000000000000e+00
4.041852244035283547e+03 5.014292863365163783e-11 6.953077424028974196e-12 0.000000000000000000e+00 0.000000000000000000e+00 0.000000000000000000e+00
4.217700308889829103e+03 8.074484160405789000e-11 1.286409140157770926e-11 0.000000000000000000e+00 0.000000000000000000e+00 0.000000000000000000e+00
4.401198960664939477e+03 1.428095401932260195e-10 2.612725753336834763e-11 0.000000000000000000e+00 0.000000000000000000e+00 0.000000000000000000e+00
4.592681051930127069e+03 3.700356134125522625e-10 7.292434586433392040e-11 0.000000000000000000e+00 0.000000000000000000e+00 0.000000000000000000e+00
4.792493916605692903e+03 1.325244965748661896e-09 4.800221019733601302e-10 0.000000000000000000e+00 0.000000000000000000e+00 0.000000000000000000e+00
5.001000000000000909e+03 0.000000000000000000e+00 0.000000000000000000e+00 0.000000000000000000e+00 0.000000000000000000e+00 0.000000000000000000e+00
