1.000000000000000000e+00 2.915586818699818330e-12 9.920897209572322928e-09 1.162164094763682966e-08 0.000000000000000000e+00 0.000000000000000000e+00 0.000000000000000000e+00 0.000000000000000000e+00 0.000000000000000000e+00 0.000000000000000000e+00 0.000000000000000000e+00 3.608046093593490212e-08
1.044458330493748033e+00 2.186530836736373811e-12 9.100439725913394726e-09 1.065846450409306111e-08 0.000000000000000000e+00 0.000000000000000000e+00 0.000000000000000000e+00 0.000000000000000000e+00 0.000000000000000000e+00 0.000000000000000000e+00 0.000000000000000000e+00 3.307955653566969725e-08
1.090893204137787231e+00 1.873779464823534398e-12 8.344143998516613417e-09 9.772050914465732336e-09 0.000000000000000000e+00 0.000000000000000000e+00 0.000000000000000000e+00 0.000000000000000000e+00 0.000000000000000000e+00 0.000000000000000000e+00 0.000000000000000000e+00 3.032518746050354894e-08
1.139392494740728790e+00 1.625913013518385156e-12 7.650422290130570254e-09 8.959128598707231501e-09 0.000000000000000000e+00 0.000000000000000000e+00 0.000000000000000000e+00 0.000000000000000000e+00 0.000000000000000000e+00 0.000000000000000000e+00 0.000000000000000000e+00 2.779994699593556246e-08
1.190047982834008033e+00 1.431335429273830000e-12 7.014089851971372069e-09 8.213595530423564027e-09 0.000000000000000000e+00 0.000000000000000000e+00 0.000000000000000000e+00 0.000000000000000000e+00 0.000000000000000000e+00 0.000000000000000000e+00 0.000000000000000000e+00 2.548474690765034198e-08
1.242955529358260591e+00 1.328608806527784504e-12 6.429750864261106936e-09 7.529300668764954340e-09 0.000000000000000000e+00 0.000000000000000000e+00 0.000000000000000000e+00 0.000000000000000000e+00 0.000000000000000000e+00 0.000000000000000000e+00 0.000000000000000000e+00 2.336155306587159912e-08
1.298215257071501538e+00 1.187269392656407355e-12 5.894712481156706715e-09 6.902549354951696823e-09 0.000000000000000000e+00 0.000000000000000000e+00 0.000000000000000000e+00 0.000000000000000000e+00 0.000000000000000000e+00 0.000000000000000000e+00 0.000000000000000000e+00 2.141577457534590726e-08
1.355931740022412457e+00 1.100258744329604285e-12 5.403623552835569240e-09 6.327469691591794455e-09 0.000000000000000000e+00 0.000000000000000000e+00 0.000000000000000000e+00 0.000000000000000000e+00 0.000000000000000000e+00 0.000000000000000000e+00 0.000000000000000000e+00 1.963155314983286223e-08
1.416214201447291599e+00 9.952949957539992698e-13 4.953790162358893289e-09 5.800604020006240382e-09 0.000000000000000000e+00 0.000000000000000000e+00 0.000000000000000000e+00 0.000000000000000000e+00 0.000000000000000000e+00 0.000000000000000000e+00 0.000000000000000000e+00 1.799627139054154535e-08
1.479176720465174677e+00 9.206204741017822641e-13 4.541084718273313548e-09 5.317322301665420533e-09 0.000000000000000000e+00 0.000000000000000000e+00 0.000000000000000000e+00 0.000000000000000000e+00 0.000000000000000000e+00 0.000000000000000000e+00 0.000000000000000000e+00 1.649691837934580556e-08
1.544938447962273864e+00 8.399617309213757205e-13 4.162927881090099435e-09 4.874457490156090558e-09 0.000000000000000000e+00 0.000000000000000000e+00 0.000000000000000000e+00 0.000000000000000000e+00 0.000000000000000000e+00 0.000000000000000000e+00 0.000000000000000000e+00 1.512261955779550509e-08
1.613623832074278619e+00 7.754803404177231376e-13 3.816105568635665960e-09 4.468330688202289604e-09 0.000000000000000000e+00 0.000000000000000000e+00 0.000000000000000000e+00 0.000000000000000000e+00 0.000000000000000000e+00 0.000000000000000000e+00 0.000000000000000000e+00 1.386266482162802560e-08
1.685362853693225027e+00 7.149552989215697670e-13 3.498173861443023980e-09 4.096036720941422238e-09 0.000000000000000000e+00 0.000000000000000000e+00 0.000000000000000000e+00 0.000000000000000000e+00 0.000000000000000000e+00 0.000000000000000000e+00 0.000000000000000000e+00 1.270767191013500895e-08
1.760291272444604704e+00 6.583549849987288830e-13 3.206726857777935023e-09 3.754757941535057268e-09 0.000000000000000000e+00 0.000000000000000000e+00 0.000000000000000000e+00 0.000000000000000000e+00 0.000000000000000000e+00 0.000000000000000000e+00 0.000000000000000000e+00 1.164889903135552340e-08
1.838550883600207131e+00 6.031075742379473960e-13 2.939619189326636247e-09 3.441972071531319529e-09 0.000000000000000000e+00 0.000000000000000000e+00 0.000000000000000000e+00 0.000000000000000000e+00 0.000000000000000000e+00 0.000000000000000000e+00 0.000000000000000000e+00 1.067839050166275559e-08
1.920289786412877620e+00 5.544853347422065228e-13 2.694703338741656249e-09 3.155184963272183014e-09 0.000000000000000000e+00 0.000000000000000000e+00 0.000000000000000000e+00 0.000000000000000000e+00 0.000000000000000000e+00 0.000000000000000000e+00 0.000000000000000000e+00 9.788679293154641546e-09
2.005662664380989835e+00 4.972709974489604832e-13 2.470338881990768907e-09 2.892411938952211870e-09 0.000000000000000000e+00 0.000000000000000000e+00 0.000000000000000000e+00 0.000000000000000000e+00 0.000000000000000000e+00 0.000000000000000000e+00 0.000000000000000000e+00 8.973215385525055142e-09
2.094831077973011269e+00 4.115016552527479035e-13 2.265182056211492016e-09 2.651959367509178330e-09 0.000000000000000000e+00 0.000000000000000000e+00 0.000000000000000000e+00 0.000000000000000000e+00 0.000000000000000000e+00 0.000000000000000000e+00 0.000000000000000000e+00 8.226176653473592355e-09
2.187963770366109895e+00 3.681342208254257215e-13 2.076740331089625611e-09 2.431241270645837025e-09 0.000000000000000000e+00 0.000000000000000000e+00 0.000000000000000000e+00 0.000000000000000000e+00 0.000000000000000000e+00 0.000000000000000000e+00 0.000000000000000000e+00 7.541088487627900523e-09
2.285236986777393398e+00 3.335778257068600989e-13 1.903928607672830612e-09 2.228848718797363655e-09 0.000000000000000000e+00 0.000000000000000000e+00 0.000000000000000000e+00 0.000000000000000000e+00 0.000000000000000000e+00 0.000000000000000000e+00 0.000000000000000000e+00 6.913018654637177577e-09
2.386834807992079366e+00 3.051935119368721534e-13 1.745460845236846448e-09 2.043273310702446096e-09 0.000000000000000000e+00 0.000000000000000000e+00 0.000000000000000000e+00 0.000000000000000000e+00 0.000000000000000000e+00 0.000000000000000000e+00 0.000000000000000000e+00 6.337225190858395846e-09
2.492949498719772894e+00 2.876021306348287721e-13 1.600061691850104868e-09 1.873046171268407394e-09 0.000000000000000000e+00 0.000000000000000000e+00 0.000000000000000000e+00 0.000000000000000000e+00 0.000000000000000000e+00 0.000000000000000000e+00 0.000000000000000000e+00 5.809282212544815099e-09
2.603781871438080042e+00 2.648709155356226751e-13 1.466854158539313064e-09 1.717065863956753020e-09 0.000000000000000000e+00 0.000000000000000000e+00 0.000000000000000000e+00 0.000000000000000000e+00 0.000000000000000000e+00 0.000000000000000000e+00 0.000000000000000000e+00 5.325385175579356126e-09
2.719541666412103709e+00 2.483335858069419431e-13 1.344661658034728816e-09 1.574013119134061703e-09 0.000000000000000000e+00 0.000000000000000000e+00 0.000000000000000000e+00 0.000000000000000000e+00 0.000000000000000000e+00 0.000000000000000000e+00 0.000000000000000000e+00 4.881726671065318992e-09
2.840447948608971096e+00 2.293175780067609753e-13 1.232690656164254988e-09 1.442910889372531154e-09 0.000000000000000000e+00 0.000000000000000000e+00 0.000000000000000000e+00 0.000000000000000000e+00 0.000000000000000000e+00 0.000000000000000000e+00 0.000000000000000000e+00 4.475058818449609348e-09
2.966729522258517271e+00 2.137465756780104383e-13 1.130000353414167644e-09 1.322690161658831101e-09 0.000000000000000000e+00 0.000000000000000000e+00 0.000000000000000000e+00 0.000000000000000000e+00 0.000000000000000000e+00 0.000000000000000000e+00 0.000000000000000000e+00 4.102224796277990618e-09
3.098625363844645264e+00 1.434643704257814358e-13 1.036613187843921416e-09 1.213086054921848699e-09 0.000000000000000000e+00 0.000000000000000000e+00 0.000000000000000000e+00 0.000000000000000000e+00 0.000000000000000000e+00 0.000000000000000000e+00 0.000000000000000000e+00 3.761084821271201207e-09
3.236385074346761037e+00 1.231353463801470576e-13 9.504957224062375233e-10 1.112208510757365751e-09 0.000000000000000000e+00 0.000000000000000000e+00 0.000000000000000000e+00 0.000000000000000000e+00 0.000000000000000000e+00 0.000000000000000000e+00 0.000000000000000000e+00 3.447971189426578301e-09
3.380269351587102289e+00 1.085726241991355970e-13 8.715005425435751784e-10 1.019693607303349818e-09 0.000000000000000000e+00 0.000000000000000000e+00 0.000000000000000000e+00 0.000000000000000000e+00 0.000000000000000000e+00 0.000000000000000000e+00 0.000000000000000000e+00 3.160900843008012656e-09
3.530550483577849175e+00 9.811739731312862798e-14 7.990364606327159430e-10 9.348455885885919915e-10 0.000000000000000000e+00 0.000000000000000000e+00 0.000000000000000000e+00 0.000000000000000000e+00 0.000000000000000000e+00 0.000000000000000000e+00 0.000000000000000000e+00 2.897699931799352680e-09
3.687512863801615026e+00 9.635936854171749139e-14 7.324949735668545341e-10 8.569740021532958105e-10 0.000000000000000000e+00 0.000000000000000000e+00 0.000000000000000000e+00 0.000000000000000000e+00 0.000000000000000000e+00 0.000000000000000000e+00 0.000000000000000000e+00 2.656328868373062913e-09
3.851453529400454379e+00 8.870831334238031421e-14 6.715588765103895692e-10 7.856399049318587004e-10 0.000000000000000000e+00 0.000000000000000000e+00 0.000000000000000000e+00 0.000000000000000000e+00 0.000000000000000000e+00 0.000000000000000000e+00 0.000000000000000000e+00 2.435111212177110104e-09
4.022682723291851836e+00 8.293707443133055839e-14 6.156617966978119424e-10 7.202149714132274782e-10 0.000000000000000000e+00 0.000000000000000000e+00 0.000000000000000000e+00 0.000000000000000000e+00 0.000000000000000000e+00 0.000000000000000000e+00 0.000000000000000000e+00 2.232284466955720498e-09
4.201524481275451528e+00 6.797564826145278082e-14 5.645980073091137635e-10 6.603840622205886264e-10 0.000000000000000000e+00 0.000000000000000000e+00 0.000000000000000000e+00 0.000000000000000000e+00 0.000000000000000000e+00 0.000000000000000000e+00 0.000000000000000000e+00 2.046521990263566683e-09
4.388317245241568187e+00 6.551770451177616727e-14 5.176488473616534748e-10 6.054278896891299712e-10 0.000000000000000000e+00 0.000000000000000000e+00 0.000000000000000000e+00 0.000000000000000000e+00 0.000000000000000000e+00 0.000000000000000000e+00 0.000000000000000000e+00 1.876127669110449530e-09
4.583414503641932036e+00 6.378463152063859215e-14 4.745932520894307380e-10 5.550348090427781354e-10 0.000000000000000000e+00 0.000000000000000000e+00 0.000000000000000000e+00 0.000000000000000000e+00 0.000000000000000000e+00 0.000000000000000000e+00 0.000000000000000000e+00 1.719910312877833982e-09
4.787185460434682405e+00 6.132177810746662786e-14 4.351279836844987356e-10 5.088434570991063149e-10 0.000000000000000000e+00 0.000000000000000000e+00 0.000000000000000000e+00 0.000000000000000000e+00 0.000000000000000000e+00 0.000000000000000000e+00 0.000000000000000000e+00 1.576705283527886323e-09
5.000015733769552995e+00 5.750146225372072374e-14 3.989444405547047840e-10 4.664917058224024603e-10 0.000000000000000000e+00 0.000000000000000000e+00 0.000000000000000000e+00 0.000000000000000000e+00 0.000000000000000000e+00 0.000000000000000000e+00 0.000000000000000000e+00 1.445415853171147507e-09
5.222308085735419603e+00 4.215298821949625609e-14 3.659678744317844843e-10 4.278181494914117814e-10 0.000000000000000000e+00 0.000000000000000000e+00 0.000000000000000000e+00 0.000000000000000000e+00 0.000000000000000000e+00 0.000000000000000000e+00 0.000000000000000000e+00 1.325233206102677139e-09
5.454483184551217612e+00 3.982869338351569837e-14 3.355912697145081218e-10 3.922557396307121376e-10 0.000000000000000000e+00 0.000000000000000000e+00 0.000000000000000000e+00 0.000000000000000000e+00 0.000000000000000000e+00 0.000000000000000000e+00 0.000000000000000000e+00 1.214950035801683678e-09
5.696980400642586595e+00 3.834595082761170199e-14 3.077296704079204066e-10 3.596425913050051323e-10 0.000000000000000000e+00 0.000000000000000000e+00 0.000000000000000000e+00 0.000000000000000000e+00 0.000000000000000000e+00 0.000000000000000000e+00 0.000000000000000000e+00 1.113838718594651404e-09
5.950258638110759613e+00 3.796116006904001714e-14 2.821570923194215705e-10 3.297205533289852158e-10 0.000000000000000000e+00 0.000000000000000000e+00 0.000000000000000000e+00 0.000000000000000000e+00 0.000000000000000000e+00 0.000000000000000000e+00 0.000000000000000000e+00 1.021117733124086128e-09
6.214797203167166550e+00 3.407733659299640285e-14 2.587722681861585147e-10 3.023345051083545476e-10 0.000000000000000000e+00 0.000000000000000000e+00 0.000000000000000000e+00 0.000000000000000000e+00 0.000000000000000000e+00 0.000000000000000000e+00 0.000000000000000000e+00 9.361721454644915122e-10
6.491096711177193335e+00 3.474745030234968075e-14 2.372971971766464891e-10 2.772034049807404477e-10 0.000000000000000000e+00 0.000000000000000000e+00 0.000000000000000000e+00 0.000000000000000000e+00 0.000000000000000000e+00 0.000000000000000000e+00 0.000000000000000000e+00 8.582806908486182702e-10
6.779680034029589741e+00 3.688426008810849251e-14 2.175734650642130307e-10 2.541352894710090763e-10 0.000000000000000000e+00 0.000000000000000000e+00 0.000000000000000000e+00 0.000000000000000000e+00 0.000000000000000000e+00 0.000000000000000000e+00 0.000000000000000000e+00 7.868425130485498057e-10
7.081093289624342368e+00 3.119214259209596395e-14 1.995908372626336614e-10 2.330604888601419423e-10 0.000000000000000000e+00 0.000000000000000000e+00 0.000000000000000000e+00 0.000000000000000000e+00 0.000000000000000000e+00 0.000000000000000000e+00 0.000000000000000000e+00 7.214269924539174087e-10
7.395906875351522913e+00 2.880208522923554276e-14 1.830866569251598910e-10 2.137278722962421810e-10 0.000000000000000000e+00 0.000000000000000000e+00 0.000000000000000000e+00 0.000000000000000000e+00 0.000000000000000000e+00 0.000000000000000000e+00 0.000000000000000000e+00 6.614552094442278642e-10
7.724716547516883303e+00 2.978902631246286031e-14 1.679099375629478221e-10 1.959716647252298530e-10 0.000000000000000000e+00 0.000000000000000000e+00 0.000000000000000000e+00 0.000000000000000000e+00 0.000000000000000000e+00 0.000000000000000000e+00 0.000000000000000000e+00 6.064417035800928545e-10
8.068144548756912116e+00 3.100455551078864227e-14 1.539796863180528397e-10 1.796792790329888134e-10 0.000000000000000000e+00 0.000000000000000000e+00 0.000000000000000000e+00 0.000000000000000000e+00 0.000000000000000000e+00 0.000000000000000000e+00 0.000000000000000000e+00 5.559922585580464487e-10
8.426840785576876769e+00 3.225048735573632874e-14 1.412256866662031655e-10 1.647577411124099837e-10 0.000000000000000000e+00 0.000000000000000000e+00 0.000000000000000000e+00 0.000000000000000000e+00 0.000000000000000000e+00 0.000000000000000000e+00 0.000000000000000000e+00 5.097655313882937528e-10
8.801484058240248487e+00 3.407953019080238137e-14 1.295165555385720663e-10 1.510657168483034292e-10 0.000000000000000000e+00 0.000000000000000000e+00 0.000000000000000000e+00 0.000000000000000000e+00 0.000000000000000000e+00 0.000000000000000000e+00 0.000000000000000000e+00 4.673732164148896060e-10
9.192783345336948742e+00 3.295912040789655420e-14 1.188213383769862652e-10 1.385405162972597426e-10 0.000000000000000000e+00 0.000000000000000000e+00 0.000000000000000000e+00 0.000000000000000000e+00 0.000000000000000000e+00 0.000000000000000000e+00 0.000000000000000000e+00 4.285400299862759156e-10
9.601479145461361497e+00 3.251186631280258157e-14 1.090187513179562446e-10 1.270602799958460851e-10 0.000000000000000000e+00 0.000000000000000000e+00 0.000000000000000000e+00 0.000000000000000000e+00 0.000000000000000000e+00 0.000000000000000000e+00 0.000000000000000000e+00 3.929472758210115332e-10
1.002834487853911227e+01 3.383029356646293888e-14 9.999607415508186247e-11 1.165099970117851379e-10 0.000000000000000000e+00 0.000000000000000000e+00 0.000000000000000000e+00 0.000000000000000000e+00 0.000000000000000000e+00 0.000000000000000000e+00 0.000000000000000000e+00 3.602874786795186970e-10
1.047418834945448829e+01 3.559907836106835405e-14 9.172565795227422846e-11 1.068391454083363462e-10 0.000000000000000000e+00 0.000000000000000000e+00 0.000000000000000000e+00 0.000000000000000000e+00 0.000000000000000000e+00 0.000000000000000000e+00 0.000000000000000000e+00 3.303531921542775944e-10
1.093985327674830188e+01 3.737378408872104318e-14 8.413945217640007846e-11 9.797115003435352516e-11 0.000000000000000000e+00 0.000000000000000000e+00 0.000000000000000000e+00 0.000000000000000000e+00 0.000000000000000000e+00 0.000000000000000000e+00 0.000000000000000000e+00 3.029076147106536859e-10
1.142622088927908841e+01 3.593861922832924344e-14 7.723612688160764536e-11 8.987554526097356819e-11 0.000000000000000000e+00 0.000000000000000000e+00 0.000000000000000000e+00 0.000000000000000000e+00 0.000000000000000000e+00 0.000000000000000000e+00 0.000000000000000000e+00 2.777869591146665038e-10
1.193421159386922703e+01 3.799028436252981708e-14 7.085124327354836345e-11 8.241565882744233675e-11 0.000000000000000000e+00 0.000000000000000000e+00 0.000000000000000000e+00 0.000000000000000000e+00 0.000000000000000000e+00 0.000000000000000000e+00 0.000000000000000000e+00 2.547162468803888420e-10
1.246478671709178343e+01 3.853522897925036422e-14 6.502205377777497705e-11 7.559338554210052079e-11 0.000000000000000000e+00 0.000000000000000000e+00 0.000000000000000000e+00 0.000000000000000000e+00 0.000000000000000000e+00 0.000000000000000000e+00 0.000000000000000000e+00 2.335854789290283678e-10
1.301895032449433032e+01 4.011197722064218914e-14 5.966094453231847948e-11 6.932716977027175808e-11 0.000000000000000000e+00 0.000000000000000000e+00 0.000000000000000000e+00 0.000000000000000000e+00 0.000000000000000000e+00 0.000000000000000000e+00 0.000000000000000000e+00 2.142018757659975758e-10
1.359775112070238734e+01 4.091603526010454124e-14 5.475846779856961182e-11 6.359050522497469374e-11 0.000000000000000000e+00 0.000000000000000000e+00 0.000000000000000000e+00 0.000000000000000000e+00 0.000000000000000000e+00 0.000000000000000000e+00 0.000000000000000000e+00 1.964425309306192337e-10
1.420228443399830631e+01 4.165045951169366429e-14 5.026321414322391598e-11 5.833086079562867335e-11 0.000000000000000000e+00 0.000000000000000000e+00 0.000000000000000000e+00 0.000000000000000000e+00 0.000000000000000000e+00 0.000000000000000000e+00 0.000000000000000000e+00 1.801605899553777865e-10
1.483369428913121624e+01 4.345585072657441822e-14 4.612596458360909639e-11 5.349867532581228462e-11 0.000000000000000000e+00 0.000000000000000000e+00 0.000000000000000000e+00 0.000000000000000000e+00 0.000000000000000000e+00 0.000000000000000000e+00 0.000000000000000000e+00 1.652247001690176059e-10
1.549317557228063258e+01 4.338203651989595222e-14 4.236362167926544785e-11 4.908761929589031550e-11 0.000000000000000000e+00 0.000000000000000000e+00 0.000000000000000000e+00 0.000000000000000000e+00 0.000000000000000000e+00 0.000000000000000000e+00 0.000000000000000000e+00 1.515535006953138449e-10
1.618197629227075041e+01 4.510098952554323420e-14 3.888149255781089488e-11 4.502297617003282554e-11 0.000000000000000000e+00 0.000000000000000000e+00 0.000000000000000000e+00 0.000000000000000000e+00 0.000000000000000000e+00 0.000000000000000000e+00 0.000000000000000000e+00 1.389975855237449209e-10
1.690139994231451581e+01 4.646531878943801084e-14 3.569661372571381106e-11 4.130146003519787115e-11 0.000000000000000000e+00 0.000000000000000000e+00 0.000000000000000000e+00 0.000000000000000000e+00 0.000000000000000000e+00 0.000000000000000000e+00 0.000000000000000000e+00 1.274936778454674178e-10
1.765280796675694930e+01 4.693466614991612455e-14 3.278974217885987801e-11 3.789703390445362116e-11 0.000000000000000000e+00 0.000000000000000000e+00 0.000000000000000000e+00 0.000000000000000000e+00 0.000000000000000000e+00 0.000000000000000000e+00 0.000000000000000000e+00 1.169559915624917040e-10
1.843762233748569912e+01 4.834582857810891777e-14 3.010825070324175462e-11 3.476608463299039414e-11 0.000000000000000000e+00 0.000000000000000000e+00 0.000000000000000000e+00 0.000000000000000000e+00 0.000000000000000000e+00 0.000000000000000000e+00 0.000000000000000000e+00 1.072851134560761136e-10
1.925732824488454753e+01 4.919844311384095647e-14 2.765957477225395967e-11 3.190134221097293888e-11 0.000000000000000000e+00 0.000000000000000000e+00 0.000000000000000000e+00 0.000000000000000000e+00 0.000000000000000000e+00 0.000000000000000000e+00 0.000000000000000000e+00 9.842617810194085356e-11
2.011347690842221425e+01 5.014798549612907791e-14 2.541022026341808980e-11 2.927208517636097582e-11 0.000000000000000000e+00 0.000000000000000000e+00 0.000000000000000000e+00 0.000000000000000000e+00 0.000000000000000000e+00 0.000000000000000000e+00 0.000000000000000000e+00 9.030137034061905975e-11
2.100768851219521594e+01 5.143601133337164509e-14 2.334133109882470852e-11 2.685766058452082867e-11 0.000000000000000000e+00 0.000000000000000000e+00 0.000000000000000000e+00 0.000000000000000000e+00 0.000000000000000000e+00 0.000000000000000000e+00 0.000000000000000000e+00 8.284923636740015495e-11
2.194165527098010315e+01 5.266570867179603657e-14 2.144574479139744462e-11 2.464485454272886042e-11 0.000000000000000000e+00 0.000000000000000000e+00 0.000000000000000000e+00 0.000000000000000000e+00 0.000000000000000000e+00 0.000000000000000000e+00 0.000000000000000000e+00 7.601902723820105564e-11
2.291714463259722478e+01 5.374925224843271508e-14 1.970851895536958995e-11 2.261637322340303204e-11 0.000000000000000000e+00 0.000000000000000000e+00 0.000000000000000000e+00 0.000000000000000000e+00 0.000000000000000000e+00 0.000000000000000000e+00 0.000000000000000000e+00 6.975791159233128254e-11
2.393600262264625655e+01 5.439603463619295851e-14 1.812400122318505569e-11 2.076097940307355548e-11 0.000000000000000000e+00 0.000000000000000000e+00 0.000000000000000000e+00 0.000000000000000000e+00 0.000000000000000000e+00 0.000000000000000000e+00 0.000000000000000000e+00 6.402326768107971526e-11
2.500015733794308304e+01 5.537424660320921304e-14 1.666256437067131714e-11 1.905495395752233845e-11 0.000000000000000000e+00 0.000000000000000000e+00 0.000000000000000000e+00 0.000000000000000000e+00 0.000000000000000000e+00 0.000000000000000000e+00 0.000000000000000000e+00 5.876041349569374502e-11
2.611162259526905771e+01 5.623450410272569491e-14 1.532394979524894339e-11 1.749136478340340805e-11 0.000000000000000000e+00 0.000000000000000000e+00 0.000000000000000000e+00 0.000000000000000000e+00 0.000000000000000000e+00 0.000000000000000000e+00 0.000000000000000000e+00 5.393657993245926832e-11
2.727250174233754620e+01 5.696282052874038443e-14 1.409957480576338921e-11 1.605915388563213137e-11 0.000000000000000000e+00 0.000000000000000000e+00 0.000000000000000000e+00 0.000000000000000000e+00 0.000000000000000000e+00 0.000000000000000000e+00 0.000000000000000000e+00 4.951638467535335654e-11
2.848499163818970814e+01 5.780867727072752081e-14 1.297303330314132298e-11 1.474392386165545047e-11 0.000000000000000000e+00 0.000000000000000000e+00 0.000000000000000000e+00 0.000000000000000000e+00 0.000000000000000000e+00 0.000000000000000000e+00 0.000000000000000000e+00 4.546178184938913039e-11
2.975138681055199186e+01 5.840425343063156377e-14 1.194512198737103115e-11 1.354026364533135990e-11 0.000000000000000000e+00 0.000000000000000000e+00 0.000000000000000000e+00 0.000000000000000000e+00 0.000000000000000000e+00 0.000000000000000000e+00 0.000000000000000000e+00 4.174769073523970941e-11
3.107408379802284770e+01 5.939650311323229575e-14 1.099222100719689942e-11 1.243166123397921303e-11 0.000000000000000000e+00 0.000000000000000000e+00 0.000000000000000000e+00 0.000000000000000000e+00 0.000000000000000000e+00 0.000000000000000000e+00 0.000000000000000000e+00 3.833692827347951129e-11
3.245558568530577048e+01 6.008749006063240147e-14 1.012430619200416274e-11 1.141783941279493089e-11 0.000000000000000000e+00 0.000000000000000000e+00 0.000000000000000000e+00 0.000000000000000000e+00 0.000000000000000000e+00 0.000000000000000000e+00 0.000000000000000000e+00 3.521345306412155806e-11
3.389850684007124926e+01 6.062021570058493756e-14 9.330671753198444153e-12 1.048887183349266472e-11 0.000000000000000000e+00 0.000000000000000000e+00 0.000000000000000000e+00 0.000000000000000000e+00 0.000000000000000000e+00 0.000000000000000000e+00 0.000000000000000000e+00 3.235092620401090346e-11
3.540557786041171795e+01 6.129993784803743230e-14 8.599705977589280917e-12 9.635606837766842657e-12 0.000000000000000000e+00 0.000000000000000000e+00 0.000000000000000000e+00 0.000000000000000000e+00 0.000000000000000000e+00 0.000000000000000000e+00 0.000000000000000000e+00 2.972532293557088767e-11
3.697965074225202642e+01 6.193966266384728715e-14 7.927369871852375725e-12 8.852174269191958879e-12 0.000000000000000000e+00 0.000000000000000000e+00 0.000000000000000000e+00 0.000000000000000000e+00 0.000000000000000000e+00 0.000000000000000000e+00 0.000000000000000000e+00 2.731679899705186964e-11
3.862370427649444338e+01 6.249781918644668817e-14 7.313285704564623517e-12 8.134798961409431266e-12 0.000000000000000000e+00 0.000000000000000000e+00 0.000000000000000000e+00 0.000000000000000000e+00 0.000000000000000000e+00 0.000000000000000000e+00 0.000000000000000000e+00 2.511049615538734482e-11
4.034084968611161770e+01 6.300288308765765717e-14 6.749901863490117837e-12 7.476610405276665316e-12 0.000000000000000000e+00 0.000000000000000000e+00 0.000000000000000000e+00 0.000000000000000000e+00 0.000000000000000000e+00 0.000000000000000000e+00 0.000000000000000000e+00 2.308755730051542064e-11
4.213433651385538070e+01 6.346555383099258316e-14 6.232339156642047457e-12 6.872563850466156414e-12 0.000000000000000000e+00 0.000000000000000000e+00 0.000000000000000000e+00 0.000000000000000000e+00 0.000000000000000000e+00 0.000000000000000000e+00 0.000000000000000000e+00 2.123240312136957302e-11
4.400755877172315422e+01 6.393531068151080929e-14 5.756393644697955197e-12 6.318141514114259162e-12 0.000000000000000000e+00 0.000000000000000000e+00 0.000000000000000000e+00 0.000000000000000000e+00 0.000000000000000000e+00 0.000000000000000000e+00 0.000000000000000000e+00 1.953120838563125462e-11
4.596406136381946084e+01 6.432683338584872939e-14 5.321594137656947537e-12 5.810212042234552113e-12 0.000000000000000000e+00 0.000000000000000000e+00 0.000000000000000000e+00 0.000000000000000000e+00 0.000000000000000000e+00 0.000000000000000000e+00 0.000000000000000000e+00 1.797268188602370191e-11
4.800754679476705888e+01 6.462904089522066781e-14 4.924122312297247396e-12 5.344678325240844101e-12 0.000000000000000000e+00 0.000000000000000000e+00 0.000000000000000000e+00 0.000000000000000000e+00 0.000000000000000000e+00 0.000000000000000000e+00 0.000000000000000000e+00 1.654448426923094821e-11
5.014188217636289124e+01 6.492562808271115618e-14 4.557566599453208566e-12 4.916877420799235632e-12 0.000000000000000000e+00 0.000000000000000000e+00 0.000000000000000000e+00 0.000000000000000000e+00 0.000000000000000000e+00 0.000000000000000000e+00 0.000000000000000000e+00 1.523415962858817537e-11
5.237110654573820057e+01 6.515386405872453861e-14 4.223047148123467912e-12 4.524913156543725814e-12 0.000000000000000000e+00 0.000000000000000000e+00 0.000000000000000000e+00 0.000000000000000000e+00 0.000000000000000000e+00 0.000000000000000000e+00 0.000000000000000000e+00 1.403385145687024637e-11
5.469943850887192127e+01 6.535201633740130950e-14 3.914962490900026482e-12 4.165060384686899946e-12 0.000000000000000000e+00 0.000000000000000000e+00 0.000000000000000000e+00 0.000000000000000000e+00 0.000000000000000000e+00 0.000000000000000000e+00 0.000000000000000000e+00 1.293306486134080553e-11
5.713128422392179573e+01 6.548545422167499307e-14 3.632570943489901053e-12 3.834877404806880660e-12 0.000000000000000000e+00 0.000000000000000000e+00 0.000000000000000000e+00 0.000000000000000000e+00 0.000000000000000000e+00 0.000000000000000000e+00 0.000000000000000000e+00 1.192400823641969726e-11
5.967124573948116506e+01 6.556797720566442820e-14 3.374562109154692296e-12 3.532166798795593175e-12 0.000000000000000000e+00 0.000000000000000000e+00 0.000000000000000000e+00 0.000000000000000000e+00 0.000000000000000000e+00 0.000000000000000000e+00 0.000000000000000000e+00 1.099966906019960909e-11
6.232412970354067028e+01 6.559043623167145741e-14 3.136388386434859160e-12 3.254088430296958308e-12 0.000000000000000000e+00 0.000000000000000000e+00 0.000000000000000000e+00 0.000000000000000000e+00 0.000000000000000000e+00 0.000000000000000000e+00 0.000000000000000000e+00 1.015166674076130642e-11
6.509495645963586696e+01 6.555361086503053967e-14 2.920010332130313016e-12 2.999432797325445456e-12 0.000000000000000000e+00 0.000000000000000000e+00 0.000000000000000000e+00 0.000000000000000000e+00 0.000000000000000000e+00 0.000000000000000000e+00 0.000000000000000000e+00 9.375541318150687459e-12
6.798896954739448972e+01 6.545862979608015024e-14 2.720311870166580540e-12 2.765465499377661857e-12 0.000000000000000000e+00 0.000000000000000000e+00 0.000000000000000000e+00 0.000000000000000000e+00 0.000000000000000000e+00 0.000000000000000000e+00 0.000000000000000000e+00 8.663695846980839189e-12
7.101164562546192371e+01 6.529137555715014566e-14 2.538843459351930417e-12 2.551114013149782194e-12 0.000000000000000000e+00 0.000000000000000000e+00 0.000000000000000000e+00 0.000000000000000000e+00 0.000000000000000000e+00 0.000000000000000000e+00 0.000000000000000000e+00 8.012123853234918991e-12
7.416870483558362537e+01 6.505716910716626272e-14 2.371612352967879581e-12 2.354341697724019426e-12 0.000000000000000000e+00 0.000000000000000000e+00 0.000000000000000000e+00 0.000000000000000000e+00 0.000000000000000000e+00 0.000000000000000000e+00 0.000000000000000000e+00 7.414848818369418946e-12
7.746612162745724106e+01 6.475372601683358480e-14 2.219305377708432792e-12 2.173916942310705071e-12 0.000000000000000000e+00 0.000000000000000000e+00 0.000000000000000000e+00 0.000000000000000000e+00 0.000000000000000000e+00 0.000000000000000000e+00 0.000000000000000000e+00 6.868102515211553002e-12
8.091013606483961951e+01 6.436934838792031664e-14 2.078988826098042619e-12 2.008378139498321852e-12 0.000000000000000000e+00 0.000000000000000000e+00 0.000000000000000000e+00 0.000000000000000000e+00 0.000000000000000000e+00 0.000000000000000000e+00 0.000000000000000000e+00 6.367116941405006464e-12
8.450726563430438887e+01 6.391254302553760362e-14 1.950955898686366157e-12 1.856596235245826439e-12 0.000000000000000000e+00 0.000000000000000000e+00 0.000000000000000000e+00 0.000000000000000000e+00 0.000000000000000000e+00 0.000000000000000000e+00 0.000000000000000000e+00 5.908616527594092456e-12
8.826431757899723607e+01 6.337916368352898772e-14 1.834271332755383674e-12 1.717515295733180105e-12 0.000000000000000000e+00 0.000000000000000000e+00 0.000000000000000000e+00 0.000000000000000000e+00 0.000000000000000000e+00 0.000000000000000000e+00 0.000000000000000000e+00 5.489201666005157072e-12
9.218840178072943559e+01 6.277161744918235933e-14 1.728354573702402436e-12 1.590124856125197580e-12 0.000000000000000000e+00 0.000000000000000000e+00 0.000000000000000000e+00 0.000000000000000000e+00 0.000000000000000000e+00 0.000000000000000000e+00 0.000000000000000000e+00 5.105784660109898724e-12
9.628694421478752474e+01 6.207337461814549124e-14 1.631321977507524608e-12 1.473394425925802085e-12 0.000000000000000000e+00 0.000000000000000000e+00 0.000000000000000000e+00 0.000000000000000000e+00 0.000000000000000000e+00 0.000000000000000000e+00 0.000000000000000000e+00 4.755066016679543679e-12
1.005677010029216234e+02 6.128385755285592250e-14 1.542607961052738933e-12 1.366496064406523915e-12 0.000000000000000000e+00 0.000000000000000000e+00 0.000000000000000000e+00 0.000000000000000000e+00 0.000000000000000000e+00 0.000000000000000000e+00 0.000000000000000000e+00 4.434472354595096072e-12
1.050387730911060089e+02 6.043079006049796762e-14 1.462687641392623863e-12 1.268777374579585526e-12 0.000000000000000000e+00 0.000000000000000000e+00 0.000000000000000000e+00 0.000000000000000000e+00 0.000000000000000000e+00 0.000000000000000000e+00 0.000000000000000000e+00 4.142081232569179160e-12
1.097086215798481419e+02 5.951058084687641196e-14 1.390423955424611587e-12 1.179429558616132068e-12 0.000000000000000000e+00 0.000000000000000000e+00 0.000000000000000000e+00 0.000000000000000000e+00 0.000000000000000000e+00 0.000000000000000000e+00 0.000000000000000000e+00 3.875428577534397146e-12
1.145860837360586260e+02 5.847728022570046773e-14 1.324114225399098606e-12 1.097898899623656417e-12 0.000000000000000000e+00 0.000000000000000000e+00 0.000000000000000000e+00 0.000000000000000000e+00 0.000000000000000000e+00 0.000000000000000000e+00 0.000000000000000000e+00 3.632095293197073939e-12
1.196803897167805388e+02 5.743548583305201405e-14 1.265634211376436432e-12 1.023623785709606944e-12 0.000000000000000000e+00 0.000000000000000000e+00 0.000000000000000000e+00 0.000000000000000000e+00 0.000000000000000000e+00 0.000000000000000000e+00 0.000000000000000000e+00 3.411208948278643771e-12
1.250011800364298011e+02 5.630454657471080993e-14 1.212205173887803143e-12 9.560983820703658741e-13 0.000000000000000000e+00 0.000000000000000000e+00 0.000000000000000000e+00 0.000000000000000000e+00 0.000000000000000000e+00 0.000000000000000000e+00 0.000000000000000000e+00 3.210183231472935683e-12
1.305585238105978192e+02 5.516039977020855350e-14 1.164974131462923676e-12 8.949317150673436342e-13 0.000000000000000000e+00 0.000000000000000000e+00 0.000000000000000000e+00 0.000000000000000000e+00 0.000000000000000000e+00 0.000000000000000000e+00 0.000000000000000000e+00 3.028134220203280560e-12
1.363629378109453114e+02 5.405538595767819588e-14 1.123870896592072069e-12 8.397239187307484827e-13 0.000000000000000000e+00 0.000000000000000000e+00 0.000000000000000000e+00 0.000000000000000000e+00 0.000000000000000000e+00 0.000000000000000000e+00 0.000000000000000000e+00 2.863851483841019279e-12
1.424254063672426582e+02 5.296163367189231958e-14 1.087430688427613117e-12 7.901895090737164336e-13 0.000000000000000000e+00 0.000000000000000000e+00 0.000000000000000000e+00 0.000000000000000000e+00 0.000000000000000000e+00 0.000000000000000000e+00 0.000000000000000000e+00 2.715609619851669229e-12
1.487574021542239677e+02 5.196629492146600933e-14 1.056371193637012857e-12 7.460850461873482302e-13 0.000000000000000000e+00 0.000000000000000000e+00 0.000000000000000000e+00 0.000000000000000000e+00 0.000000000000000000e+00 0.000000000000000000e+00 0.000000000000000000e+00 2.582702138915761536e-12
1.553709079025877600e+02 5.113073116733687329e-14 1.030276496460991686e-12 7.072568550059499039e-13 0.000000000000000000e+00 0.000000000000000000e+00 0.000000000000000000e+00 0.000000000000000000e+00 0.000000000000000000e+00 0.000000000000000000e+00 0.000000000000000000e+00 2.464124423373136810e-12
1.622784390752347861e+02 5.054436229558826576e-14 1.009319886378724893e-12 6.736182046312743719e-13 0.000000000000000000e+00 0.000000000000000000e+00 0.000000000000000000e+00 0.000000000000000000e+00 0.000000000000000000e+00 0.000000000000000000e+00 0.000000000000000000e+00 2.359125291758000628e-12
1.694930675516510235e+02 5.028153297415302594e-14 9.931778963517718235e-13 6.451573565371323823e-13 0.000000000000000000e+00 0.000000000000000000e+00 0.000000000000000000e+00 0.000000000000000000e+00 0.000000000000000000e+00 0.000000000000000000e+00 0.000000000000000000e+00 2.266784529610132763e-12
1.770284463652615727e+02 5.051400440697613917e-14 9.823899655963961285e-13 6.219851116311860746e-13 0.000000000000000000e+00 0.000000000000000000e+00 0.000000000000000000e+00 0.000000000000000000e+00 0.000000000000000000e+00 0.000000000000000000e+00 0.000000000000000000e+00 2.186776086954460513e-12
1.848988355405630273e+02 5.129157186018640409e-14 9.764230045608569128e-13 6.042823506439585614e-13 0.000000000000000000e+00 0.000000000000000000e+00 0.000000000000000000e+00 0.000000000000000000e+00 0.000000000000000000e+00 0.000000000000000000e+00 0.000000000000000000e+00 2.117845749680006592e-12
1.931191290789346340e+02 5.295159780827582658e-14 9.767378425159904179e-13 5.924811624990735419e-13 0.000000000000000000e+00 0.000000000000000000e+00 0.000000000000000000e+00 0.000000000000000000e+00 0.000000000000000000e+00 0.000000000000000000e+00 0.000000000000000000e+00 2.060551688478452382e-12
2.017048831441905747e+02 5.556919956030436371e-14 9.828599977888938316e-13 5.870795549243198848e-13 0.000000000000000000e+00 0.000000000000000000e+00 0.000000000000000000e+00 0.000000000000000000e+00 0.000000000000000000e+00 0.000000000000000000e+00 0.000000000000000000e+00 2.013485430746705151e-12
2.106723455012179329e+02 5.942172771864786610e-14 9.959124490329656278e-13 5.888669805113812982e-13 0.000000000000000000e+00 0.000000000000000000e+00 0.000000000000000000e+00 0.000000000000000000e+00 0.000000000000000000e+00 0.000000000000000000e+00 0.000000000000000000e+00 1.976476945667054207e-12
2.200384862634040246e+02 6.476785438761843631e-14 1.016985576989898843e-12 5.989392961675461763e-13 0.000000000000000000e+00 0.000000000000000000e+00 0.000000000000000000e+00 0.000000000000000000e+00 0.000000000000000000e+00 0.000000000000000000e+00 0.000000000000000000e+00 1.948979553300603099e-12
2.298210300070466019e+02 7.179227368092947721e-14 1.046953143159666576e-12 6.187856983174874452e-13 0.000000000000000000e+00 0.000000000000000000e+00 0.000000000000000000e+00 0.000000000000000000e+00 0.000000000000000000e+00 0.000000000000000000e+00 0.000000000000000000e+00 1.929713695825106740e-12
2.400384893135133382e+02 8.069340528349986693e-14 1.087348226585023650e-12 6.504459458187116664e-13 0.000000000000000000e+00 0.000000000000000000e+00 0.000000000000000000e+00 0.000000000000000000e+00 0.000000000000000000e+00 0.000000000000000000e+00 0.000000000000000000e+00 1.917761724690355242e-12
2.507101998026336389e+02 9.160508744395257314e-14 1.140060576585122229e-12 6.966435008550404526e-13 0.000000000000000000e+00 0.000000000000000000e+00 0.000000000000000000e+00 0.000000000000000000e+00 0.000000000000000000e+00 0.000000000000000000e+00 0.000000000000000000e+00 1.911605954455193421e-12
2.618563567236125778e+02 1.044415145068868280e-13 1.206701827661363694e-12 7.608795916139230496e-13 0.000000000000000000e+00 0.000000000000000000e+00 0.000000000000000000e+00 0.000000000000000000e+00 0.000000000000000000e+00 0.000000000000000000e+00 0.000000000000000000e+00 1.908047290949051725e-12
2.734980531727196080e+02 1.188816093352495281e-13 1.288212259958112867e-12 8.471994030542200408e-13 0.000000000000000000e+00 0.000000000000000000e+00 0.000000000000000000e+00 0.000000000000000000e+00 0.000000000000000000e+00 0.000000000000000000e+00 0.000000000000000000e+00 1.903582185564857712e-12
2.856573200100691565e+02 1.342684038164993686e-13 1.383553866436810125e-12 9.595151909238433163e-13 0.000000000000000000e+00 0.000000000000000000e+00 0.000000000000000000e+00 0.000000000000000000e+00 0.000000000000000000e+00 0.000000000000000000e+00 0.000000000000000000e+00 1.893211680511062887e-12
2.983571675510349905e+02 1.495565017696586308e-13 1.487522051889492039e-12 1.099389073896608407e-12 0.000000000000000000e+00 0.000000000000000000e+00 0.000000000000000000e+00 0.000000000000000000e+00 0.000000000000000000e+00 0.000000000000000000e+00 0.000000000000000000e+00 1.870969079593965560e-12
3.116216291111976489e+02 1.632678077940892908e-13 1.587274337861005813e-12 1.261580399261315789e-12 0.000000000000000000e+00 0.000000000000000000e+00 0.000000000000000000e+00 0.000000000000000000e+00 0.000000000000000000e+00 0.000000000000000000e+00 0.000000000000000000e+00 1.831309377054895812e-12
3.254758064872232239e+02 1.736621014590335243e-13 1.660323594556785029e-12 1.427885858721149693e-12 0.000000000000000000e+00 0.000000000000000000e+00 0.000000000000000000e+00 0.000000000000000000e+00 0.000000000000000000e+00 0.000000000000000000e+00 0.000000000000000000e+00 1.770132431694685755e-12
3.399459174597515698e+02 1.791049590980890968e-13 1.678396462818522874e-12 1.564535009871029439e-12 0.000000000000000000e+00 0.000000000000000000e+00 0.000000000000000000e+00 0.000000000000000000e+00 0.000000000000000000e+00 0.000000000000000000e+00 0.000000000000000000e+00 1.687919717430815328e-12
3.550593454081774212e+02 1.784286536233157427e-13 1.620853601410230220e-12 1.631022162537681639e-12 0.000000000000000000e+00 0.000000000000000000e+00 0.000000000000000000e+00 0.000000000000000000e+00 0.000000000000000000e+00 0.000000000000000000e+00 0.000000000000000000e+00 1.588951290425310247e-12
3.708446911312281600e+02 1.713444660400822080e-13 1.490691144111747767e-12 1.602540161815360064e-12 0.000000000000000000e+00 0.000000000000000000e+00 0.000000000000000000e+00 0.000000000000000000e+00 0.000000000000000000e+00 0.000000000000000000e+00 0.000000000000000000e+00 1.478693143590944266e-12
3.873318269713919904e+02 1.587875047880745111e-13 1.316744376438109033e-12 1.487855108475670485e-12 0.000000000000000000e+00 0.000000000000000000e+00 0.000000000000000000e+00 0.000000000000000000e+00 0.000000000000000000e+00 0.000000000000000000e+00 0.000000000000000000e+00 1.362970051006481730e-12
4.045519533456335921e+02 1.423653353282272171e-13 1.134777793508851483e-12 1.319867476557239463e-12 0.000000000000000000e+00 0.000000000000000000e+00 0.000000000000000000e+00 0.000000000000000000e+00 0.000000000000000000e+00 0.000000000000000000e+00 0.000000000000000000e+00 1.245057421133542011e-12
4.225376577893648573e+02 1.242615092003347154e-13 9.718357232611485992e-13 1.136506643295569117e-12 0.000000000000000000e+00 0.000000000000000000e+00 0.000000000000000000e+00 0.000000000000000000e+00 0.000000000000000000e+00 0.000000000000000000e+00 0.000000000000000000e+00 1.129999146882504648e-12
4.413229766254188462e+02 1.063822347893584291e-13 8.397300468398358617e-13 9.641909753223887077e-13 0.000000000000000000e+00 0.000000000000000000e+00 0.000000000000000000e+00 0.000000000000000000e+00 0.000000000000000000e+00 0.000000000000000000e+00 0.000000000000000000e+00 1.022109585744028177e-12
4.609434593747161557e+02 9.015291564611288790e-14 7.398045162766668813e-13 8.167404510906519444e-13 0.000000000000000000e+00 0.000000000000000000e+00 0.000000000000000000e+00 0.000000000000000000e+00 0.000000000000000000e+00 0.000000000000000000e+00 0.000000000000000000e+00 9.248797420918559247e-13
4.814362360305290167e+02 7.654572063785316237e-14 6.694075600831448360e-13 6.994205986420893260e-13 0.000000000000000000e+00 0.000000000000000000e+00 0.000000000000000000e+00 0.000000000000000000e+00 0.000000000000000000e+00 0.000000000000000000e+00 0.000000000000000000e+00 8.410511932024476504e-13
5.028400873236400912e+02 6.599753613873697833e-14 6.237699317753070837e-13 6.129430150395983992e-13 0.000000000000000000e+00 0.000000000000000000e+00 0.000000000000000000e+00 0.000000000000000000e+00 0.000000000000000000e+00 0.000000000000000000e+00 0.000000000000000000e+00 7.710259011861326236e-13
5.251955181113798972e+02 5.868747082491298601e-14 5.991989729704992661e-13 5.564789292920069008e-13 0.000000000000000000e+00 0.000000000000000000e+00 0.000000000000000000e+00 0.000000000000000000e+00 0.000000000000000000e+00 0.000000000000000000e+00 0.000000000000000000e+00 7.142437590869544891e-13
5.485448340294104810e+02 5.453861732002813079e-14 5.930066571658897787e-13 5.289897963095006143e-13 0.000000000000000000e+00 0.000000000000000000e+00 0.000000000000000000e+00 0.000000000000000000e+00 0.000000000000000000e+00 0.000000000000000000e+00 0.000000000000000000e+00 6.689803851397223802e-13
5.729322215513284391e+02 5.323557027181721340e-14 6.029765622560776006e-13 5.293845584894084593e-13 0.000000000000000000e+00 0.000000000000000000e+00 0.000000000000000000e+00 0.000000000000000000e+00 0.000000000000000000e+00 0.000000000000000000e+00 0.000000000000000000e+00 6.326440129278146546e-13
5.984038316075743751e+02 5.415491273513558443e-14 6.257518417752840914e-13 5.557749557808749938e-13 0.000000000000000000e+00 0.000000000000000000e+00 0.000000000000000000e+00 0.000000000000000000e+00 0.000000000000000000e+00 0.000000000000000000e+00 0.000000000000000000e+00 6.017809650289960108e-13
6.250078669219093399e+02 5.628248291412023677e-14 6.523269435207223979e-13 6.022604627855757912e-13 0.000000000000000000e+00 0.000000000000000000e+00 0.000000000000000000e+00 0.000000000000000000e+00 0.000000000000000000e+00 0.000000000000000000e+00 0.000000000000000000e+00 5.725654100450243018e-13
6.527946732307157163e+02 5.820621838753448120e-14 6.644283209470440782e-13 6.530773134007595434e-13 0.000000000000000000e+00 0.000000000000000000e+00 0.000000000000000000e+00 0.000000000000000000e+00 0.000000000000000000e+00 0.000000000000000000e+00 0.000000000000000000e+00 5.423288831158572651e-13
6.818168345577655600e+02 5.838230233564234347e-14 6.407961906907047959e-13 6.809235582138097989e-13 0.000000000000000000e+00 0.000000000000000000e+00 0.000000000000000000e+00 0.000000000000000000e+00 0.000000000000000000e+00 0.000000000000000000e+00 0.000000000000000000e+00 5.101797785513798254e-13
7.121292727247354151e+02 5.570417637746677291e-14 5.787512925529225063e-13 6.630511609783444668e-13 0.000000000000000000e+00 0.000000000000000000e+00 0.000000000000000000e+00 0.000000000000000000e+00 0.000000000000000000e+00 0.000000000000000000e+00 0.000000000000000000e+00 4.763485156802823991e-13
7.437893512858045142e+02 5.016339946510207573e-14 5.010060765660534938e-13 6.019782383198161788e-13 0.000000000000000000e+00 0.000000000000000000e+00 0.000000000000000000e+00 0.000000000000000000e+00 0.000000000000000000e+00 0.000000000000000000e+00 0.000000000000000000e+00 4.408061469507179888e-13
7.768569840829987925e+02 4.302277911412247576e-14 4.329050546413070751e-13 5.201221161098305485e-13 0.000000000000000000e+00 0.000000000000000000e+00 0.000000000000000000e+00 0.000000000000000000e+00 0.000000000000000000e+00 0.000000000000000000e+00 0.000000000000000000e+00 4.047650892000466895e-13
8.113947486277374992e+02 3.615509545737350671e-14 3.854345517887380442e-13 4.409343917426117636e-13 0.000000000000000000e+00 0.000000000000000000e+00 0.000000000000000000e+00 0.000000000000000000e+00 0.000000000000000000e+00 0.000000000000000000e+00 0.000000000000000000e+00 3.710578038048774666e-13
8.474680045231206122e+02 3.115977695343588742e-14 3.586067033047814143e-13 3.818904094157549883e-13 0.000000000000000000e+00 0.000000000000000000e+00 0.000000000000000000e+00 0.000000000000000000e+00 0.000000000000000000e+00 0.000000000000000000e+00 0.000000000000000000e+00 3.424701407324292078e-13
8.851450171510871314e+02 2.874232409907816284e-14 3.486301722397586783e-13 3.530516353925074595e-13 0.000000000000000000e+00 0.000000000000000000e+00 0.000000000000000000e+00 0.000000000000000000e+00 0.000000000000000000e+00 0.000000000000000000e+00 0.000000000000000000e+00 3.200687882550743588e-13
9.244970868584839536e+02 2.855117444902637252e-14 3.512323731532894614e-13 3.541663605798603176e-13 0.000000000000000000e+00 0.000000000000000000e+00 0.000000000000000000e+00 0.000000000000000000e+00 0.000000000000000000e+00 0.000000000000000000e+00 0.000000000000000000e+00 3.026479528927193714e-13
9.655986838865461550e+02 2.937908953280380886e-14 3.575367562799803038e-13 3.740294952125597134e-13 0.000000000000000000e+00 0.000000000000000000e+00 0.000000000000000000e+00 0.000000000000000000e+00 0.000000000000000000e+00 0.000000000000000000e+00 0.000000000000000000e+00 2.876877706277345069e-13
1.008527589299101805e+03 2.951086961861062338e-14 3.485907662961399064e-13 3.894427546412152759e-13 0.000000000000000000e+00 0.000000000000000000e+00 0.000000000000000000e+00 0.000000000000000000e+00 0.000000000000000000e+00 0.000000000000000000e+00 0.000000000000000000e+00 2.728504184006767735e-13
1.053365042176224733e+03 2.749889361824678501e-14 3.135307699507034667e-13 3.752623144873834940e-13 0.000000000000000000e+00 0.000000000000000000e+00 0.000000000000000000e+00 0.000000000000000000e+00 0.000000000000000000e+00 0.000000000000000000e+00 0.000000000000000000e+00 2.566543156114048233e-13
1.100195893351855602e+03 2.340401426390190154e-14 2.712822816938626584e-13 3.304079627767675323e-13 0.000000000000000000e+00 0.000000000000000000e+00 0.000000000000000000e+00 0.000000000000000000e+00 0.000000000000000000e+00 0.000000000000000000e+00 0.000000000000000000e+00 2.383748881335939619e-13
1.149108765986357412e+03 1.916780232084187863e-14 2.419540731602311920e-13 2.774372925463653508e-13 0.000000000000000000e+00 0.000000000000000000e+00 0.000000000000000000e+00 0.000000000000000000e+00 0.000000000000000000e+00 0.000000000000000000e+00 0.000000000000000000e+00 2.201875428371414086e-13
1.200196223277841000e+03 1.686641282602266642e-14 2.288619903048630632e-13 2.437101081567497510e-13 0.000000000000000000e+00 0.000000000000000000e+00 0.000000000000000000e+00 0.000000000000000000e+00 0.000000000000000000e+00 0.000000000000000000e+00 0.000000000000000000e+00 2.052871591822358957e-13
1.253554943629676245e+03 1.681523138907754692e-14 2.285838395915000420e-13 2.406606353973786966e-13 0.000000000000000000e+00 0.000000000000000000e+00 0.000000000000000000e+00 0.000000000000000000e+00 0.000000000000000000e+00 0.000000000000000000e+00 0.000000000000000000e+00 1.945058505135729594e-13
1.309285903605635212e+03 1.767024296887535337e-14 2.295549752858192860e-13 2.538528960333047809e-13 0.000000000000000000e+00 0.000000000000000000e+00 0.000000000000000000e+00 0.000000000000000000e+00 0.000000000000000000e+00 0.000000000000000000e+00 0.000000000000000000e+00 1.859294170801989258e-13
1.367494569018940865e+03 1.755323206708143423e-14 2.116216910966691264e-13 2.595642442253452993e-13 0.000000000000000000e+00 0.000000000000000000e+00 0.000000000000000000e+00 0.000000000000000000e+00 0.000000000000000000e+00 0.000000000000000000e+00 0.000000000000000000e+00 1.771919600390873392e-13
1.428291094516789599e+03 1.560104633508034985e-14 1.859549028916949890e-13 2.424258546608097817e-13 0.000000000000000000e+00 0.000000000000000000e+00 0.000000000000000000e+00 0.000000000000000000e+00 0.000000000000000000e+00 0.000000000000000000e+00 0.000000000000000000e+00 1.667713661887964767e-13
1.491790532038094852e+03 1.338307301429741701e-14 1.712207233195198210e-13 2.098216343900342933e-13 0.000000000000000000e+00 0.000000000000000000e+00 0.000000000000000000e+00 0.000000000000000000e+00 0.000000000000000000e+00 0.000000000000000000e+00 0.000000000000000000e+00 1.569862344310556913e-13
1.558113048538887824e+03 1.282443436854442148e-14 1.677949095792204541e-13 1.945244767167008221e-13 0.000000000000000000e+00 0.000000000000000000e+00 0.000000000000000000e+00 0.000000000000000000e+00 0.000000000000000000e+00 0.000000000000000000e+00 0.000000000000000000e+00 1.508319263627871274e-13
1.627384153397451882e+03 1.314111615769588002e-14 1.714886299450962818e-13 2.015124499840822180e-13 0.000000000000000000e+00 0.000000000000000000e+00 0.000000000000000000e+00 0.000000000000000000e+00 0.000000000000000000e+00 0.000000000000000000e+00 0.000000000000000000e+00 1.475866193319273388e-13
1.699734935929483299e+03 1.227718424238300648e-14 1.614916940407564792e-13 1.998317824785210687e-13 0.000000000000000000e+00 0.000000000000000000e+00 0.000000000000000000e+00 0.000000000000000000e+00 0.000000000000000000e+00 0.000000000000000000e+00 0.000000000000000000e+00 1.438620587609188971e-13
1.775302313462806751e+03 9.928097189957300790e-15 1.454444118991420735e-13 1.812668471627418407e-13 0.000000000000000000e+00 0.000000000000000000e+00 0.000000000000000000e+00 0.000000000000000000e+00 0.000000000000000000e+00 0.000000000000000000e+00 0.000000000000000000e+00 1.379997735170619241e-13
1.854229290441050580e+03 8.487101059646393103e-15 1.394607260507175226e-13 1.558157111533416680e-13 0.000000000000000000e+00 0.000000000000000000e+00 0.000000000000000000e+00 0.000000000000000000e+00 0.000000000000000000e+00 0.000000000000000000e+00 0.000000000000000000e+00 1.335948581177454399e-13
1.936665229046667719e+03 8.211053722366202582e-15 1.405268561858325249e-13 1.455790461346694408e-13 0.000000000000000000e+00 0.000000000000000000e+00 0.000000000000000000e+00 0.000000000000000000e+00 0.000000000000000000e+00 0.000000000000000000e+00 0.000000000000000000e+00 1.322366884170431850e-13
2.022766131855373487e+03 7.816553964257646837e-15 1.347395067809081422e-13 1.519721962728410278e-13 0.000000000000000000e+00 0.000000000000000000e+00 0.000000000000000000e+00 0.000000000000000000e+00 0.000000000000000000e+00 0.000000000000000000e+00 0.000000000000000000e+00 1.307634634745847578e-13
2.112694937056960953e+03 9.039091055929035697e-15 1.328313524287831962e-13 1.697462065860280276e-13 0.000000000000000000e+00 0.000000000000000000e+00 0.000000000000000000e+00 0.000000000000000000e+00 0.000000000000000000e+00 0.000000000000000000e+00 0.000000000000000000e+00 1.302644641568991545e-13
2.206621826801106636e+03 1.013376151638258971e-14 1.387062443494715317e-13 1.619979164462304049e-13 0.000000000000000000e+00 0.000000000000000000e+00 0.000000000000000000e+00 0.000000000000000000e+00 0.000000000000000000e+00 0.000000000000000000e+00 0.000000000000000000e+00 1.371881557231333471e-13
2.304724549251749067e+03 3.259002821441832423e-15 1.561088627543811644e-13 1.250256133482771665e-13 0.000000000000000000e+00 0.000000000000000000e+00 0.000000000000000000e+00 0.000000000000000000e+00 0.000000000000000000e+00 0.000000000000000000e+00 0.000000000000000000e+00 1.475937992525722936e-13
2.407188754959436665e+03 -6.299714176614209786e-15 1.522650100166955973e-13 6.607966490975263186e-14 0.000000000000000000e+00 0.000000000000000000e+00 0.000000000000000000e+00 0.000000000000000000e+00 0.000000000000000000e+00 0.000000000000000000e+00 0.000000000000000000e+00 1.544517818421966260e-13
2.514208348188258242e+03 -5.942088784193620571e-15 1.680363568974335695e-13 7.779854894686108912e-14 0.000000000000000000e+00 0.000000000000000000e+00 0.000000000000000000e+00 0.000000000000000000e+00 0.000000000000000000e+00 0.000000000000000000e+00 0.000000000000000000e+00 1.646245108988392909e-13
2.625985853862151089e+03 -1.216571291017834617e-14 1.757495428018501273e-13 5.211192408051723303e-14 0.000000000000000000e+00 0.000000000000000000e+00 0.000000000000000000e+00 0.000000000000000000e+00 0.000000000000000000e+00 0.000000000000000000e+00 0.000000000000000000e+00 1.668087801068429581e-13
2.742732800825062895e+03 -8.223281110562293327e-15 1.892970332284069470e-13 6.037323753150598133e-14 0.000000000000000000e+00 0.000000000000000000e+00 0.000000000000000000e+00 0.000000000000000000e+00 0.000000000000000000e+00 0.000000000000000000e+00 0.000000000000000000e+00 1.667874273135503027e-13
2.864670122140184958e+03 -3.517007126559630523e-15 1.956836776220281514e-13 9.344106454422282115e-14 0.000000000000000000e+00 0.000000000000000000e+00 0.000000000000000000e+00 0.000000000000000000e+00 0.000000000000000000e+00 0.000000000000000000e+00 0.000000000000000000e+00 1.740453690405458804e-13
2.992028573185860296e+03 -6.091425597137348084e-15 1.594481091358325563e-13 6.237086325942428553e-14 0.000000000000000000e+00 0.000000000000000000e+00 0.000000000000000000e+00 0.000000000000000000e+00 0.000000000000000000e+00 0.000000000000000000e+00 0.000000000000000000e+00 1.444075874734867595e-13
3.125049168339293374e+03 -4.144664560737458483e-15 1.229380459757808243e-13 4.378994265940806055e-14 0.000000000000000000e+00 0.000000000000000000e+00 0.000000000000000000e+00 0.000000000000000000e+00 0.000000000000000000e+00 0.000000000000000000e+00 0.000000000000000000e+00 1.138540839569839186e-13
3.263983637074535636e+03 -5.783364385962783599e-15 1.003072857566238143e-13 4.997430999965439147e-14 0.000000000000000000e+00 0.000000000000000000e+00 0.000000000000000000e+00 0.000000000000000000e+00 0.000000000000000000e+00 0.000000000000000000e+00 0.000000000000000000e+00 1.086786204347791162e-13
3.409094900337779109e+03 -1.188524646981603788e-15 1.071005762928697131e-13 1.003645144722066182e-13 0.000000000000000000e+00 0.000000000000000000e+00 0.000000000000000000e+00 0.000000000000000000e+00 0.000000000000000000e+00 0.000000000000000000e+00 0.000000000000000000e+00 1.108093772773783014e-13
3.560657568101548804e+03 2.303380843564519489e-15 1.262745059800748732e-13 1.304593619415125224e-13 0.000000000000000000e+00 0.000000000000000000e+00 0.000000000000000000e+00 0.000000000000000000e+00 0.000000000000000000e+00 0.000000000000000000e+00 0.000000000000000000e+00 1.156590250884297692e-13
3.718958459039270565e+03 2.040365459379055327e-15 1.352128073690580527e-13 1.194022853040326348e-13 0.000000000000000000e+00 0.000000000000000000e+00 0.000000000000000000e+00 0.000000000000000000e+00 0.000000000000000000e+00 0.000000000000000000e+00 0.000000000000000000e+00 1.272558617346417371e-13
3.884297143303760095e+03 1.619048540207872359e-15 1.546157406126845726e-13 1.600453695246800760e-13 0.000000000000000000e+00 0.000000000000000000e+00 0.000000000000000000e+00 0.000000000000000000e+00 0.000000000000000000e+00 0.000000000000000000e+00 0.000000000000000000e+00 1.508197062885015009e-13
4.056986509436678261e+03 1.141690435620909954e-14 2.243091060875187303e-13 2.908488209662192561e-13 0.000000000000000000e+00 0.000000000000000000e+00 0.000000000000000000e+00 0.000000000000000000e+00 0.000000000000000000e+00 0.000000000000000000e+00 0.000000000000000000e+00 1.904352764783612005e-13
4.237353356481889023e+03 1.175415992711528012e-14 2.742761703743149680e-13 3.217248811867056955e-13 0.000000000000000000e+00 0.000000000000000000e+00 0.000000000000000000e+00 0.000000000000000000e+00 0.000000000000000000e+00 0.000000000000000000e+00 0.000000000000000000e+00 2.306106787076575129e-13
4.425739012423155145e+03 2.069679001619019310e-14 3.951741585999908352e-13 5.243679658891933826e-13 0.000000000000000000e+00 0.000000000000000000e+00 0.000000000000000000e+00 0.000000000000000000e+00 0.000000000000000000e+00 0.000000000000000000e+00 0.000000000000000000e+00 3.061445939325742934e-13
4.622499980116535880e+03 3.313634966826042345e-14 5.424215947017134375e-13 6.995707290849640360e-13 0.000000000000000000e+00 0.000000000000000000e+00 0.000000000000000000e+00 0.000000000000000000e+00 0.000000000000000000e+00 0.000000000000000000e+00 0.000000000000000000e+00 4.113556667122136513e-13
4.828008611939902949e+03 5.631617007560691109e-14 8.067535298515186856e-13 1.125493390424115596e-12 0.000000000000000000e+00 0.000000000000000000e+00 0.000000000000000000e+00 0.000000000000000000e+00 0.000000000000000000e+00 0.000000000000000000e+00 0.000000000000000000e+00 5.740649251708927631e-13
5.042653814436185712e+03 9.218568698283780391e-14 1.137758129870743903e-12 1.646821665093881684e-12 0.000000000000000000e+00 0.000000000000000000e+00 0.000000000000000000e+00 0.000000000000000000e+00 0.000000000000000000e+00 0.000000000000000000e+00 0.000000000000000000e+00 8.369022733194921117e-13
5.266841784283951711e+03 1.504206225762661283e-13 1.904359658948396221e-12 2.612090552356580156e-12 0.000000000000000000e+00 0.000000000000000000e+00 0.000000000000000000e+00 0.000000000000000000e+00 0.000000000000000000e+00 0.000000000000000000e+00 0.000000000000000000e+00 1.287629290969698977e-12
5.500996776987925841e+03 2.786780908818823816e-13 3.594353817958885260e-12 4.874414937436919855e-12 0.000000000000000000e+00 0.000000000000000000e+00 0.000000000000000000e+00 0.000000000000000000e+00 0.000000000000000000e+00 0.000000000000000000e+00 0.000000000000000000e+00 2.303311141116543960e-12
5.745561909744300465e+03 6.445018057204704787e-13 1.036306079100343313e-11 1.424732810742112170e-11 0.000000000000000000e+00 0.000000000000000000e+00 0.000000000000000000e+00 0.000000000000000000e+00 0.000000000000000000e+00 0.000000000000000000e+00 0.000000000000000000e+00 6.136415663696820627e-12
6.001000000000000000e+03 0.000000000000000000e+00 0.000000000000000000e+00 0.000000000000000000e+00 0.000000000000000000e+00 0.000000000000000000e+00 0.000000000000000000e+00 0.000000000000000000e+00 0.000000000000000000e+00 0.000000000000000000e+00 0.000000000000000000e+00 0.000000000000000000e+00
