1.000000000000000000e+00 2.237663764946327267e-06 2.572085941416632364e-07 0.000000000000000000e+00 0.000000000000000000e+00 0.000000000000000000e+00
1.047129071589127935e+00 2.040771815035209408e-06 2.345768259141617879e-07 0.000000000000000000e+00 0.000000000000000000e+00 0.000000000000000000e+00
1.096479292567109187e+00 1.861204807776374343e-06 2.139364650959017156e-07 0.000000000000000000e+00 0.000000000000000000e+00 0.000000000000000000e+00
1.148155343642500714e+00 1.697438476239122340e-06 1.951123016453787154e-07 0.000000000000000000e+00 0.000000000000000000e+00 0.000000000000000000e+00
1.202266839028468093e+00 1.548082366372154972e-06 1.779445146357636405e-07 0.000000000000000000e+00 0.000000000000000000e+00 0.000000000000000000e+00
1.258928558954275356e+00 1.411865900615291039e-06 1.622871255961880105e-07 0.000000000000000000e+00 0.000000000000000000e+00 0.000000000000000000e+00
1.318260693134829076e+00 1.287637324306735659e-06 1.480076272325134634e-07 0.000000000000000000e+00 0.000000000000000000e+00 0.000000000000000000e+00
1.380389095714713799e+00 1.174337440630805973e-06 1.349843877773939620e-07 0.000000000000000000e+00 0.000000000000000000e+00 0.000000000000000000e+00
1.445445552227504260e+00 1.071008778765472430e-06 1.231072388771065955e-07 0.000000000000000000e+00 0.000000000000000000e+00 0.000000000000000000e+00
1.513568059136620958e+00 9.767700593282136532e-07 1.122749868517851396e-07 0.000000000000000000e+00 0.000000000000000000e+00 0.000000000000000000e+00
1.584901116550688105e+00 8.908249969155160341e-07 1.023960067719218716e-07 0.000000000000000000e+00 0.000000000000000000e+00 0.000000000000000000e+00
1.659596034734294401e+00 8.124406628358960062e-07 9.338613775777569295e-08 0.000000000000000000e+00 0.000000000000000000e+00 0.000000000000000000e+00
1.737811255064319882e+00 7.409533705258748166e-07 8.516904740445476306e-08 0.000000000000000000e+00 0.000000000000000000e+00 0.000000000000000000e+00
1.819712686112638478e+00 6.757562488140364140e-07 7.767497924652317117e-08 0.000000000000000000e+00 0.000000000000000000e+00 0.000000000000000000e+00
1.905474055568085578e+00 6.162967986027825908e-07 7.084040125215531909e-08 0.000000000000000000e+00 0.000000000000000000e+00 0.000000000000000000e+00
1.995277278744179705e+00 5.620682175742503216e-07 6.460711144673230642e-08 0.000000000000000000e+00 0.000000000000000000e+00 0.000000000000000000e+00
2.089312844454274565e+00 5.126113223188763131e-07 5.892229999667452167e-08 0.000000000000000000e+00 0.000000000000000000e+00 0.000000000000000000e+00
2.187780219072644972e+00 4.675061948399624918e-07 5.373770085818102398e-08 0.000000000000000000e+00 0.000000000000000000e+00 0.000000000000000000e+00
2.290888269638597485e+00 4.263704759349072702e-07 4.900934985584503572e-08 0.000000000000000000e+00 0.000000000000000000e+00 0.000000000000000000e+00
2.398855706901088514e+00 3.888538127893745166e-07 4.469700474535136127e-08 0.000000000000000000e+00 0.000000000000000000e+00 0.000000000000000000e+00
2.511911549243617703e+00 3.546379560848823907e-07 4.076407452290909052e-08 0.000000000000000000e+00 0.000000000000000000e+00 0.000000000000000000e+00
2.630295608473477653e+00 3.234330387327198563e-07 3.717723153383325736e-08 0.000000000000000000e+00 0.000000000000000000e+00 0.000000000000000000e+00
2.754258998505793254e+00 2.949735598587052134e-07 3.390596663702938725e-08 0.000000000000000000e+00 0.000000000000000000e+00 0.000000000000000000e+00
2.884064668021372402e+00 2.690184850946056058e-07 3.092256589816494675e-08 0.000000000000000000e+00 0.000000000000000000e+00 0.000000000000000000e+00
3.019987958228226521e+00 2.453469696962596797e-07 2.820165203906387070e-08 0.000000000000000000e+00 0.000000000000000000e+00 0.000000000000000000e+00
3.162317186909868738e+00 2.237585572614107720e-07 2.572017458702049800e-08 0.000000000000000000e+00 0.000000000000000000e+00 0.000000000000000000e+00
3.311354259999273797e+00 2.040697740589604822e-07 2.345705180135189718e-08 0.000000000000000000e+00 0.000000000000000000e+00 0.000000000000000000e+00
3.467415311975743819e+00 1.861132879322607432e-07 2.139305015667440488e-08 0.000000000000000000e+00 0.000000000000000000e+00 0.000000000000000000e+00
3.630831376443087510e+00 1.697368413296842933e-07 1.951066550556226293e-08 0.000000000000000000e+00 0.000000000000000000e+00 0.000000000000000000e+00
3.801949088311525671e+00 1.548011032179148038e-07 1.779388341248921918e-08 0.000000000000000000e+00 0.000000000000000000e+00 0.000000000000000000e+00
3.981131419072778677e+00 1.411799294756021754e-07 1.622820081617938737e-08 0.000000000000000000e+00 0.000000000000000000e+00 0.000000000000000000e+00
4.168758446727986566e+00 1.287569456558758538e-07 1.480024663283304451e-08 0.000000000000000000e+00 0.000000000000000000e+00 0.000000000000000000e+00
4.365228162001612233e+00 1.174272996791843121e-07 1.349796526496970676e-08 0.000000000000000000e+00 0.000000000000000000e+00 0.000000000000000000e+00
4.570957312551463758e+00 1.070943447554070869e-07 1.231024906669536171e-08 0.000000000000000000e+00 0.000000000000000000e+00 0.000000000000000000e+00
4.786382286965549682e+00 9.767052539586577031e-08 1.122703242075138469e-08 0.000000000000000000e+00 0.000000000000000000e+00 0.000000000000000000e+00
5.011960040420881946e+00 8.907619935275992406e-08 1.023916077413646425e-08 0.000000000000000000e+00 0.000000000000000000e+00 0.000000000000000000e+00
5.248169063967726977e+00 8.123790900388000981e-08 9.338193873541820357e-09 0.000000000000000000e+00 0.000000000000000000e+00 0.000000000000000000e+00
5.495510399495309173e+00 7.408925442058877452e-08 8.516496423405011943e-09 0.000000000000000000e+00 0.000000000000000000e+00 0.000000000000000000e+00
5.754508702531921038e+00 6.756966622826806862e-08 7.767106632144123031e-09 0.000000000000000000e+00 0.000000000000000000e+00 0.000000000000000000e+00
6.025713355133808236e+00 6.162378203986481134e-08 7.083662742113514423e-09 0.000000000000000000e+00 0.000000000000000000e+00 0.000000000000000000e+00
6.309699631223472771e+00 5.620102792411475876e-08 6.460346591232247896e-09 0.000000000000000000e+00 0.000000000000000000e+00 0.000000000000000000e+00
6.607069916849297897e+00 5.125533649233283091e-08 5.891866955371459128e-09 0.000000000000000000e+00 0.000000000000000000e+00 0.000000000000000000e+00
6.918454987954862467e+00 4.674495419248139938e-08 5.373426858261440676e-09 0.000000000000000000e+00 0.000000000000000000e+00 0.000000000000000000e+00
7.244515348368347318e+00 4.263130483418813334e-08 4.900586086884857753e-09 0.000000000000000000e+00 0.000000000000000000e+00 0.000000000000000000e+00
7.585942630850135870e+00 3.887972946633413904e-08 4.469367831892975840e-09 0.000000000000000000e+00 0.000000000000000000e+00 0.000000000000000000e+00
7.943461064170490360e+00 3.545817908159416079e-08 4.076081008726232435e-09 0.000000000000000000e+00 0.000000000000000000e+00 0.000000000000000000e+00
8.317829009329230416e+00 3.233767338068124964e-08 3.717396969687320301e-09 0.000000000000000000e+00 0.000000000000000000e+00 0.000000000000000000e+00
8.709840568176032249e+00 2.949182044782449860e-08 3.390285025025594571e-09 0.000000000000000000e+00 0.000000000000000000e+00 0.000000000000000000e+00
9.120327267843492791e+00 2.689632710046704749e-08 3.091949208858973265e-09 0.000000000000000000e+00 0.000000000000000000e+00 0.000000000000000000e+00
9.550159824565964684e+00 2.452921966097152067e-08 2.819867109609508146e-09 0.000000000000000000e+00 0.000000000000000000e+00 0.000000000000000000e+00
1.000024999062554620e+01 2.237035191829014040e-08 2.571719232791943813e-09 0.000000000000000000e+00 0.000000000000000000e+00 0.000000000000000000e+00
1.047155248834291719e+01 2.040143936090356605e-08 2.345405472770166198e-09 0.000000000000000000e+00 0.000000000000000000e+00 0.000000000000000000e+00
1.096506703521533943e+01 1.860575323954171686e-08 2.139000507538969919e-09 0.000000000000000000e+00 0.000000000000000000e+00 0.000000000000000000e+00
1.148184046449759421e+01 1.696815625755902242e-08 1.950777006979522569e-09 0.000000000000000000e+00 0.000000000000000000e+00 0.000000000000000000e+00
1.202296894572384467e+01 1.547459520636063636e-08 1.779100990143598610e-09 0.000000000000000000e+00 0.000000000000000000e+00 0.000000000000000000e+00
1.258960030988072276e+01 1.411245521378574619e-08 1.622533744376993634e-09 0.000000000000000000e+00 0.000000000000000000e+00 0.000000000000000000e+00
1.318293648416360320e+01 1.287016537134984035e-08 1.479742537968987504e-09 0.000000000000000000e+00 0.000000000000000000e+00 0.000000000000000000e+00
1.380423604148067440e+01 1.173718159039819776e-08 1.349512373621569847e-09 0.000000000000000000e+00 0.000000000000000000e+00 0.000000000000000000e+00
1.445481687011284144e+01 1.070389978959032962e-08 1.230748332107514670e-09 0.000000000000000000e+00 0.000000000000000000e+00 0.000000000000000000e+00
1.513605896919212235e+01 9.761532560578305672e-09 1.122431831224390369e-09 0.000000000000000000e+00 0.000000000000000000e+00 0.000000000000000000e+00
1.584940737592843618e+01 8.902082953415087995e-09 1.023646735953999922e-09 0.000000000000000000e+00 0.000000000000000000e+00 0.000000000000000000e+00
1.659637523079382504e+01 8.118241362579117860e-09 9.335493868065672116e-10 0.000000000000000000e+00 0.000000000000000000e+00 0.000000000000000000e+00
1.737854698716593305e+01 7.403394557029840152e-09 8.513845512064155368e-10 0.000000000000000000e+00 0.000000000000000000e+00 0.000000000000000000e+00
1.819758177223910778e+01 6.751439156009691876e-09 7.764509715149187580e-10 0.000000000000000000e+00 0.000000000000000000e+00 0.000000000000000000e+00
1.905521690633197096e+01 6.156843811911480211e-09 7.081065005566103192e-10 0.000000000000000000e+00 0.000000000000000000e+00 0.000000000000000000e+00
1.995327158805684675e+01 5.614582739309525529e-09 6.457833380733623573e-10 0.000000000000000000e+00 0.000000000000000000e+00 0.000000000000000000e+00
2.089365075316769804e+01 5.120027717484853874e-09 5.889391383956607956e-10 0.000000000000000000e+00 0.000000000000000000e+00 0.000000000000000000e+00
2.187834911527197335e+01 4.669000692347180284e-09 5.370976689605478829e-10 0.000000000000000000e+00 0.000000000000000000e+00 0.000000000000000000e+00
2.290945539697756672e+01 4.257656707132752512e-09 4.898209513809917463e-10 0.000000000000000000e+00 0.000000000000000000e+00 0.000000000000000000e+00
2.398915676044964940e+01 3.882512756158157119e-09 4.467027543854783593e-10 0.000000000000000000e+00 0.000000000000000000e+00 0.000000000000000000e+00
2.511974344677568993e+01 3.540382600053961263e-09 4.073770666777174437e-10 0.000000000000000000e+00 0.000000000000000000e+00 0.000000000000000000e+00
2.630361363397931740e+01 3.228368898032943979e-09 3.715196293498162184e-10 0.000000000000000000e+00 0.000000000000000000e+00 0.000000000000000000e+00
2.754327852398788679e+01 2.943809555457564235e-09 3.388110540948334059e-10 0.000000000000000000e+00 0.000000000000000000e+00 0.000000000000000000e+00
2.884136766934421203e+01 2.684302124041198595e-09 3.089848968681427366e-10 0.000000000000000000e+00 0.000000000000000000e+00 0.000000000000000000e+00
3.020063455096109095e+01 2.447635842873616054e-09 2.817834132084970329e-10 0.000000000000000000e+00 0.000000000000000000e+00 0.000000000000000000e+00
3.162396241875041980e+01 2.231807435659798774e-09 2.569770376195808094e-10 0.000000000000000000e+00 0.000000000000000000e+00 0.000000000000000000e+00
3.311437040751560801e+01 2.034981396273537660e-09 2.343535133919165482e-10 0.000000000000000000e+00 0.000000000000000000e+00 0.000000000000000000e+00
3.467501994108030772e+01 1.855488306952139595e-09 2.137209475017142743e-10 0.000000000000000000e+00 0.000000000000000000e+00 0.000000000000000000e+00
3.630922143823793391e+01 1.691806737845303204e-09 1.949059743311937772e-10 0.000000000000000000e+00 0.000000000000000000e+00 0.000000000000000000e+00
3.802044133474613830e+01 1.542544721325006304e-09 1.777485007623794839e-10 0.000000000000000000e+00 0.000000000000000000e+00 0.000000000000000000e+00
3.981230943626162144e+01 1.406436868047410665e-09 1.621010268781694461e-10 0.000000000000000000e+00 0.000000000000000000e+00 0.000000000000000000e+00
4.168862661781172108e+01 1.282328777480995980e-09 1.478320530845516210e-10 0.000000000000000000e+00 0.000000000000000000e+00 0.000000000000000000e+00
4.365337288613498856e+01 1.169164571969303639e-09 1.348200178151515029e-10 0.000000000000000000e+00 0.000000000000000000e+00 0.000000000000000000e+00
4.571071582199255801e+01 1.065979975847810359e-09 1.229524421334132988e-10 0.000000000000000000e+00 0.000000000000000000e+00 0.000000000000000000e+00
4.786501942035751966e+01 9.719094516239501754e-10 1.121322395233236581e-10 0.000000000000000000e+00 0.000000000000000000e+00 0.000000000000000000e+00
5.012085334723456498e+01 8.861382182822582667e-10 1.022629100379110354e-10 0.000000000000000000e+00 0.000000000000000000e+00 0.000000000000000000e+00
5.248300263274455801e+01 8.079633994230052486e-10 9.326591720737555602e-11 0.000000000000000000e+00 0.000000000000000000e+00 0.000000000000000000e+00
5.495647782103555556e+01 7.366997648187748992e-10 8.506121972907368394e-11 0.000000000000000000e+00 0.000000000000000000e+00 0.000000000000000000e+00
5.754652559854947924e+01 6.717391703259722573e-10 7.757834182326509877e-11 0.000000000000000000e+00 0.000000000000000000e+00 0.000000000000000000e+00
6.025863992318909368e+01 6.125373841342369644e-10 7.075491575457293590e-11 0.000000000000000000e+00 0.000000000000000000e+00 0.000000000000000000e+00
6.309857367799257588e+01 5.585904193518018756e-10 6.453327360431516719e-11 0.000000000000000000e+00 0.000000000000000000e+00 0.000000000000000000e+00
6.607235087403454088e+01 5.094231100063553149e-10 5.885854362870778480e-11 0.000000000000000000e+00 0.000000000000000000e+00 0.000000000000000000e+00
6.918627942843887979e+01 4.646481402503524987e-10 5.368527143258589642e-11 0.000000000000000000e+00 0.000000000000000000e+00 0.000000000000000000e+00
7.244696454460721213e+01 4.238490685369028704e-10 4.896733873122150419e-11 0.000000000000000000e+00 0.000000000000000000e+00 0.000000000000000000e+00
7.586132272304500646e+01 3.866992030513584084e-10 4.466586441325863549e-11 0.000000000000000000e+00 0.000000000000000000e+00 0.000000000000000000e+00
7.943659643250535396e+01 3.528488272637737349e-10 4.074237374419448613e-11 0.000000000000000000e+00 0.000000000000000000e+00 0.000000000000000000e+00
8.318036947256955216e+01 3.220222353407367560e-10 3.716438052294899791e-11 0.000000000000000000e+00 0.000000000000000000e+00 0.000000000000000000e+00
8.710058306025237584e+01 2.939394818934071991e-10 3.390110847139036622e-11 0.000000000000000000e+00 0.000000000000000000e+00 0.000000000000000000e+00
9.120555267475383232e+01 2.683653633387031816e-10 3.092524689817806639e-11 0.000000000000000000e+00 0.000000000000000000e+00 0.000000000000000000e+00
9.550398569608826449e+01 2.450775227942696804e-10 2.821160733919615936e-11 0.000000000000000000e+00 0.000000000000000000e+00 0.000000000000000000e+00
1.000049998750062343e+02 2.238426127951476119e-10 2.573600912840766647e-11 0.000000000000000000e+00 0.000000000000000000e+00 0.000000000000000000e+00
1.047181426733861684e+02 2.044987466421541952e-10 2.347821907565078391e-11 0.000000000000000000e+00 0.000000000000000000e+00 0.000000000000000000e+00
1.096534115161207410e+02 1.868554441994923326e-10 2.141847141137389348e-11 0.000000000000000000e+00 0.000000000000000000e+00 0.000000000000000000e+00
1.148212749974560154e+02 1.707666299269151050e-10 1.953966598582144474e-11 0.000000000000000000e+00 0.000000000000000000e+00 0.000000000000000000e+00
1.202326950867661139e+02 1.560663786473324189e-10 1.782525661748340249e-11 0.000000000000000000e+00 0.000000000000000000e+00 0.000000000000000000e+00
1.258991503808641426e+02 1.426479599938186650e-10 1.626143851864638672e-11 0.000000000000000000e+00 0.000000000000000000e+00 0.000000000000000000e+00
1.318326604521743093e+02 1.303905614156227237e-10 1.483496449415240358e-11 0.000000000000000000e+00 0.000000000000000000e+00 0.000000000000000000e+00
1.380458113444099411e+02 1.191819619099118152e-10 1.353358405162970907e-11 0.000000000000000000e+00 0.000000000000000000e+00 0.000000000000000000e+00
1.445517822698399470e+02 1.089405607705071609e-10 1.234681814797588080e-11 0.000000000000000000e+00 0.000000000000000000e+00 0.000000000000000000e+00
1.513643735647713129e+02 9.957151585132878107e-11 1.126437787133607749e-11 0.000000000000000000e+00 0.000000000000000000e+00 0.000000000000000000e+00
1.584980359625488120e+02 9.100672075692882005e-11 1.027745710284491450e-11 0.000000000000000000e+00 0.000000000000000000e+00 0.000000000000000000e+00
1.659679012461640184e+02 8.317724289534366984e-11 9.377764665462923073e-12 0.000000000000000000e+00 0.000000000000000000e+00 0.000000000000000000e+00
1.737898143454918340e+02 7.602759189066850186e-11 8.557880775246896778e-12 0.000000000000000000e+00 0.000000000000000000e+00 0.000000000000000000e+00
1.819803669472416630e+02 6.951808756582751829e-11 7.811381956130262679e-12 0.000000000000000000e+00 0.000000000000000000e+00 0.000000000000000000e+00
1.905569326889140314e+02 6.360376599802691072e-11 7.132110256458924837e-12 0.000000000000000000e+00 0.000000000000000000e+00 0.000000000000000000e+00
1.995377040114145757e+02 5.824801298627275924e-11 6.514534483333589276e-12 0.000000000000000000e+00 0.000000000000000000e+00 0.000000000000000000e+00
2.089417307484988271e+02 5.341723795564805861e-11 5.953650824890896425e-12 0.000000000000000000e+00 0.000000000000000000e+00 0.000000000000000000e+00
2.187889605349009798e+02 4.907669726985224899e-11 5.444783390581868254e-12 0.000000000000000000e+00 0.000000000000000000e+00 0.000000000000000000e+00
2.291002811188612895e+02 4.519407611163298850e-11 4.983787749615092853e-12 0.000000000000000000e+00 0.000000000000000000e+00 0.000000000000000000e+00
2.398975646688014933e+02 4.173383735596405734e-11 4.566631261568867889e-12 0.000000000000000000e+00 0.000000000000000000e+00 0.000000000000000000e+00
2.512037141681347236e+02 3.865624322858020968e-11 4.189610866783636440e-12 0.000000000000000000e+00 0.000000000000000000e+00 0.000000000000000000e+00
2.630427119966196869e+02 3.592103011083847701e-11 3.849273975539578726e-12 0.000000000000000000e+00 0.000000000000000000e+00 0.000000000000000000e+00
2.754396708013068178e+02 3.348010446547874407e-11 3.542301986543078348e-12 0.000000000000000000e+00 0.000000000000000000e+00 0.000000000000000000e+00
2.884208867649872445e+02 3.129128700929084330e-11 3.265796924213371352e-12 0.000000000000000000e+00 0.000000000000000000e+00 0.000000000000000000e+00
3.020138953851341626e+02 2.929102786157633473e-11 3.016529496689227355e-12 0.000000000000000000e+00 0.000000000000000000e+00 0.000000000000000000e+00
3.162475298816517011e+02 2.741795778043012281e-11 2.791509774979503812e-12 0.000000000000000000e+00 0.000000000000000000e+00 0.000000000000000000e+00
3.311519823573290182e+02 2.561645514370855646e-11 2.587840495065502820e-12 0.000000000000000000e+00 0.000000000000000000e+00 0.000000000000000000e+00
3.467588678407289535e+02 2.384992971101071924e-11 2.402724876260196003e-12 0.000000000000000000e+00 0.000000000000000000e+00 0.000000000000000000e+00
3.631012913473597905e+02 2.211650846363263700e-11 2.233512019328725925e-12 0.000000000000000000e+00 0.000000000000000000e+00 0.000000000000000000e+00
3.802139181013744178e+02 2.045517004458823062e-11 2.077774014023499308e-12 0.000000000000000000e+00 0.000000000000000000e+00 0.000000000000000000e+00
3.981330470667566601e+02 1.892893064745546094e-11 1.933423230329979372e-12 0.000000000000000000e+00 0.000000000000000000e+00 0.000000000000000000e+00
4.168966879439635704e+02 1.758553779519746383e-11 1.798844114191182665e-12 0.000000000000000000e+00 0.000000000000000000e+00 0.000000000000000000e+00
4.365446417953451146e+02 1.642094231198606782e-11 1.673002182159977522e-12 0.000000000000000000e+00 0.000000000000000000e+00 0.000000000000000000e+00
4.571185854703683162e+02 1.537941574274897987e-11 1.555500927851798376e-12 0.000000000000000000e+00 0.000000000000000000e+00 0.000000000000000000e+00
4.786621600097219016e+02 1.439473240252954554e-11 1.446543262189474135e-12 0.000000000000000000e+00 0.000000000000000000e+00 0.000000000000000000e+00
5.012210632158268595e+02 1.343603933457951868e-11 1.346763874227869130e-12 0.000000000000000000e+00 0.000000000000000000e+00 0.000000000000000000e+00
5.248431465861045808e+02 1.251936924479887104e-11 1.256956162789899879e-12 0.000000000000000000e+00 0.000000000000000000e+00 0.000000000000000000e+00
5.495785168146238675e+02 1.168229356038577879e-11 1.177749383583804221e-12 0.000000000000000000e+00 0.000000000000000000e+00 0.000000000000000000e+00
5.754796420774272292e+02 1.095085582185862376e-11 1.109287363049573573e-12 0.000000000000000000e+00 0.000000000000000000e+00 0.000000000000000000e+00
6.026014633269801379e+02 1.032646593689774688e-11 1.050976709370424707e-12 0.000000000000000000e+00 0.000000000000000000e+00 0.000000000000000000e+00
6.310015108318302737e+02 9.801796584575670709e-12 1.001338163931951222e-12 0.000000000000000000e+00 0.000000000000000000e+00 0.000000000000000000e+00
6.607400262086716793e+02 9.391247994499858862e-12 9.580529007602930838e-13 0.000000000000000000e+00 0.000000000000000000e+00 0.000000000000000000e+00
6.918800902056626683e+02 9.129618158890654526e-12 9.183445037341777044e-13 0.000000000000000000e+00 0.000000000000000000e+00 0.000000000000000000e+00
7.244877565080579416e+02 9.005011663243685824e-12 8.797764082450573091e-13 0.000000000000000000e+00 0.000000000000000000e+00 0.000000000000000000e+00
7.586321918499722869e+02 8.896740704495292354e-12 8.412903340732335003e-13 0.000000000000000000e+00 0.000000000000000000e+00 0.000000000000000000e+00
7.943858227294870176e+02 8.656595048643843505e-12 8.038890175380400078e-13 0.000000000000000000e+00 0.000000000000000000e+00 0.000000000000000000e+00
8.318244890382935637e+02 8.283642641426861375e-12 7.703118541684509174e-13 0.000000000000000000e+00 0.000000000000000000e+00 0.000000000000000000e+00
8.710276049317684510e+02 7.918160645726524674e-12 7.436552733037340621e-13 0.000000000000000000e+00 0.000000000000000000e+00 0.000000000000000000e+00
9.120783272807046842e+02 7.656795367762917662e-12 7.256115562936696885e-13 0.000000000000000000e+00 0.000000000000000000e+00 0.000000000000000000e+00
9.550637320620094215e+02 7.473121657194653906e-12 7.150888092549310331e-13 0.000000000000000000e+00 0.000000000000000000e+00 0.000000000000000000e+00
1.000074999062538950e+03 7.342354846817438430e-12 7.079418340964214421e-13 0.000000000000000000e+00 0.000000000000000000e+00 0.000000000000000000e+00
1.047207605287854676e+03 7.326099806573886591e-12 6.989034443562755772e-13 0.000000000000000000e+00 0.000000000000000000e+00 0.000000000000000000e+00
1.096561527486145678e+03 7.373545869271947389e-12 6.856460473290637444e-13 0.000000000000000000e+00 0.000000000000000000e+00 0.000000000000000000e+00
1.148241454216924012e+03 7.305712596417285547e-12 6.714134582573959325e-13 0.000000000000000000e+00 0.000000000000000000e+00 0.000000000000000000e+00
1.202357007914316910e+03 7.152733468985697745e-12 6.623514841543215498e-13 0.000000000000000000e+00 0.000000000000000000e+00 0.000000000000000000e+00
1.259022977416000913e+03 7.087604332847530208e-12 6.616002446217858297e-13 0.000000000000000000e+00 0.000000000000000000e+00 0.000000000000000000e+00
1.318359561450997035e+03 7.202246986854850225e-12 6.656447527035873201e-13 0.000000000000000000e+00 0.000000000000000000e+00 0.000000000000000000e+00
1.380492623602831372e+03 7.474757206040304617e-12 6.671241563717215304e-13 0.000000000000000000e+00 0.000000000000000000e+00 0.000000000000000000e+00
1.445553959288872875e+03 7.648116261735706311e-12 6.637142806071899425e-13 0.000000000000000000e+00 0.000000000000000000e+00 0.000000000000000000e+00
1.513681575322146045e+03 7.590434837245099897e-12 6.615241996784667509e-13 0.000000000000000000e+00 0.000000000000000000e+00 0.000000000000000000e+00
1.585019982648646192e+03 7.536141743182066832e-12 6.658813173573202091e-13 0.000000000000000000e+00 0.000000000000000000e+00 0.000000000000000000e+00
1.659720502881093125e+03 7.623723213317616730e-12 6.726218614413688402e-13 0.000000000000000000e+00 0.000000000000000000e+00 0.000000000000000000e+00
1.737941589279320169e+03 7.771568138726646152e-12 6.736604700254493424e-13 0.000000000000000000e+00 0.000000000000000000e+00 0.000000000000000000e+00
1.819849162858188720e+03 7.742314894737855754e-12 6.700724921447563770e-13 0.000000000000000000e+00 0.000000000000000000e+00 0.000000000000000000e+00
1.905616964335945568e+03 7.564515658950241322e-12 6.685528397720087045e-13 0.000000000000000000e+00 0.000000000000000000e+00 0.000000000000000000e+00
1.995426922669591704e+03 7.389617114621220387e-12 6.683856128864149535e-13 0.000000000000000000e+00 0.000000000000000000e+00 0.000000000000000000e+00
2.089469540958960806e+03 7.237441639319155195e-12 6.648657155388495471e-13 0.000000000000000000e+00 0.000000000000000000e+00 0.000000000000000000e+00
2.187944300538116295e+03 7.116457330976752946e-12 6.597206035739283313e-13 0.000000000000000000e+00 0.000000000000000000e+00 0.000000000000000000e+00
2.291060084111202286e+03 7.020400146364683723e-12 6.558613317757816805e-13 0.000000000000000000e+00 0.000000000000000000e+00 0.000000000000000000e+00
2.399035618830273506e+03 6.949647680266906396e-12 6.518768646611254216e-13 0.000000000000000000e+00 0.000000000000000000e+00 0.000000000000000000e+00
2.512099940254994181e+03 6.908356544073325922e-12 6.476807933917380769e-13 0.000000000000000000e+00 0.000000000000000000e+00 0.000000000000000000e+00
2.630492878178314186e+03 6.891507701119603772e-12 6.450977453743179261e-13 0.000000000000000000e+00 0.000000000000000000e+00 0.000000000000000000e+00
2.754465565348672044e+03 6.901652237805811520e-12 6.446947467216013812e-13 0.000000000000000000e+00 0.000000000000000000e+00 0.000000000000000000e+00
2.884280970167778378e+03 6.939526962471075619e-12 6.466881394774111802e-13 0.000000000000000000e+00 0.000000000000000000e+00 0.000000000000000000e+00
3.020214454493972880e+03 7.003979360828681820e-12 6.518027500446732881e-13 0.000000000000000000e+00 0.000000000000000000e+00 0.000000000000000000e+00
3.162554357734339192e+03 7.100127771204228402e-12 6.613342039232601621e-13 0.000000000000000000e+00 0.000000000000000000e+00 0.000000000000000000e+00
3.311602608464510467e+03 7.251307641427132023e-12 6.755232642281610419e-13 0.000000000000000000e+00 0.000000000000000000e+00 0.000000000000000000e+00
3.467675364873574836e+03 7.496984936452829585e-12 6.978320498428992349e-13 0.000000000000000000e+00 0.000000000000000000e+00 0.000000000000000000e+00
3.631103685392558418e+03 7.833792541528478772e-12 7.289097630025417422e-13 0.000000000000000000e+00 0.000000000000000000e+00 0.000000000000000000e+00
3.802234230928971556e+03 8.383124763558341900e-12 7.746916139307912548e-13 0.000000000000000000e+00 0.000000000000000000e+00 0.000000000000000000e+00
3.981430000197057325e+03 9.109117822818177264e-12 8.358670962900058872e-13 0.000000000000000000e+00 0.000000000000000000e+00 0.000000000000000000e+00
4.169071099703442997e+03 1.008336238533398569e-11 9.255183400665955612e-13 0.000000000000000000e+00 0.000000000000000000e+00 0.000000000000000000e+00
4.365555550021532326e+03 1.149765816077073435e-11 1.033739698762003473e-12 0.000000000000000000e+00 0.000000000000000000e+00 0.000000000000000000e+00
4.571300130064813857e+03 1.296878766890977650e-11 1.151686309591730108e-12 0.000000000000000000e+00 0.000000000000000000e+00 0.000000000000000000e+00
4.786741261150024911e+03 1.431129506310832126e-11 1.251647206223954742e-12 0.000000000000000000e+00 0.000000000000000000e+00 0.000000000000000000e+00
5.012335932725398379e+03 1.522059045341952924e-11 1.321152985001063527e-12 0.000000000000000000e+00 0.000000000000000000e+00 0.000000000000000000e+00
5.248562671727574525e+03 1.643503804802816328e-11 1.408825583731941332e-12 0.000000000000000000e+00 0.000000000000000000e+00 0.000000000000000000e+00
5.495922557623443936e+03 1.922251694506110472e-11 1.615054428261954837e-12 0.000000000000000000e+00 0.000000000000000000e+00 0.000000000000000000e+00
5.754940285289983876e+03 2.721009723044554258e-11 2.111389141883318782e-12 0.000000000000000000e+00 0.000000000000000000e+00 0.000000000000000000e+00
6.026165277986574438e+03 4.478085430714779513e-11 3.226675868702396703e-12 0.000000000000000000e+00 0.000000000000000000e+00 0.000000000000000000e+00
6.310172852780722678e+03 1.077598520941479556e-10 5.852597218781834874e-12 0.000000000000000000e+00 0.000000000000000000e+00 0.000000000000000000e+00
6.607565440899192254e+03 4.686140013082246348e-10 1.288727776259794690e-11 0.000000000000000000e+00 0.000000000000000000e+00 0.000000000000000000e+00
6.918973865593180562e+03 2.558258455052537278e-08 3.647300438314860578e-11 0.000000000000000000e+00 0.000000000000000000e+00 0.000000000000000000e+00
7.245058680228029516e+03 6.790202875892944689e+00 1.353688846327268089e-10 0.000000000000000000e+00 0.000000000000000000e+00 0.000000000000000000e+00
7.586511569435923775e+03 4.111660600248342945e+01 7.050848574751933567e-10 0.000000000000000000e+00 0.000000000000000000e+00 0.000000000000000000e+00
7.944056816303618689e+03 2.981054535299891199e+02 4.702823309795241945e-09 0.000000000000000000e+00 0.000000000000000000e+00 0.000000000000000000e+00
8.318452838707295086e+03 2.584303655603158404e+03 3.889975475094106816e-08 0.000000000000000000e+00 0.000000000000000000e+00 0.000000000000000000e+00
8.710493798053517821e+03 2.767150090651703431e+04 3.909557403037511568e-07 0.000000000000000000e+00 0.000000000000000000e+00 0.000000000000000000e+00
9.121011283838632153e+03 3.277014087977267918e+05 4.375964982031457464e-06 0.000000000000000000e+00 0.000000000000000000e+00 0.000000000000000000e+00
9.550876077599908967e+03 7.191882753958954476e+06 8.361798369944067986e-05 0.000000000000000000e+00 0.000000000000000000e+00 0.000000000000000000e+00
1.000099999999999818e+04 0.000000000000000000e+00 0.000000000000000000e+00 0.000000000000000000e+00 0.000000000000000000e+00 0.000000000000000000e+00
