1.000000000000000000e+00 -6.530054775197487798e-09 1.252959318447521922e-08 0.000000000000000000e+00 0.000000000000000000e+00 2.595955644432550518e-08 0.000000000000000000e+00 0.000000000000000000e+00 0.000000000000000000e+00 0.000000000000000000e+00 3.530101413614268984e-08 2.696116166401223288e-08
1.042343452601165010e+00 -6.012171805978207671e-09 1.156248329459516691e-08 0.000000000000000000e+00 0.000000000000000000e+00 2.391301564290827586e-08 0.000000000000000000e+00 0.000000000000000000e+00 0.000000000000000000e+00 0.000000000000000000e+00 3.249148407263858591e-08 2.481724728537687703e-08
1.086479873180516975e+00 -5.534147191368262670e-09 1.065143807683579749e-08 0.000000000000000000e+00 0.000000000000000000e+00 2.201584078513947095e-08 0.000000000000000000e+00 0.000000000000000000e+00 0.000000000000000000e+00 0.000000000000000000e+00 2.990573125000821997e-08 2.284277991003095372e-08
1.132485182192656037e+00 -5.094012649151223239e-09 9.810674115348122501e-09 0.000000000000000000e+00 0.000000000000000000e+00 2.026825532836485392e-08 0.000000000000000000e+00 0.000000000000000000e+00 0.000000000000000000e+00 0.000000000000000000e+00 2.752600333954938494e-08 2.102546167721948028e-08
1.180438514826352314e+00 -4.688772242462035453e-09 9.034780650424351823e-09 0.000000000000000000e+00 0.000000000000000000e+00 1.865844914895302836e-08 0.000000000000000000e+00 0.000000000000000000e+00 0.000000000000000000e+00 0.000000000000000000e+00 2.533584979998349059e-08 1.935275837375464813e-08
1.230422357127491484e+00 -4.315518318941396964e-09 8.315760223153413483e-09 0.000000000000000000e+00 0.000000000000000000e+00 1.717341751848878377e-08 0.000000000000000000e+00 0.000000000000000000e+00 0.000000000000000000e+00 0.000000000000000000e+00 2.331920791070059071e-08 1.781239259621948718e-08
1.282522687885933044e+00 -3.972119939046123723e-09 7.656879160343849585e-09 0.000000000000000000e+00 0.000000000000000000e+00 1.580862556381953947e-08 0.000000000000000000e+00 0.000000000000000000e+00 0.000000000000000000e+00 0.000000000000000000e+00 2.146390672042284898e-08 1.639530942892750353e-08
1.336829126530349798e+00 -3.655911770323851414e-09 7.047530851141098782e-09 0.000000000000000000e+00 0.000000000000000000e+00 1.455038594922857073e-08 0.000000000000000000e+00 0.000000000000000000e+00 0.000000000000000000e+00 0.000000000000000000e+00 1.975545777107056334e-08 1.509033478649073999e-08
1.393435087285444407e+00 -3.364939164768698863e-09 6.488230087711986815e-09 0.000000000000000000e+00 0.000000000000000000e+00 1.339344126648168331e-08 0.000000000000000000e+00 0.000000000000000000e+00 0.000000000000000000e+00 0.000000000000000000e+00 1.818373272473857171e-08 1.388977028940140946e-08
1.452437939856715765e+00 -3.097064239520408458e-09 5.971896243609587711e-09 0.000000000000000000e+00 0.000000000000000000e+00 1.232741027345880847e-08 0.000000000000000000e+00 0.000000000000000000e+00 0.000000000000000000e+00 0.000000000000000000e+00 1.673638444653491666e-08 1.278422435749903587e-08
1.513939176919172347e+00 -2.850513354287825686e-09 5.496654298841936558e-09 0.000000000000000000e+00 0.000000000000000000e+00 1.134621496962979931e-08 0.000000000000000000e+00 0.000000000000000000e+00 0.000000000000000000e+00 0.000000000000000000e+00 1.540422923313321287e-08 1.176666420090919978e-08
1.578044588698096051e+00 -2.623607355292342695e-09 5.059880512948550747e-09 0.000000000000000000e+00 0.000000000000000000e+00 1.044365160805284367e-08 0.000000000000000000e+00 0.000000000000000000e+00 0.000000000000000000e+00 0.000000000000000000e+00 1.417867052059922085e-08 1.083047697428118282e-08
1.644864444942158777e+00 -2.414745580934473297e-09 4.657223257249176769e-09 0.000000000000000000e+00 0.000000000000000000e+00 9.612380347347688337e-09 0.000000000000000000e+00 0.000000000000000000e+00 0.000000000000000000e+00 0.000000000000000000e+00 1.305010815358637385e-08 9.968426420554492514e-09
1.714513684601908450e+00 -2.222509991470344317e-09 4.286609603317238506e-09 0.000000000000000000e+00 0.000000000000000000e+00 8.847267073092890525e-09 0.000000000000000000e+00 0.000000000000000000e+00 0.000000000000000000e+00 0.000000000000000000e+00 1.201136715069798449e-08 9.174983794176437622e-09
1.787112113539898184e+00 -2.045579205706491608e-09 3.945684230884314795e-09 0.000000000000000000e+00 0.000000000000000000e+00 8.143263629535039814e-09 0.000000000000000000e+00 0.000000000000000000e+00 0.000000000000000000e+00 0.000000000000000000e+00 1.105569422294127526e-08 8.444942856069781517e-09
1.862784610612542746e+00 -1.882731145991790179e-09 3.631694710874259173e-09 0.000000000000000000e+00 0.000000000000000000e+00 7.495078716378785483e-09 0.000000000000000000e+00 0.000000000000000000e+00 0.000000000000000000e+00 0.000000000000000000e+00 1.017570683160547811e-08 7.772762884503800281e-09
1.941661342478194330e+00 -1.732846343093199404e-09 3.342690610584969506e-09 0.000000000000000000e+00 0.000000000000000000e+00 6.898483081485423248e-09 0.000000000000000000e+00 0.000000000000000000e+00 0.000000000000000000e+00 0.000000000000000000e+00 9.365757623005446062e-09 7.154080495756370647e-09
2.023877987500934061e+00 -1.595044151410596046e-09 3.079207777388620786e-09 0.000000000000000000e+00 0.000000000000000000e+00 6.350958129725047130e-09 0.000000000000000000e+00 0.000000000000000000e+00 0.000000000000000000e+00 0.000000000000000000e+00 8.620286248566408174e-09 6.584803697451824824e-09
2.109575969135220941e+00 -1.468128932490900731e-09 2.835609155879785114e-09 0.000000000000000000e+00 0.000000000000000000e+00 5.846370526283161555e-09 0.000000000000000000e+00 0.000000000000000000e+00 0.000000000000000000e+00 0.000000000000000000e+00 7.934171666271699188e-09 6.060799804075388532e-09
2.198902699192854637e+00 -1.351291661180115570e-09 2.611139604319699305e-09 0.000000000000000000e+00 0.000000000000000000e+00 5.381843530498140476e-09 0.000000000000000000e+00 0.000000000000000000e+00 0.000000000000000000e+00 0.000000000000000000e+00 7.302899405567072239e-09 5.578634424145370600e-09
2.292011831410701195e+00 -1.243736074767005429e-09 2.404252042762612262e-09 0.000000000000000000e+00 0.000000000000000000e+00 4.954062949796159807e-09 0.000000000000000000e+00 0.000000000000000000e+00 0.000000000000000000e+00 0.000000000000000000e+00 6.721699036030880460e-09 5.134722283272342685e-09
2.389063525755349193e+00 -1.144726443288075503e-09 2.213577595795942405e-09 0.000000000000000000e+00 0.000000000000000000e+00 4.560166900151667107e-09 0.000000000000000000e+00 0.000000000000000000e+00 0.000000000000000000e+00 0.000000000000000000e+00 6.186776397999577945e-09 4.726135583200624973e-09
2.490224723919343131e+00 -1.053568439135764582e-09 2.037466350184160256e-09 0.000000000000000000e+00 0.000000000000000000e+00 4.197213980982455827e-09 0.000000000000000000e+00 0.000000000000000000e+00 0.000000000000000000e+00 0.000000000000000000e+00 5.694331712348240119e-09 4.349969566973002828e-09
2.595669436482870740e+00 -9.696846297247451593e-10 1.875737976641595091e-09 0.000000000000000000e+00 0.000000000000000000e+00 3.863390259280188004e-09 0.000000000000000000e+00 0.000000000000000000e+00 0.000000000000000000e+00 0.000000000000000000e+00 5.241184610538382445e-09 4.003826362740890810e-09
2.705579042234875775e+00 -8.924655634501035314e-10 1.726485359635172312e-09 0.000000000000000000e+00 0.000000000000000000e+00 3.555890249228622530e-09 0.000000000000000000e+00 0.000000000000000000e+00 0.000000000000000000e+00 0.000000000000000000e+00 4.824098442611213977e-09 3.685203824554472283e-09
2.820142600168453750e+00 -8.214000970270733884e-10 1.589333013775957176e-09 0.000000000000000000e+00 0.000000000000000000e+00 3.272991398701606354e-09 0.000000000000000000e+00 0.000000000000000000e+00 0.000000000000000000e+00 0.000000000000000000e+00 4.440208043108364282e-09 3.391950923297907912e-09
2.939557174687212449e+00 -7.559862692571007396e-10 1.462896833422598675e-09 0.000000000000000000e+00 0.000000000000000000e+00 3.012466356139213857e-09 0.000000000000000000e+00 0.000000000000000000e+00 0.000000000000000000e+00 0.000000000000000000e+00 4.086785387820451926e-09 3.121971561544316472e-09
3.064028174581995057e+00 -6.959075855002906469e-10 1.348729813571854120e-09 0.000000000000000000e+00 0.000000000000000000e+00 2.774037474188776621e-09 0.000000000000000000e+00 0.000000000000000000e+00 0.000000000000000000e+00 0.000000000000000000e+00 3.761500097107063523e-09 2.873620489087964470e-09
3.193769706361041738e+00 -6.406079397939006592e-10 1.243866451370250816e-09 0.000000000000000000e+00 0.000000000000000000e+00 2.554765558524823394e-09 0.000000000000000000e+00 0.000000000000000000e+00 0.000000000000000000e+00 0.000000000000000000e+00 3.462246089504304435e-09 2.645144181731386460e-09
3.329004942541377243e+00 -5.896190072548116215e-10 1.145762591978671798e-09 0.000000000000000000e+00 0.000000000000000000e+00 2.351959290682365021e-09 0.000000000000000000e+00 0.000000000000000000e+00 0.000000000000000000e+00 0.000000000000000000e+00 3.186740495431678194e-09 2.434714443186588086e-09
3.469966505534922252e+00 -5.426458390749723584e-10 1.054644314563411054e-09 0.000000000000000000e+00 0.000000000000000000e+00 2.164774682236416711e-09 0.000000000000000000e+00 0.000000000000000000e+00 0.000000000000000000e+00 0.000000000000000000e+00 2.933089251644182788e-09 2.240937468628156541e-09
3.616896867789669567e+00 -4.994395109809421901e-10 9.713383129564094737e-10 0.000000000000000000e+00 0.000000000000000000e+00 1.992851065850249737e-09 0.000000000000000000e+00 0.000000000000000000e+00 0.000000000000000000e+00 0.000000000000000000e+00 2.699761101007372118e-09 2.062697609543124391e-09
3.770048768874223466e+00 -4.596666627438113272e-10 8.944292973583787229e-10 0.000000000000000000e+00 0.000000000000000000e+00 1.834463285409788526e-09 0.000000000000000000e+00 0.000000000000000000e+00 0.000000000000000000e+00 0.000000000000000000e+00 2.484990868241134085e-09 1.898619952816204420e-09
3.929685650223130100e+00 -4.230428490591445548e-10 8.233095827961758178e-10 0.000000000000000000e+00 0.000000000000000000e+00 1.688450971564540862e-09 0.000000000000000000e+00 0.000000000000000000e+00 0.000000000000000000e+00 0.000000000000000000e+00 2.287197498851857335e-09 1.747508043787972340e-09
4.096082108290830526e+00 -3.893919579671420515e-10 7.588688287278445520e-10 0.000000000000000000e+00 0.000000000000000000e+00 1.554666071447263776e-09 0.000000000000000000e+00 0.000000000000000000e+00 0.000000000000000000e+00 0.000000000000000000e+00 2.105154872076479656e-09 1.608489277245714167e-09
4.269524366893723055e+00 -3.583792372257095166e-10 6.990343307943583643e-10 0.000000000000000000e+00 0.000000000000000000e+00 1.431256888572285517e-09 0.000000000000000000e+00 0.000000000000000000e+00 0.000000000000000000e+00 0.000000000000000000e+00 1.937712923619738330e-09 1.480578688915650409e-09
4.450310769552807244e+00 -3.298247713779928464e-10 6.437146518161666211e-10 0.000000000000000000e+00 0.000000000000000000e+00 1.317497379954237434e-09 0.000000000000000000e+00 0.000000000000000000e+00 0.000000000000000000e+00 0.000000000000000000e+00 1.783500904557922103e-09 1.362773886357966155e-09
4.638752292683820500e+00 -3.035346517746439039e-10 5.926373054289867450e-10 0.000000000000000000e+00 0.000000000000000000e+00 1.212704077370798087e-09 0.000000000000000000e+00 0.000000000000000000e+00 0.000000000000000000e+00 0.000000000000000000e+00 1.641606467202598079e-09 1.254360749596554475e-09
4.835173080517622068e+00 -2.793437288020259161e-10 5.457015387069365036e-10 0.000000000000000000e+00 0.000000000000000000e+00 1.116281931148290380e-09 0.000000000000000000e+00 0.000000000000000000e+00 0.000000000000000000e+00 0.000000000000000000e+00 1.510965489730738415e-09 1.154554841498229397e-09
5.039911002670948825e+00 -2.571245820755974919e-10 5.032935729093784758e-10 0.000000000000000000e+00 0.000000000000000000e+00 1.027981730131122452e-09 0.000000000000000000e+00 0.000000000000000000e+00 0.000000000000000000e+00 0.000000000000000000e+00 1.390729035300595942e-09 1.062740319641940367e-09
5.253318235326636554e+00 -2.366441476735264559e-10 4.637946777882309398e-10 0.000000000000000000e+00 0.000000000000000000e+00 9.464516371593230580e-10 0.000000000000000000e+00 0.000000000000000000e+00 0.000000000000000000e+00 0.000000000000000000e+00 1.280042383482114097e-09 9.781991473395308595e-10
5.475761867023024365e+00 -2.177881344768254727e-10 4.273660452455066933e-10 0.000000000000000000e+00 0.000000000000000000e+00 8.713812578399664873e-10 0.000000000000000000e+00 0.000000000000000000e+00 0.000000000000000000e+00 0.000000000000000000e+00 1.178226642870132159e-09 9.004200445989887045e-10
5.707624530094580706e+00 -2.004297898795751120e-10 3.937751478997013264e-10 0.000000000000000000e+00 0.000000000000000000e+00 8.022413861780745365e-10 0.000000000000000000e+00 0.000000000000000000e+00 0.000000000000000000e+00 0.000000000000000000e+00 1.084492913021360921e-09 8.288134917581544948e-10
5.949305058849887473e+00 -1.844487372384000261e-10 3.627180715045630550e-10 0.000000000000000000e+00 0.000000000000000000e+00 7.385168321637206335e-10 0.000000000000000000e+00 0.000000000000000000e+00 0.000000000000000000e+00 0.000000000000000000e+00 9.982036963070706292e-10 7.628859937216926428e-10
6.201219175619169022e+00 -1.697556361189857483e-10 3.344067850028817783e-10 0.000000000000000000e+00 0.000000000000000000e+00 6.800174083080595837e-10 0.000000000000000000e+00 0.000000000000000000e+00 0.000000000000000000e+00 0.000000000000000000e+00 9.187784278595290702e-10 7.022207944027257661e-10
6.463800205851433667e+00 -1.562153515322108909e-10 3.081409164335986362e-10 0.000000000000000000e+00 0.000000000000000000e+00 6.260696441135354156e-10 0.000000000000000000e+00 0.000000000000000000e+00 0.000000000000000000e+00 0.000000000000000000e+00 8.457093107456325939e-10 6.463951738084495057e-10
6.737499823491305051e+00 -1.437474848398387664e-10 2.838034890193222503e-10 0.000000000000000000e+00 0.000000000000000000e+00 5.763108356782985927e-10 0.000000000000000000e+00 0.000000000000000000e+00 0.000000000000000000e+00 0.000000000000000000e+00 7.784043021558435515e-10 5.949703672530808974e-10
7.022788827917666232e+00 -1.322811128716560234e-10 2.615652073646263195e-10 0.000000000000000000e+00 0.000000000000000000e+00 5.306007239301758100e-10 0.000000000000000000e+00 0.000000000000000000e+00 0.000000000000000000e+00 0.000000000000000000e+00 7.164874525212713100e-10 5.476647258807775794e-10
7.320157953780587867e+00 -1.217405794884474788e-10 2.413903093329226935e-10 0.000000000000000000e+00 0.000000000000000000e+00 4.886871955293731652e-10 0.000000000000000000e+00 0.000000000000000000e+00 0.000000000000000000e+00 0.000000000000000000e+00 6.594762398121015629e-10 5.041299384688646326e-10
7.630118715129537321e+00 -1.120234961009708935e-10 2.225096439009441560e-10 0.000000000000000000e+00 0.000000000000000000e+00 4.499425106837103882e-10 0.000000000000000000e+00 0.000000000000000000e+00 0.000000000000000000e+00 0.000000000000000000e+00 6.070094293803582794e-10 4.640463249615614672e-10
7.953204285284886765e+00 -1.030766341576910526e-10 2.050654308336816392e-10 0.000000000000000000e+00 0.000000000000000000e+00 4.142454207262006879e-10 0.000000000000000000e+00 0.000000000000000000e+00 0.000000000000000000e+00 0.000000000000000000e+00 5.587299248129720542e-10 4.271549385441534380e-10
8.289970413966230467e+00 -9.485245922657582538e-11 1.892267952837383242e-10 0.000000000000000000e+00 0.000000000000000000e+00 3.815017829756254974e-10 0.000000000000000000e+00 0.000000000000000000e+00 0.000000000000000000e+00 0.000000000000000000e+00 5.142967703672066255e-10 3.932148076762023351e-10
8.640996383255068025e+00 -8.726700103382130227e-11 1.743312934753524937e-10 0.000000000000000000e+00 0.000000000000000000e+00 3.511956106233968349e-10 0.000000000000000000e+00 0.000000000000000000e+00 0.000000000000000000e+00 0.000000000000000000e+00 4.733721056421622908e-10 3.619420239267460980e-10
9.006886004036267934e+00 -8.029232220240799160e-11 1.607568062633067371e-10 0.000000000000000000e+00 0.000000000000000000e+00 3.233707894508655982e-10 0.000000000000000000e+00 0.000000000000000000e+00 0.000000000000000000e+00 0.000000000000000000e+00 4.357312724132105931e-10 3.331802980505156978e-10
9.388268654632273780e+00 -7.388110164629394857e-11 1.484493512634223953e-10 0.000000000000000000e+00 0.000000000000000000e+00 2.978515445622714949e-10 0.000000000000000000e+00 0.000000000000000000e+00 0.000000000000000000e+00 0.000000000000000000e+00 4.010676483369797107e-10 3.067076573005881333e-10
9.785800363416699454e+00 -6.796859389411590717e-11 1.368828780488698990e-10 0.000000000000000000e+00 0.000000000000000000e+00 2.742449131798243738e-10 0.000000000000000000e+00 0.000000000000000000e+00 0.000000000000000000e+00 0.000000000000000000e+00 3.691657318130815009e-10 2.823306267064392124e-10
1.020016493726949491e+01 -6.253105186374355505e-11 1.263089797809022999e-10 0.000000000000000000e+00 0.000000000000000000e+00 2.525474203433380183e-10 0.000000000000000000e+00 0.000000000000000000e+00 0.000000000000000000e+00 0.000000000000000000e+00 3.397969151376830901e-10 2.598931456563121040e-10
1.063207513781483016e+01 -5.752322840936626436e-11 1.165304117526474988e-10 0.000000000000000000e+00 0.000000000000000000e+00 2.325566073270884192e-10 0.000000000000000000e+00 0.000000000000000000e+00 0.000000000000000000e+00 0.000000000000000000e+00 3.127731745746637034e-10 2.392445359138294683e-10
1.108227390746491814e+01 -5.291776129162696121e-11 1.076089192208048980e-10 0.000000000000000000e+00 0.000000000000000000e+00 2.141898800668895153e-10 0.000000000000000000e+00 0.000000000000000000e+00 0.000000000000000000e+00 0.000000000000000000e+00 2.879077355157893324e-10 2.202469643217745191e-10
1.155153564737878646e+01 -4.867313445898196327e-11 9.927832819840762854e-11 0.000000000000000000e+00 0.000000000000000000e+00 1.972306085032323756e-10 0.000000000000000000e+00 0.000000000000000000e+00 0.000000000000000000e+00 0.000000000000000000e+00 2.650073813375002928e-10 2.027478904427844645e-10
1.204066754953423946e+01 -4.476681458842449327e-11 9.159923382573916205e-11 0.000000000000000000e+00 0.000000000000000000e+00 1.816105199228625094e-10 0.000000000000000000e+00 0.000000000000000000e+00 0.000000000000000000e+00 0.000000000000000000e+00 2.439221794848848680e-10 1.866352005648608665e-10
1.255051098520432262e+01 -4.117361770655796816e-11 8.461577855164817870e-11 0.000000000000000000e+00 0.000000000000000000e+00 1.672774437717760489e-10 0.000000000000000000e+00 0.000000000000000000e+00 0.000000000000000000e+00 0.000000000000000000e+00 2.245402905836395701e-10 1.718254751009204757e-10
1.308194295222672210e+01 -3.786756062773348034e-11 7.819567911273630887e-11 0.000000000000000000e+00 0.000000000000000000e+00 1.540800451293542646e-10 0.000000000000000000e+00 0.000000000000000000e+00 0.000000000000000000e+00 0.000000000000000000e+00 2.066801735444768204e-10 1.581813355778667653e-10
1.363587758355547841e+01 -3.481941889126922460e-11 7.216455901031061353e-11 0.000000000000000000e+00 0.000000000000000000e+00 1.418799776619076887e-10 0.000000000000000000e+00 0.000000000000000000e+00 0.000000000000000000e+00 0.000000000000000000e+00 1.902371360336627692e-10 1.456147571360461899e-10
1.421326771969004987e+01 -3.201703663623093564e-11 6.670483569811146536e-11 0.000000000000000000e+00 0.000000000000000000e+00 1.306913426562042693e-10 0.000000000000000000e+00 0.000000000000000000e+00 0.000000000000000000e+00 0.000000000000000000e+00 1.751221310970252688e-10 1.340642545370727460e-10
1.481510654768641366e+01 -2.943473009748990325e-11 6.159523613803160508e-11 0.000000000000000000e+00 0.000000000000000000e+00 1.203533821201097307e-10 0.000000000000000000e+00 0.000000000000000000e+00 0.000000000000000000e+00 0.000000000000000000e+00 1.611901484958995297e-10 1.234169256023687427e-10
1.544242930956958304e+01 -2.706350821834824310e-11 5.704283755282140554e-11 0.000000000000000000e+00 0.000000000000000000e+00 1.109013898453441870e-10 0.000000000000000000e+00 0.000000000000000000e+00 0.000000000000000000e+00 0.000000000000000000e+00 1.483849191407927949e-10 1.136350711251296139e-10
1.609631508308618564e+01 -2.487510469722717142e-11 5.269175444126729036e-11 0.000000000000000000e+00 0.000000000000000000e+00 1.021319211887817357e-10 0.000000000000000000e+00 0.000000000000000000e+00 0.000000000000000000e+00 0.000000000000000000e+00 1.365832809935241409e-10 1.046142107818679058e-10
1.677788863786025431e+01 -2.286057460291031021e-11 4.869621546246385577e-11 0.000000000000000000e+00 0.000000000000000000e+00 9.406508502655609492e-11 0.000000000000000000e+00 0.000000000000000000e+00 0.000000000000000000e+00 0.000000000000000000e+00 1.257256813857978096e-10 9.631499864110918155e-11
1.748832237014511648e+01 -2.101033573938951385e-11 4.510058926173196781e-11 0.000000000000000000e+00 0.000000000000000000e+00 8.666982080267702426e-11 0.000000000000000000e+00 0.000000000000000000e+00 0.000000000000000000e+00 0.000000000000000000e+00 1.157311323112670481e-10 8.867913015025346753e-11
1.822883831949924982e+01 -1.930412223569129126e-11 4.171900569874862145e-11 0.000000000000000000e+00 0.000000000000000000e+00 7.983462613783993495e-11 0.000000000000000000e+00 0.000000000000000000e+00 0.000000000000000000e+00 0.000000000000000000e+00 1.065321479883208482e-10 8.164785307935698592e-11
1.900071027085526509e+01 -1.773411304585000336e-11 3.861151325618731339e-11 0.000000000000000000e+00 0.000000000000000000e+00 7.354372448081768174e-11 0.000000000000000000e+00 0.000000000000000000e+00 0.000000000000000000e+00 0.000000000000000000e+00 9.806706524673575887e-11 7.517717309710993981e-11
1.980526594559769649e+01 -1.628771447421774809e-11 3.572211653682812707e-11 0.000000000000000000e+00 0.000000000000000000e+00 6.774164239060392122e-11 0.000000000000000000e+00 0.000000000000000000e+00 0.000000000000000000e+00 0.000000000000000000e+00 9.027116845143742954e-11 6.921746507359654500e-11
2.064388928541858093e+01 -1.495780089079137271e-11 3.310869159626372541e-11 0.000000000000000000e+00 0.000000000000000000e+00 6.241822430968240941e-11 0.000000000000000000e+00 0.000000000000000000e+00 0.000000000000000000e+00 0.000000000000000000e+00 8.310026041945701769e-11 6.373705774365658508e-11
2.151802283287939943e+01 -1.373471074055991049e-11 3.072303232341246262e-11 0.000000000000000000e+00 0.000000000000000000e+00 5.752181393741684522e-11 0.000000000000000000e+00 0.000000000000000000e+00 0.000000000000000000e+00 0.000000000000000000e+00 7.649744983875473207e-11 5.869178090481714796e-11
2.242917021277420631e+01 -1.260658945981436023e-11 2.845815599822784924e-11 0.000000000000000000e+00 0.000000000000000000e+00 5.299051726580525894e-11 0.000000000000000000e+00 0.000000000000000000e+00 0.000000000000000000e+00 0.000000000000000000e+00 7.041696338428054320e-11 5.404299025367438866e-11
2.337889871856227231e+01 -1.156944716961441618e-11 2.641271461487619292e-11 0.000000000000000000e+00 0.000000000000000000e+00 4.883241771598928889e-11 0.000000000000000000e+00 0.000000000000000000e+00 0.000000000000000000e+00 0.000000000000000000e+00 6.482741168670133904e-11 4.977010025297594168e-11
2.436884200831915237e+01 -1.061406411659075635e-11 2.449730866751564800e-11 0.000000000000000000e+00 0.000000000000000000e+00 4.499236376542207862e-11 0.000000000000000000e+00 0.000000000000000000e+00 0.000000000000000000e+00 0.000000000000000000e+00 5.967422965269331590e-11 4.583061090396209058e-11
2.540070291484369136e+01 -9.735054966216383391e-12 2.275157291430498910e-11 0.000000000000000000e+00 0.000000000000000000e+00 4.146258951224669033e-11 0.000000000000000000e+00 0.000000000000000000e+00 0.000000000000000000e+00 0.000000000000000000e+00 5.493422941729361620e-11 4.220726317481108924e-11
2.647625637475465155e+01 -8.925704615402630146e-12 2.113215510031004964e-11 0.000000000000000000e+00 0.000000000000000000e+00 3.820910157667766337e-11 0.000000000000000000e+00 0.000000000000000000e+00 0.000000000000000000e+00 0.000000000000000000e+00 5.057219903902881999e-11 3.887210005910518369e-11
2.759735248161536703e+01 -8.180688562717983830e-12 1.963762006520762884e-11 0.000000000000000000e+00 0.000000000000000000e+00 3.521213244273377603e-11 0.000000000000000000e+00 0.000000000000000000e+00 0.000000000000000000e+00 0.000000000000000000e+00 4.655646343514494539e-11 3.580161861681886859e-11
2.876591966833829161e+01 -7.494738009599151196e-12 1.824897598855508236e-11 0.000000000000000000e+00 0.000000000000000000e+00 3.244813796787842441e-11 0.000000000000000000e+00 0.000000000000000000e+00 0.000000000000000000e+00 0.000000000000000000e+00 4.285624459252452141e-11 3.297240313863689365e-11
2.998396802434348274e+01 -6.863967082530859305e-12 1.698957481831069725e-11 0.000000000000000000e+00 0.000000000000000000e+00 2.990937233935009279e-11 0.000000000000000000e+00 0.000000000000000000e+00 0.000000000000000000e+00 0.000000000000000000e+00 3.945556202312298977e-11 3.037221098825956471e-11
3.125359275317711649e+01 -6.283180269290417779e-12 1.581995837296720308e-11 0.000000000000000000e+00 0.000000000000000000e+00 2.756768497810290994e-11 0.000000000000000000e+00 0.000000000000000000e+00 0.000000000000000000e+00 0.000000000000000000e+00 3.632186734012832064e-11 2.797617369794094838e-11
3.257697777653739024e+01 -5.748298160406479179e-12 1.473058678163195681e-11 0.000000000000000000e+00 0.000000000000000000e+00 2.540930593164172573e-11 0.000000000000000000e+00 0.000000000000000000e+00 0.000000000000000000e+00 0.000000000000000000e+00 3.344100076299842662e-11 2.577240484517160368e-11
3.395639949090740828e+01 -5.256863928591082372e-12 1.375244380710221766e-11 0.000000000000000000e+00 0.000000000000000000e+00 2.342667093676097038e-11 0.000000000000000000e+00 0.000000000000000000e+00 0.000000000000000000e+00 0.000000000000000000e+00 3.078799474081676229e-11 2.374400724701317192e-11
3.539423068325686472e+01 -4.804244281124010439e-12 1.283767196483820623e-11 0.000000000000000000e+00 0.000000000000000000e+00 2.159731546126520283e-11 0.000000000000000000e+00 0.000000000000000000e+00 0.000000000000000000e+00 0.000000000000000000e+00 2.834500443714181769e-11 2.187579645730694004e-11
3.689294461254805668e+01 -4.387301010963607609e-12 1.197225676838019945e-11 0.000000000000000000e+00 0.000000000000000000e+00 1.990717948769822417e-11 0.000000000000000000e+00 0.000000000000000000e+00 0.000000000000000000e+00 0.000000000000000000e+00 2.609525421235133762e-11 2.015449012006989304e-11
3.845511926406689440e+01 -4.004215960997385390e-12 1.120078339517512880e-11 0.000000000000000000e+00 0.000000000000000000e+00 1.835631161246346823e-11 0.000000000000000000e+00 0.000000000000000000e+00 0.000000000000000000e+00 0.000000000000000000e+00 2.402636980103967700e-11 1.857226986419567977e-11
4.008344178389703671e+01 -3.651890555593211950e-12 1.048847760598886597e-11 0.000000000000000000e+00 0.000000000000000000e+00 1.692682174116549352e-11 0.000000000000000000e+00 0.000000000000000000e+00 0.000000000000000000e+00 0.000000000000000000e+00 2.212191813045238851e-11 1.711561973057351588e-11
4.178071310116503412e+01 -3.327298590373011688e-12 9.810259481152079816e-12 0.000000000000000000e+00 0.000000000000000000e+00 1.560585851695235766e-11 0.000000000000000000e+00 0.000000000000000000e+00 0.000000000000000000e+00 0.000000000000000000e+00 2.036717619322782859e-11 1.577292874543571432e-11
4.354985274600709744e+01 -3.029258361544936197e-12 9.206241907448265476e-12 0.000000000000000000e+00 0.000000000000000000e+00 1.439247385040778850e-11 0.000000000000000000e+00 0.000000000000000000e+00 0.000000000000000000e+00 0.000000000000000000e+00 1.875250430949656453e-11 1.453800482651585695e-11
4.539390387154536199e+01 -2.755216600976039300e-12 8.651941548970195755e-12 0.000000000000000000e+00 0.000000000000000000e+00 1.327488001894362922e-11 0.000000000000000000e+00 0.000000000000000000e+00 0.000000000000000000e+00 0.000000000000000000e+00 1.726778784292244219e-11 1.340221005652947752e-11
4.731603848851198535e+01 -2.502946005539625802e-12 8.116272692466028129e-12 0.000000000000000000e+00 0.000000000000000000e+00 1.224066157395063513e-11 0.000000000000000000e+00 0.000000000000000000e+00 0.000000000000000000e+00 0.000000000000000000e+00 1.589838771340199761e-11 1.235410853231999802e-11
4.931956292152518984e+01 -2.271159411381208588e-12 7.632984138662159297e-12 0.000000000000000000e+00 0.000000000000000000e+00 1.128983240781644072e-11 0.000000000000000000e+00 0.000000000000000000e+00 0.000000000000000000e+00 0.000000000000000000e+00 1.464013909572785139e-11 1.139107542544395865e-11
5.140792349640297232e+01 -2.058252381238303150e-12 7.187884789779787115e-12 0.000000000000000000e+00 0.000000000000000000e+00 1.041343451224394334e-11 0.000000000000000000e+00 0.000000000000000000e+00 0.000000000000000000e+00 0.000000000000000000e+00 1.348122330648001990e-11 1.050411367512647771e-11
5.358471246829720513e+01 -1.862673673136705675e-12 6.772234653128961291e-12 0.000000000000000000e+00 0.000000000000000000e+00 9.604943304152428856e-12 0.000000000000000000e+00 0.000000000000000000e+00 0.000000000000000000e+00 0.000000000000000000e+00 1.241422329507334203e-11 9.687288501860167190e-12
5.585367420084560308e+01 -1.683213303246536220e-12 6.392751565613921306e-12 0.000000000000000000e+00 0.000000000000000000e+00 8.859979566972896492e-12 0.000000000000000000e+00 0.000000000000000000e+00 0.000000000000000000e+00 0.000000000000000000e+00 1.143154738107234438e-11 8.935114320272370332e-12
5.821871160697001812e+01 -1.518492178391200767e-12 6.038576578291257898e-12 0.000000000000000000e+00 0.000000000000000000e+00 8.172971345670684128e-12 0.000000000000000000e+00 0.000000000000000000e+00 0.000000000000000000e+00 0.000000000000000000e+00 1.052770452847859200e-11 8.242980838630323889e-12
6.068389286240065417e+01 -1.367647603894093453e-12 5.722023155491456286e-12 0.000000000000000000e+00 0.000000000000000000e+00 7.540396816252394825e-12 0.000000000000000000e+00 0.000000000000000000e+00 0.000000000000000000e+00 0.000000000000000000e+00 9.695554334288764400e-12 7.606041107697052117e-12
6.325345840347389270e+01 -1.229294648846646445e-12 5.418859735341843418e-12 0.000000000000000000e+00 0.000000000000000000e+00 6.956067008666177155e-12 0.000000000000000000e+00 0.000000000000000000e+00 0.000000000000000000e+00 0.000000000000000000e+00 8.929270388439784814e-12 7.019097369249451236e-12
6.593182822124114750e+01 -1.102727059471297179e-12 5.143234704489198015e-12 0.000000000000000000e+00 0.000000000000000000e+00 6.417481682700065987e-12 0.000000000000000000e+00 0.000000000000000000e+00 0.000000000000000000e+00 0.000000000000000000e+00 8.223771299836637634e-12 6.478799293102578514e-12
6.872360946443542673e+01 -9.871119922395841163e-13 4.895826062698978438e-12 0.000000000000000000e+00 0.000000000000000000e+00 5.921103861188101335e-12 0.000000000000000000e+00 0.000000000000000000e+00 0.000000000000000000e+00 0.000000000000000000e+00 7.574961823851661779e-12 5.981947376271764818e-12
7.163360436437373835e+01 -8.815232401127470160e-13 4.662516708546814116e-12 0.000000000000000000e+00 0.000000000000000000e+00 5.462684954049651242e-12 0.000000000000000000e+00 0.000000000000000000e+00 0.000000000000000000e+00 0.000000000000000000e+00 6.976925849985391726e-12 5.523848459180945523e-12
7.466681849542716520e+01 -7.851678311957325653e-13 4.436133383592109533e-12 0.000000000000000000e+00 0.000000000000000000e+00 5.039470802824709701e-12 0.000000000000000000e+00 0.000000000000000000e+00 0.000000000000000000e+00 0.000000000000000000e+00 6.426165294321504033e-12 5.101606423991502513e-12
7.782846938526807890e+01 -6.976858162090238807e-13 4.242161044618892818e-12 0.000000000000000000e+00 0.000000000000000000e+00 4.649383170644744574e-12 0.000000000000000000e+00 0.000000000000000000e+00 0.000000000000000000e+00 0.000000000000000000e+00 5.919639290119255697e-12 4.713543677492977194e-12
8.112399548970439866e+01 -6.182823292787979038e-13 4.059771013850676844e-12 0.000000000000000000e+00 0.000000000000000000e+00 4.289212602729926993e-12 0.000000000000000000e+00 0.000000000000000000e+00 0.000000000000000000e+00 0.000000000000000000e+00 5.453107838543951147e-12 4.355971721205015967e-12
8.455906554753981652e+01 -5.464288310830675984e-13 3.888575160674136942e-12 0.000000000000000000e+00 0.000000000000000000e+00 3.956752634475233938e-12 0.000000000000000000e+00 0.000000000000000000e+00 0.000000000000000000e+00 0.000000000000000000e+00 5.023325104286390321e-12 4.026425199619626060e-12
8.813958833155088257e+01 -4.816838255706102397e-13 3.733959373355748329e-12 0.000000000000000000e+00 0.000000000000000000e+00 3.649838680706564524e-12 0.000000000000000000e+00 0.000000000000000000e+00 0.000000000000000000e+00 0.000000000000000000e+00 4.627672872897762735e-12 3.723038927589090708e-12
9.187172281235410765e+01 -4.235810990991007295e-13 3.593271931753360203e-12 0.000000000000000000e+00 0.000000000000000000e+00 3.366494981879112028e-12 0.000000000000000000e+00 0.000000000000000000e+00 0.000000000000000000e+00 0.000000000000000000e+00 4.263557843793642489e-12 3.443752515548698931e-12
9.576188875264639933e+01 -3.717183254310186017e-13 3.462613585619671425e-12 0.000000000000000000e+00 0.000000000000000000e+00 3.104891204093035878e-12 0.000000000000000000e+00 0.000000000000000000e+00 0.000000000000000000e+00 0.000000000000000000e+00 3.928237900475104827e-12 3.186426676690868530e-12
9.981677775004206410e+01 -3.257567132622925121e-13 3.344589852089289301e-12 0.000000000000000000e+00 0.000000000000000000e+00 2.863251155423351323e-12 0.000000000000000000e+00 0.000000000000000000e+00 0.000000000000000000e+00 0.000000000000000000e+00 3.619368815419257582e-12 2.949342989500830490e-12
1.040433647475019967e+02 -2.853987487390887792e-13 3.232631495664309986e-12 0.000000000000000000e+00 0.000000000000000000e+00 2.640349040259941835e-12 0.000000000000000000e+00 0.000000000000000000e+00 0.000000000000000000e+00 0.000000000000000000e+00 3.334668546128427932e-12 2.730628097202593673e-12
1.084489200311536194e+02 -2.502579662308861938e-13 3.137238991059480042e-12 0.000000000000000000e+00 0.000000000000000000e+00 2.434307108253985287e-12 0.000000000000000000e+00 0.000000000000000000e+00 0.000000000000000000e+00 0.000000000000000000e+00 3.072832436507900392e-12 2.529467972849107221e-12
1.130410217361402516e+02 -2.201407246070974117e-13 3.050067384888333781e-12 0.000000000000000000e+00 0.000000000000000000e+00 2.244214231450779520e-12 0.000000000000000000e+00 0.000000000000000000e+00 0.000000000000000000e+00 0.000000000000000000e+00 2.831659581689492241e-12 2.344036045731243086e-12
1.178275688820117182e+02 -1.947574395280945224e-13 2.971273271097102561e-12 0.000000000000000000e+00 0.000000000000000000e+00 2.068923592907643256e-12 0.000000000000000000e+00 0.000000000000000000e+00 0.000000000000000000e+00 0.000000000000000000e+00 2.609322706114304595e-12 2.172949580190344382e-12
1.228167949600777575e+02 -1.740803984302982469e-13 2.897364159666102713e-12 0.000000000000000000e+00 0.000000000000000000e+00 1.907724460847111004e-12 0.000000000000000000e+00 0.000000000000000000e+00 0.000000000000000000e+00 0.000000000000000000e+00 2.404532403587109344e-12 2.015119395723117227e-12
1.280172820960967499e+02 -1.576277293388895250e-13 2.834282782301952106e-12 0.000000000000000000e+00 0.000000000000000000e+00 1.759386337137153210e-12 0.000000000000000000e+00 0.000000000000000000e+00 0.000000000000000000e+00 0.000000000000000000e+00 2.215931495988979286e-12 1.869648339236807933e-12
1.334379758126628701e+02 -1.455518375995285950e-13 2.776237451283726992e-12 0.000000000000000000e+00 0.000000000000000000e+00 1.623481577299225016e-12 0.000000000000000000e+00 0.000000000000000000e+00 0.000000000000000000e+00 0.000000000000000000e+00 2.042153902541595601e-12 1.735351422914899705e-12
1.390882004166816728e+02 -1.370196770814318591e-13 2.731590071525833065e-12 0.000000000000000000e+00 0.000000000000000000e+00 1.498988088087027184e-12 0.000000000000000000e+00 0.000000000000000000e+00 0.000000000000000000e+00 0.000000000000000000e+00 1.882196351714779853e-12 1.611639069041423095e-12
1.449776750384068578e+02 -1.326949235605276951e-13 2.688496364826449133e-12 0.000000000000000000e+00 0.000000000000000000e+00 1.386094040467302554e-12 0.000000000000000000e+00 0.000000000000000000e+00 0.000000000000000000e+00 0.000000000000000000e+00 1.734769544884480459e-12 1.497262801169108749e-12
1.511165303496226784e+02 -1.316331773083666041e-13 2.655490156320542508e-12 0.000000000000000000e+00 0.000000000000000000e+00 1.284130184124914288e-12 0.000000000000000000e+00 0.000000000000000000e+00 0.000000000000000000e+00 0.000000000000000000e+00 1.599011853592079598e-12 1.391739443002381568e-12
1.575153259897343503e+02 -1.341717715287812784e-13 2.626401096140856733e-12 0.000000000000000000e+00 0.000000000000000000e+00 1.193191814953393992e-12 0.000000000000000000e+00 0.000000000000000000e+00 0.000000000000000000e+00 0.000000000000000000e+00 1.473906814425150093e-12 1.294148981438647173e-12
1.641850687297378215e+02 -1.396634443225134684e-13 2.604633477889859641e-12 0.000000000000000000e+00 0.000000000000000000e+00 1.113170317606986415e-12 0.000000000000000000e+00 0.000000000000000000e+00 0.000000000000000000e+00 0.000000000000000000e+00 1.358698166434010415e-12 1.203968295701145180e-12
1.711372314053143953e+02 -1.481944284927778635e-13 2.587527237837124166e-12 0.000000000000000000e+00 0.000000000000000000e+00 1.044110221691511012e-12 0.000000000000000000e+00 0.000000000000000000e+00 0.000000000000000000e+00 0.000000000000000000e+00 1.252585705717051694e-12 1.120513189053970318e-12
1.783837726516200348e+02 -1.590042568428507931e-13 2.577397456392904992e-12 0.000000000000000000e+00 0.000000000000000000e+00 9.863212547776163892e-13 0.000000000000000000e+00 0.000000000000000000e+00 0.000000000000000000e+00 0.000000000000000000e+00 1.154876280154482781e-12 1.043285327895993270e-12
1.859371574737108119e+02 -1.716240248351135112e-13 2.574615499603833818e-12 0.000000000000000000e+00 0.000000000000000000e+00 9.399862037986851387e-13 0.000000000000000000e+00 0.000000000000000000e+00 0.000000000000000000e+00 0.000000000000000000e+00 1.064959900376332525e-12 9.717910727773558558e-13
1.938103786879943584e+02 -1.855010371615707809e-13 2.578046466711890470e-12 0.000000000000000000e+00 0.000000000000000000e+00 9.056370666249300827e-13 0.000000000000000000e+00 0.000000000000000000e+00 0.000000000000000000e+00 0.000000000000000000e+00 9.821602147853316569e-13 9.054759027489660894e-13
2.020169792715831818e+02 -1.992698627627226796e-13 2.591434760588165398e-12 0.000000000000000000e+00 0.000000000000000000e+00 8.838305036986013568e-13 0.000000000000000000e+00 0.000000000000000000e+00 0.000000000000000000e+00 0.000000000000000000e+00 9.060066068409713263e-13 8.440034503813130066e-13
2.105710756579998986e+02 -2.115565084769482890e-13 2.617369612311832932e-12 0.000000000000000000e+00 0.000000000000000000e+00 8.750868214792557148e-13 0.000000000000000000e+00 0.000000000000000000e+00 0.000000000000000000e+00 0.000000000000000000e+00 8.359932145352225550e-13 7.869780153216072872e-13
2.194873820193008669e+02 -2.203977816206538885e-13 2.661312679457706639e-12 0.000000000000000000e+00 0.000000000000000000e+00 8.799684537579382193e-13 0.000000000000000000e+00 0.000000000000000000e+00 0.000000000000000000e+00 0.000000000000000000e+00 7.716623347420851260e-13 7.340408380365248238e-13
2.287812355763888092e+02 -2.235083526292221330e-13 2.728232603908077675e-12 0.000000000000000000e+00 0.000000000000000000e+00 8.994822378590792851e-13 0.000000000000000000e+00 0.000000000000000000e+00 0.000000000000000000e+00 0.000000000000000000e+00 7.125156875738123510e-13 6.848048384866164806e-13
2.384686229810537270e+02 -2.172459095022142538e-13 2.827288197563314468e-12 0.000000000000000000e+00 0.000000000000000000e+00 9.366114597793529030e-13 0.000000000000000000e+00 0.000000000000000000e+00 0.000000000000000000e+00 0.000000000000000000e+00 6.582456458875431055e-13 6.390638419780409979e-13
2.485662078151169396e+02 -1.979917334149615684e-13 2.969881076255310070e-12 0.000000000000000000e+00 0.000000000000000000e+00 9.946487652955642159e-13 0.000000000000000000e+00 0.000000000000000000e+00 0.000000000000000000e+00 0.000000000000000000e+00 6.084671588649966107e-13 5.965347286206020396e-13
2.590913592539878323e+02 -1.612158758362421231e-13 3.171304009200827206e-12 0.000000000000000000e+00 0.000000000000000000e+00 1.081550382926919859e-12 0.000000000000000000e+00 0.000000000000000000e+00 0.000000000000000000e+00 0.000000000000000000e+00 5.628036460359278280e-13 5.569364875174508045e-13
2.700621819439303408e+02 -1.026664626073787704e-13 3.446556391920162532e-12 0.000000000000000000e+00 0.000000000000000000e+00 1.211389649191585190e-12 0.000000000000000000e+00 0.000000000000000000e+00 0.000000000000000000e+00 0.000000000000000000e+00 5.209708643222732790e-13 5.200768913236485025e-13
2.814975471444402046e+02 -1.900084895107468226e-14 3.809164127039134966e-12 0.000000000000000000e+00 0.000000000000000000e+00 1.409082509911181890e-12 0.000000000000000000e+00 0.000000000000000000e+00 0.000000000000000000e+00 0.000000000000000000e+00 4.826706186256061075e-13 4.857462352129442320e-13
2.934171251892951773e+02 9.157543927963487755e-14 4.264751293329964832e-12 0.000000000000000000e+00 0.000000000000000000e+00 1.716998328594628358e-12 0.000000000000000000e+00 0.000000000000000000e+00 0.000000000000000000e+00 0.000000000000000000e+00 4.476650547376277536e-13 4.537876742576431634e-13
3.058414193221180426e+02 2.276826541527402678e-13 4.796808936443334754e-12 0.000000000000000000e+00 0.000000000000000000e+00 2.202255474167243352e-12 0.000000000000000000e+00 0.000000000000000000e+00 0.000000000000000000e+00 0.000000000000000000e+00 4.156141817618941119e-13 4.239456878180061236e-13
3.187918009646573410e+02 3.811864118605355303e-13 5.337219045646561369e-12 0.000000000000000000e+00 0.000000000000000000e+00 2.933873593927234506e-12 0.000000000000000000e+00 0.000000000000000000e+00 0.000000000000000000e+00 0.000000000000000000e+00 3.863137696968249386e-13 3.960953660645855062e-13
3.322905464784441847e+02 5.361417911516354616e-13 5.758315781895304914e-12 0.000000000000000000e+00 0.000000000000000000e+00 3.926373033345352993e-12 0.000000000000000000e+00 0.000000000000000000e+00 0.000000000000000000e+00 0.000000000000000000e+00 3.595140222991942621e-13 3.700779191095016955e-13
3.463608754830696057e+02 6.695664226276546866e-13 5.909965665000144142e-12 0.000000000000000000e+00 0.000000000000000000e+00 5.044589158814551243e-12 0.000000000000000000e+00 0.000000000000000000e+00 0.000000000000000000e+00 0.000000000000000000e+00 3.349938321668771112e-13 3.457817697392773952e-13
3.610269907969848191e+02 7.566114064655770285e-13 5.715078466933213343e-12 0.000000000000000000e+00 0.000000000000000000e+00 5.983105023357906629e-12 0.000000000000000000e+00 0.000000000000000000e+00 0.000000000000000000e+00 0.000000000000000000e+00 3.125536808377502985e-13 3.231344625300069144e-13
3.763141200695379780e+02 7.796230086276740068e-13 5.230807288529585057e-12 0.000000000000000000e+00 0.000000000000000000e+00 6.422736209812140000e-12 0.000000000000000000e+00 0.000000000000000000e+00 0.000000000000000000e+00 0.000000000000000000e+00 2.919106942104769287e-13 3.019656066232526426e-13
3.922485591758517671e+02 7.397572430884170632e-13 4.615227260431744688e-12 0.000000000000000000e+00 0.000000000000000000e+00 6.276057338141698987e-12 0.000000000000000000e+00 0.000000000000000000e+00 0.000000000000000000e+00 0.000000000000000000e+00 2.728857570478693033e-13 2.822315091004842940e-13
4.088577174491895221e+02 6.543038045798974278e-13 4.014376880180731453e-12 0.000000000000000000e+00 0.000000000000000000e+00 5.692592232033989058e-12 0.000000000000000000e+00 0.000000000000000000e+00 0.000000000000000000e+00 0.000000000000000000e+00 2.552889197984769199e-13 2.638419667989654198e-13
4.261701648286200452e+02 5.460510914185256144e-13 3.508237250617361112e-12 0.000000000000000000e+00 0.000000000000000000e+00 4.900829955260702090e-12 0.000000000000000000e+00 0.000000000000000000e+00 0.000000000000000000e+00 0.000000000000000000e+00 2.389449007471084196e-13 2.467101021726267073e-13
4.442156810030711540e+02 4.344425642205661983e-13 3.124214390271630788e-12 0.000000000000000000e+00 0.000000000000000000e+00 4.089698963378705764e-12 0.000000000000000000e+00 0.000000000000000000e+00 0.000000000000000000e+00 0.000000000000000000e+00 2.237656853068496032e-13 2.308079600141155532e-13
4.630253066363192147e+02 3.319990926600433635e-13 2.862984373925212974e-12 0.000000000000000000e+00 0.000000000000000000e+00 3.370316928900657787e-12 0.000000000000000000e+00 0.000000000000000000e+00 0.000000000000000000e+00 0.000000000000000000e+00 2.096784783834521392e-13 2.160995343665168972e-13
4.826313967610138320e+02 2.457906886763877509e-13 2.711936395506495001e-12 0.000000000000000000e+00 0.000000000000000000e+00 2.793440564503238968e-12 0.000000000000000000e+00 0.000000000000000000e+00 0.000000000000000000e+00 0.000000000000000000e+00 1.966031869699465738e-13 2.025409009891282814e-13
5.030676764335976827e+02 1.797896684367647107e-13 2.648574536370181634e-12 0.000000000000000000e+00 0.000000000000000000e+00 2.382348834658690714e-12 0.000000000000000000e+00 0.000000000000000000e+00 0.000000000000000000e+00 0.000000000000000000e+00 1.845086896439903142e-13 1.901157542370171301e-13
5.243692987458422294e+02 1.367598224598495481e-13 2.658592411539155869e-12 0.000000000000000000e+00 0.000000000000000000e+00 2.143098218695931557e-12 0.000000000000000000e+00 0.000000000000000000e+00 0.000000000000000000e+00 0.000000000000000000e+00 1.734038279562720044e-13 1.788377168216855267e-13
5.465729052927925977e+02 1.184894063091008971e-13 2.737763356310269031e-12 0.000000000000000000e+00 0.000000000000000000e+00 2.070840118590530601e-12 0.000000000000000000e+00 0.000000000000000000e+00 0.000000000000000000e+00 0.000000000000000000e+00 1.632718772073600826e-13 1.686616930032044688e-13
5.697166892011393884e+02 1.270215038532058899e-13 2.900131737545143014e-12 0.000000000000000000e+00 0.000000000000000000e+00 2.163369176397787235e-12 0.000000000000000000e+00 0.000000000000000000e+00 0.000000000000000000e+00 0.000000000000000000e+00 1.541153863194910282e-13 1.595418801996847366e-13
5.938404608264202125e+02 1.637421461371157099e-13 3.167249280107721784e-12 0.000000000000000000e+00 0.000000000000000000e+00 2.434512141699105958e-12 0.000000000000000000e+00 0.000000000000000000e+00 0.000000000000000000e+00 0.000000000000000000e+00 1.458941535866914563e-13 1.513862304205168421e-13
6.189857162320780617e+02 2.251261794932276029e-13 3.530218377040828800e-12 0.000000000000000000e+00 0.000000000000000000e+00 2.916768196001326192e-12 0.000000000000000000e+00 0.000000000000000000e+00 0.000000000000000000e+00 0.000000000000000000e+00 1.385737769648783015e-13 1.441111253046403071e-13
6.451957085681489161e+02 2.971162069916529254e-13 3.878695009922423999e-12 0.000000000000000000e+00 0.000000000000000000e+00 3.608263670801252937e-12 0.000000000000000000e+00 0.000000000000000000e+00 0.000000000000000000e+00 0.000000000000000000e+00 1.320478255227680339e-13 1.375831951244949655e-13
6.725155224723790752e+02 3.537120675384999830e-13 3.975323981654171175e-12 0.000000000000000000e+00 0.000000000000000000e+00 4.321880002570884370e-12 0.000000000000000000e+00 0.000000000000000000e+00 0.000000000000000000e+00 0.000000000000000000e+00 1.262287658391794745e-13 1.317061769438225534e-13
7.009921516217362978e+02 3.650968578171074858e-13 3.684520507098531228e-12 0.000000000000000000e+00 0.000000000000000000e+00 4.634917319770209824e-12 0.000000000000000000e+00 0.000000000000000000e+00 0.000000000000000000e+00 0.000000000000000000e+00 1.209750963090486465e-13 1.263431964863583198e-13
7.306745795677196611e+02 3.196260725226963303e-13 3.183387628788655299e-12 0.000000000000000000e+00 0.000000000000000000e+00 4.307837473873029126e-12 0.000000000000000000e+00 0.000000000000000000e+00 0.000000000000000000e+00 0.000000000000000000e+00 1.162325587458552196e-13 1.214225644218070254e-13
7.616138639945219211e+02 2.354521420667831740e-13 2.721955632894774278e-12 0.000000000000000000e+00 0.000000000000000000e+00 3.538516116593330655e-12 0.000000000000000000e+00 0.000000000000000000e+00 0.000000000000000000e+00 0.000000000000000000e+00 1.119438127716005109e-13 1.168650570179413838e-13
7.938632245449637139e+02 1.460516087113832855e-13 2.418685378821924833e-12 0.000000000000000000e+00 0.000000000000000000e+00 2.695492666501834958e-12 0.000000000000000000e+00 0.000000000000000000e+00 0.000000000000000000e+00 0.000000000000000000e+00 1.080898513371304790e-13 1.126847891394005651e-13
8.274781343652917940e+02 7.837623449458670623e-14 2.276995821435228097e-12 0.000000000000000000e+00 0.000000000000000000e+00 2.065035070715680862e-12 0.000000000000000000e+00 0.000000000000000000e+00 0.000000000000000000e+00 0.000000000000000000e+00 1.047090532926892974e-13 1.090043858247273707e-13
8.625164155262885970e+02 4.515073805856076909e-14 2.262163427541818671e-12 0.000000000000000000e+00 0.000000000000000000e+00 1.770398370408846576e-12 0.000000000000000000e+00 0.000000000000000000e+00 0.000000000000000000e+00 0.000000000000000000e+00 1.018050069147424568e-13 1.058966155157583003e-13
8.990383384848522610e+02 4.746810135373156581e-14 2.369553320307220245e-12 0.000000000000000000e+00 0.000000000000000000e+00 1.766918487502945865e-12 0.000000000000000000e+00 0.000000000000000000e+00 0.000000000000000000e+00 0.000000000000000000e+00 9.954102271641144331e-14 1.035162654185175258e-13
9.371067257571163509e+02 8.209040690004045875e-14 2.579727727973349032e-12 0.000000000000000000e+00 0.000000000000000000e+00 1.995131809338759287e-12 0.000000000000000000e+00 0.000000000000000000e+00 0.000000000000000000e+00 0.000000000000000000e+00 9.798446728167771756e-14 1.018945747044788321e-13
9.767870599814451680e+02 1.349235375106042263e-13 2.734703850111176074e-12 0.000000000000000000e+00 0.000000000000000000e+00 2.461143930428969725e-12 0.000000000000000000e+00 0.000000000000000000e+00 0.000000000000000000e+00 0.000000000000000000e+00 9.718493872216519252e-14 1.010425247405339650e-13
1.018147596557201382e+03 1.782730680204624811e-13 2.673430946424648312e-12 0.000000000000000000e+00 0.000000000000000000e+00 3.025246883588984323e-12 0.000000000000000000e+00 0.000000000000000000e+00 0.000000000000000000e+00 0.000000000000000000e+00 9.710612357283703848e-14 1.008692552804432627e-13
1.061259481053010859e+03 1.840519712542905504e-13 2.490694220849114566e-12 0.000000000000000000e+00 0.000000000000000000e+00 3.294243382197469193e-12 0.000000000000000000e+00 0.000000000000000000e+00 0.000000000000000000e+00 0.000000000000000000e+00 9.772143516373825354e-14 1.013115174124376583e-13
1.106196871586516636e+03 1.515277407044799903e-13 2.352157796413704623e-12 0.000000000000000000e+00 0.000000000000000000e+00 3.108706551015329483e-12 0.000000000000000000e+00 0.000000000000000000e+00 0.000000000000000000e+00 0.000000000000000000e+00 9.897064920664829565e-14 1.023158315747262526e-13
1.153037066386096740e+03 1.182875944639815649e-13 2.360358197737032584e-12 0.000000000000000000e+00 0.000000000000000000e+00 2.675914557282039949e-12 0.000000000000000000e+00 0.000000000000000000e+00 0.000000000000000000e+00 0.000000000000000000e+00 1.007349373639278438e-13 1.038539246546738549e-13
1.201860636754002144e+03 1.170221910612683963e-13 2.509167150729626888e-12 0.000000000000000000e+00 0.000000000000000000e+00 2.535767159376546404e-12 0.000000000000000000e+00 0.000000000000000000e+00 0.000000000000000000e+00 0.000000000000000000e+00 1.030719330593097896e-13 1.060672279526088498e-13
1.252751565659601965e+03 1.255761053418902911e-13 2.778393148702188394e-12 0.000000000000000000e+00 0.000000000000000000e+00 2.684036452497362790e-12 0.000000000000000000e+00 0.000000000000000000e+00 0.000000000000000000e+00 0.000000000000000000e+00 1.062480292459593676e-13 1.091994479863665298e-13
1.305797392201143793e+03 8.813252820106255607e-14 2.993512963190707856e-12 0.000000000000000000e+00 0.000000000000000000e+00 2.565782011676807413e-12 0.000000000000000000e+00 0.000000000000000000e+00 0.000000000000000000e+00 0.000000000000000000e+00 1.107310337811415373e-13 1.136787930103919212e-13
1.361089362184538686e+03 -2.084350535597948776e-14 2.889037801241780579e-12 0.000000000000000000e+00 0.000000000000000000e+00 1.932250044830625234e-12 0.000000000000000000e+00 0.000000000000000000e+00 0.000000000000000000e+00 0.000000000000000000e+00 1.167855367243073153e-13 1.196137943783755739e-13
1.418722585078148768e+03 -1.192023781055234625e-13 2.731325608545516999e-12 0.000000000000000000e+00 0.000000000000000000e+00 1.313363044306279679e-12 0.000000000000000000e+00 0.000000000000000000e+00 0.000000000000000000e+00 0.000000000000000000e+00 1.241685145817344734e-13 1.265888288260372088e-13
1.478796197613608456e+03 -1.258497799648353608e-13 2.695967705011524791e-12 0.000000000000000000e+00 0.000000000000000000e+00 1.218263641431249351e-12 0.000000000000000000e+00 0.000000000000000000e+00 0.000000000000000000e+00 0.000000000000000000e+00 1.318548749479921303e-13 1.337520481564686500e-13
1.541413534314042636e+03 -9.501318567925052968e-14 2.819032007611261106e-12 0.000000000000000000e+00 0.000000000000000000e+00 1.395391759108286436e-12 0.000000000000000000e+00 0.000000000000000000e+00 0.000000000000000000e+00 0.000000000000000000e+00 1.393513145524365002e-13 1.407231304205737671e-13
1.606682305243062729e+03 -1.186502017592533648e-13 2.934616566654496759e-12 0.000000000000000000e+00 0.000000000000000000e+00 1.191537826387225050e-12 0.000000000000000000e+00 0.000000000000000000e+00 0.000000000000000000e+00 0.000000000000000000e+00 1.468338809241846036e-13 1.474656469235728928e-13
1.674714781280253874e+03 -1.670825159583805896e-13 2.904041690056806365e-12 0.000000000000000000e+00 0.000000000000000000e+00 7.373406313833146429e-13 0.000000000000000000e+00 0.000000000000000000e+00 0.000000000000000000e+00 0.000000000000000000e+00 1.541403711365105017e-13 1.536839792990678515e-13
1.745627987241863821e+03 -1.544832730155961201e-13 2.928704775321925286e-12 0.000000000000000000e+00 0.000000000000000000e+00 8.448486932374689496e-13 0.000000000000000000e+00 0.000000000000000000e+00 0.000000000000000000e+00 0.000000000000000000e+00 1.578531618321599369e-13 1.567363986895819412e-13
1.819543903178907613e+03 -8.022054552868669719e-14 3.069320576825407495e-12 0.000000000000000000e+00 0.000000000000000000e+00 1.396552669466931601e-12 0.000000000000000000e+00 0.000000000000000000e+00 0.000000000000000000e+00 0.000000000000000000e+00 1.552434015560821281e-13 1.540383378952947084e-13
1.896589674198901548e+03 -3.753582029657322152e-14 2.947936394808719893e-12 0.000000000000000000e+00 0.000000000000000000e+00 1.640730202864284458e-12 0.000000000000000000e+00 0.000000000000000000e+00 0.000000000000000000e+00 0.000000000000000000e+00 1.486480723516451074e-13 1.475096484291722729e-13
1.976897829172202819e+03 -9.436151141503404860e-14 2.488889446282862773e-12 0.000000000000000000e+00 0.000000000000000000e+00 1.029011289800064561e-12 0.000000000000000000e+00 0.000000000000000000e+00 0.000000000000000000e+00 0.000000000000000000e+00 1.389173279495820231e-13 1.373404131202895180e-13
2.060606508699101141e+03 -1.056667661202395370e-13 2.071315805197146407e-12 0.000000000000000000e+00 0.000000000000000000e+00 7.380982053815213753e-13 0.000000000000000000e+00 0.000000000000000000e+00 0.000000000000000000e+00 0.000000000000000000e+00 1.275118922510071759e-13 1.254408966729666449e-13
2.147859702729852415e+03 -4.903734138603385264e-14 1.819188664325918890e-12 0.000000000000000000e+00 0.000000000000000000e+00 8.750291605226337118e-13 0.000000000000000000e+00 0.000000000000000000e+00 0.000000000000000000e+00 0.000000000000000000e+00 1.162663503904645211e-13 1.145139353433461311e-13
2.238807498246347677e+03 -3.897632014461538990e-14 1.897253021934520700e-12 0.000000000000000000e+00 0.000000000000000000e+00 1.245144376064755916e-12 0.000000000000000000e+00 0.000000000000000000e+00 0.000000000000000000e+00 0.000000000000000000e+00 1.057797606124375254e-13 1.049819024105191598e-13
2.333606337431473548e+03 -7.063049465964082885e-14 1.896013787757342716e-12 0.000000000000000000e+00 0.000000000000000000e+00 1.271032492062561560e-12 0.000000000000000000e+00 0.000000000000000000e+00 0.000000000000000000e+00 0.000000000000000000e+00 9.874184103422889613e-14 9.902519973460471358e-14
2.432419286770282724e+03 -1.204358544630402550e-14 2.063293704048564727e-12 0.000000000000000000e+00 0.000000000000000000e+00 1.600302260079700477e-12 0.000000000000000000e+00 0.000000000000000000e+00 0.000000000000000000e+00 0.000000000000000000e+00 9.413953991971686610e-14 9.521788181861159520e-14
2.535416317545798393e+03 2.962207220276918907e-14 2.020784225129543647e-12 0.000000000000000000e+00 0.000000000000000000e+00 1.928962631469185087e-12 0.000000000000000000e+00 0.000000000000000000e+00 0.000000000000000000e+00 0.000000000000000000e+00 9.140138790629026322e-14 9.299762746971865524e-14
2.642774598212020919e+03 -1.468415851772337527e-14 2.293607649291232044e-12 0.000000000000000000e+00 0.000000000000000000e+00 2.078734605992689882e-12 0.000000000000000000e+00 0.000000000000000000e+00 0.000000000000000000e+00 0.000000000000000000e+00 9.369103196295726902e-14 9.651586628639106833e-14
2.754678799146972779e+03 2.105454870213529892e-15 2.422913016305472221e-12 0.000000000000000000e+00 0.000000000000000000e+00 1.972612924604910272e-12 0.000000000000000000e+00 0.000000000000000000e+00 0.000000000000000000e+00 0.000000000000000000e+00 9.842016542245517223e-14 1.024681460609927407e-13
2.871321410310085412e+03 5.278968167727099135e-14 3.012574105968732039e-12 0.000000000000000000e+00 0.000000000000000000e+00 3.172361726588571095e-12 0.000000000000000000e+00 0.000000000000000000e+00 0.000000000000000000e+00 0.000000000000000000e+00 1.080403473500165299e-13 1.130225852310696047e-13
2.992903072350262391e+03 7.111330385935493362e-14 3.678560629572980761e-12 0.000000000000000000e+00 0.000000000000000000e+00 4.036332783679251561e-12 0.000000000000000000e+00 0.000000000000000000e+00 0.000000000000000000e+00 0.000000000000000000e+00 1.274767900870394922e-13 1.339977957071274524e-13
3.119632921734205411e+03 2.020039952664422681e-13 4.373511647191744998e-12 0.000000000000000000e+00 0.000000000000000000e+00 5.224842212908732079e-12 0.000000000000000000e+00 0.000000000000000000e+00 0.000000000000000000e+00 0.000000000000000000e+00 1.564436383874862569e-13 1.647823557951962706e-13
3.251728950488693499e+03 2.356693084645075976e-13 5.494274157084434952e-12 0.000000000000000000e+00 0.000000000000000000e+00 6.967111138995967888e-12 0.000000000000000000e+00 0.000000000000000000e+00 0.000000000000000000e+00 0.000000000000000000e+00 2.074643860979704528e-13 2.189500691543400908e-13
3.389418381175546074e+03 3.145940214646168106e-13 7.360937419493846467e-12 0.000000000000000000e+00 0.000000000000000000e+00 9.207681435275670360e-12 0.000000000000000000e+00 0.000000000000000000e+00 0.000000000000000000e+00 0.000000000000000000e+00 3.039564262863795045e-13 3.199790877057352210e-13
3.532938057744372145e+03 5.301225434515039406e-13 1.038257820489036544e-11 0.000000000000000000e+00 0.000000000000000000e+00 1.214709065293875508e-11 0.000000000000000000e+00 0.000000000000000000e+00 0.000000000000000000e+00 0.000000000000000000e+00 5.181665883119544626e-13 5.300279900981727528e-13
3.682534852935320941e+03 1.030328586598365767e-12 1.713988579044725338e-11 0.000000000000000000e+00 0.000000000000000000e+00 2.264500593679328436e-11 0.000000000000000000e+00 0.000000000000000000e+00 0.000000000000000000e+00 0.000000000000000000e+00 1.344473641087821696e-12 1.294606120346303743e-12
3.838466092932727861e+03 1.214292107448236824e-12 5.824779394949931703e-11 0.000000000000000000e+00 0.000000000000000000e+00 6.454210268670196634e-11 0.000000000000000000e+00 0.000000000000000000e+00 0.000000000000000000e+00 0.000000000000000000e+00 6.280838941430129684e-12 4.364227427103658433e-12
4.001000000000001819e+03 0.000000000000000000e+00 0.000000000000000000e+00 0.000000000000000000e+00 0.000000000000000000e+00 0.000000000000000000e+00 0.000000000000000000e+00 0.000000000000000000e+00 0.000000000000000000e+00 0.000000000000000000e+00 0.000000000000000000e+00 0.000000000000000000e+00
