1.000000000000000000e+00 2.483278493419612467e-12 9.915651519893121986e-09 9.002399570180689955e-09 0.000000000000000000e+00 0.000000000000000000e+00 0.000000000000000000e+00 0.000000000000000000e+00 0.000000000000000000e+00 0.000000000000000000e+00 0.000000000000000000e+00 3.113414312182048559e-08
1.047129071589127935e+00 1.890725641119740208e-12 9.047985727555773213e-09 8.210322081541934969e-09 0.000000000000000000e+00 0.000000000000000000e+00 0.000000000000000000e+00 0.000000000000000000e+00 0.000000000000000000e+00 0.000000000000000000e+00 0.000000000000000000e+00 2.839545344789446496e-08
1.096479292567109187e+00 1.625404401438403710e-12 8.253382029556270578e-09 7.487899055252036753e-09 0.000000000000000000e+00 0.000000000000000000e+00 0.000000000000000000e+00 0.000000000000000000e+00 0.000000000000000000e+00 0.000000000000000000e+00 0.000000000000000000e+00 2.589732261710646613e-08
1.148155343642500714e+00 1.413624446627687164e-12 7.528261437969724498e-09 6.829013286058995320e-09 0.000000000000000000e+00 0.000000000000000000e+00 0.000000000000000000e+00 0.000000000000000000e+00 0.000000000000000000e+00 0.000000000000000000e+00 0.000000000000000000e+00 2.361894307660421016e-08
1.202266839028468093e+00 1.245518746714903910e-12 6.866720849338183447e-09 6.228160972480068739e-09 0.000000000000000000e+00 0.000000000000000000e+00 0.000000000000000000e+00 0.000000000000000000e+00 0.000000000000000000e+00 0.000000000000000000e+00 0.000000000000000000e+00 2.154100294741349977e-08
1.258928558954275356e+00 1.111560323093773130e-12 6.263129685826723807e-09 5.680186240114833563e-09 0.000000000000000000e+00 0.000000000000000000e+00 0.000000000000000000e+00 0.000000000000000000e+00 0.000000000000000000e+00 0.000000000000000000e+00 0.000000000000000000e+00 1.964583997914278443e-08
1.318260693134829076e+00 1.025485174379655079e-12 5.712122710518619284e-09 5.180432996919266510e-09 0.000000000000000000e+00 0.000000000000000000e+00 0.000000000000000000e+00 0.000000000000000000e+00 0.000000000000000000e+00 0.000000000000000000e+00 0.000000000000000000e+00 1.791735114040732160e-08
1.380389095714713799e+00 9.252331421507493640e-13 5.209816587046623190e-09 4.724610942296238836e-09 0.000000000000000000e+00 0.000000000000000000e+00 0.000000000000000000e+00 0.000000000000000000e+00 0.000000000000000000e+00 0.000000000000000000e+00 0.000000000000000000e+00 1.634094152538405220e-08
1.445445552227504260e+00 8.517616140961298299e-13 4.751445328600190215e-09 4.308909809419304263e-09 0.000000000000000000e+00 0.000000000000000000e+00 0.000000000000000000e+00 0.000000000000000000e+00 0.000000000000000000e+00 0.000000000000000000e+00 0.000000000000000000e+00 1.490319661457720638e-08
1.513568059136620958e+00 7.828464645042223937e-13 4.333411204520762285e-09 3.929785270293472260e-09 0.000000000000000000e+00 0.000000000000000000e+00 0.000000000000000000e+00 0.000000000000000000e+00 0.000000000000000000e+00 0.000000000000000000e+00 0.000000000000000000e+00 1.359193800468369711e-08
1.584901116550688105e+00 7.113080557330650419e-13 3.952286073529596502e-09 3.584019708442621097e-09 0.000000000000000000e+00 0.000000000000000000e+00 0.000000000000000000e+00 0.000000000000000000e+00 0.000000000000000000e+00 0.000000000000000000e+00 0.000000000000000000e+00 1.239605925264023858e-08
1.659596034734294401e+00 6.525651296776833703e-13 3.604547361927437278e-09 3.268665503961678412e-09 0.000000000000000000e+00 0.000000000000000000e+00 0.000000000000000000e+00 0.000000000000000000e+00 0.000000000000000000e+00 0.000000000000000000e+00 0.000000000000000000e+00 1.130537238001080388e-08
1.737811255064319882e+00 5.979279813035474276e-13 3.287408822524314561e-09 2.981060040349919955e-09 0.000000000000000000e+00 0.000000000000000000e+00 0.000000000000000000e+00 0.000000000000000000e+00 0.000000000000000000e+00 0.000000000000000000e+00 0.000000000000000000e+00 1.031064349449266556e-08
1.819712686112638478e+00 5.452356368619151909e-13 2.998186060776075935e-09 2.718744047008977885e-09 0.000000000000000000e+00 0.000000000000000000e+00 0.000000000000000000e+00 0.000000000000000000e+00 0.000000000000000000e+00 0.000000000000000000e+00 0.000000000000000000e+00 9.403429384483978796e-09
1.905474055568085578e+00 4.987707941052956392e-13 2.734412959965553949e-09 2.479532325174132205e-09 0.000000000000000000e+00 0.000000000000000000e+00 0.000000000000000000e+00 0.000000000000000000e+00 0.000000000000000000e+00 0.000000000000000000e+00 0.000000000000000000e+00 8.576039936849787515e-09
1.995277278744179705e+00 4.558420720983512750e-13 2.493808000071870702e-09 2.261348358156235081e-09 0.000000000000000000e+00 0.000000000000000000e+00 0.000000000000000000e+00 0.000000000000000000e+00 0.000000000000000000e+00 0.000000000000000000e+00 0.000000000000000000e+00 7.821435567896955894e-09
2.089312844454274565e+00 3.722095526956206423e-13 2.275034599297357601e-09 2.062365155247612597e-09 0.000000000000000000e+00 0.000000000000000000e+00 0.000000000000000000e+00 0.000000000000000000e+00 0.000000000000000000e+00 0.000000000000000000e+00 0.000000000000000000e+00 7.133368526726639949e-09
2.187780219072644972e+00 3.327640468723820434e-13 2.075066390160250318e-09 1.880898791692860046e-09 0.000000000000000000e+00 0.000000000000000000e+00 0.000000000000000000e+00 0.000000000000000000e+00 0.000000000000000000e+00 0.000000000000000000e+00 0.000000000000000000e+00 6.505809259383286299e-09
2.290888269638597485e+00 3.008821473884457622e-13 1.892670480811520748e-09 1.715416491099968995e-09 0.000000000000000000e+00 0.000000000000000000e+00 0.000000000000000000e+00 0.000000000000000000e+00 0.000000000000000000e+00 0.000000000000000000e+00 0.000000000000000000e+00 5.933470399616007362e-09
2.398855706901088514e+00 2.743245081168052914e-13 1.726289790114939162e-09 1.564498537477736304e-09 0.000000000000000000e+00 0.000000000000000000e+00 0.000000000000000000e+00 0.000000000000000000e+00 0.000000000000000000e+00 0.000000000000000000e+00 0.000000000000000000e+00 5.411478806477462822e-09
2.511911549243617703e+00 2.515239372736197138e-13 1.574492541653450863e-09 1.426864370404538469e-09 0.000000000000000000e+00 0.000000000000000000e+00 0.000000000000000000e+00 0.000000000000000000e+00 0.000000000000000000e+00 0.000000000000000000e+00 0.000000000000000000e+00 4.935398376440646743e-09
2.630295608473477653e+00 2.349023845657172863e-13 1.435984815763084747e-09 1.301311215363628040e-09 0.000000000000000000e+00 0.000000000000000000e+00 0.000000000000000000e+00 0.000000000000000000e+00 0.000000000000000000e+00 0.000000000000000000e+00 0.000000000000000000e+00 4.501184184297853001e-09
2.754258998505793254e+00 2.159529050125390054e-13 1.309679880234907355e-09 1.186816418233611035e-09 0.000000000000000000e+00 0.000000000000000000e+00 0.000000000000000000e+00 0.000000000000000000e+00 0.000000000000000000e+00 0.000000000000000000e+00 0.000000000000000000e+00 4.105168735745216579e-09
2.884064668021372402e+00 2.005148595295199778e-13 1.194474534397857750e-09 1.082390161217732193e-09 0.000000000000000000e+00 0.000000000000000000e+00 0.000000000000000000e+00 0.000000000000000000e+00 0.000000000000000000e+00 0.000000000000000000e+00 0.000000000000000000e+00 3.743988345678288912e-09
3.019987958228226521e+00 1.566967930215205994e-13 1.089759843650164491e-09 9.871356506037103504e-10 0.000000000000000000e+00 0.000000000000000000e+00 0.000000000000000000e+00 0.000000000000000000e+00 0.000000000000000000e+00 0.000000000000000000e+00 0.000000000000000000e+00 3.414625916039024799e-09
3.162317186909868738e+00 1.322485393004034921e-13 9.941116502033659742e-10 9.002742652680684631e-10 0.000000000000000000e+00 0.000000000000000000e+00 0.000000000000000000e+00 0.000000000000000000e+00 0.000000000000000000e+00 0.000000000000000000e+00 0.000000000000000000e+00 3.114259633068429132e-09
3.311354259999273797e+00 1.047083546362356401e-13 9.069889906926592658e-10 8.210668276579914151e-10 0.000000000000000000e+00 0.000000000000000000e+00 0.000000000000000000e+00 0.000000000000000000e+00 0.000000000000000000e+00 0.000000000000000000e+00 0.000000000000000000e+00 2.840347337341654261e-09
3.467415311975743819e+00 1.021272723370578121e-13 8.272130917592730519e-10 7.488337064761755097e-10 0.000000000000000000e+00 0.000000000000000000e+00 0.000000000000000000e+00 0.000000000000000000e+00 0.000000000000000000e+00 0.000000000000000000e+00 0.000000000000000000e+00 2.590488729289794042e-09
3.630831376443087510e+00 9.222009954434471918e-14 7.545516665635015542e-10 6.829512855350816732e-10 0.000000000000000000e+00 0.000000000000000000e+00 0.000000000000000000e+00 0.000000000000000000e+00 0.000000000000000000e+00 0.000000000000000000e+00 0.000000000000000000e+00 2.362619488660978076e-09
3.801949088311525671e+00 8.473272987932881487e-14 6.882349833005983639e-10 6.228607526046185466e-10 0.000000000000000000e+00 0.000000000000000000e+00 0.000000000000000000e+00 0.000000000000000000e+00 0.000000000000000000e+00 0.000000000000000000e+00 0.000000000000000000e+00 2.154782350170978855e-09
3.981131419072778677e+00 8.123899280226426532e-14 6.276962455688746851e-10 5.680592428167403681e-10 0.000000000000000000e+00 0.000000000000000000e+00 0.000000000000000000e+00 0.000000000000000000e+00 0.000000000000000000e+00 0.000000000000000000e+00 0.000000000000000000e+00 1.965217500374849707e-09
4.168758446727986566e+00 6.527229263072189744e-14 5.726896846586143486e-10 5.180794157559031968e-10 0.000000000000000000e+00 0.000000000000000000e+00 0.000000000000000000e+00 0.000000000000000000e+00 0.000000000000000000e+00 0.000000000000000000e+00 0.000000000000000000e+00 1.792375638536965013e-09
4.365228162001612233e+00 6.233151936026247188e-14 5.223786183351628053e-10 4.725036024563487925e-10 0.000000000000000000e+00 0.000000000000000000e+00 0.000000000000000000e+00 0.000000000000000000e+00 0.000000000000000000e+00 0.000000000000000000e+00 0.000000000000000000e+00 1.634733114228400672e-09
4.570957312551463758e+00 6.004335068639583021e-14 4.764791761158787835e-10 4.309366148529039494e-10 0.000000000000000000e+00 0.000000000000000000e+00 0.000000000000000000e+00 0.000000000000000000e+00 0.000000000000000000e+00 0.000000000000000000e+00 0.000000000000000000e+00 1.490954151347641604e-09
4.786382286965549682e+00 5.722615999784948609e-14 4.346263428651924027e-10 3.930279420887145002e-10 0.000000000000000000e+00 0.000000000000000000e+00 0.000000000000000000e+00 0.000000000000000000e+00 0.000000000000000000e+00 0.000000000000000000e+00 0.000000000000000000e+00 1.359820078580926484e-09
5.011960040420881946e+00 5.340254513260949436e-14 3.964459795987131695e-10 3.584493544480978668e-10 0.000000000000000000e+00 0.000000000000000000e+00 0.000000000000000000e+00 0.000000000000000000e+00 0.000000000000000000e+00 0.000000000000000000e+00 0.000000000000000000e+00 1.240212550063573366e-09
5.248169063967726977e+00 4.103573756801124709e-14 3.617730435560410575e-10 3.269100676901025988e-10 0.000000000000000000e+00 0.000000000000000000e+00 0.000000000000000000e+00 0.000000000000000000e+00 0.000000000000000000e+00 0.000000000000000000e+00 0.000000000000000000e+00 1.131165712090819819e-09
5.495510399495309173e+00 3.863697292180913163e-14 3.300404215255060684e-10 2.981547291316645438e-10 0.000000000000000000e+00 0.000000000000000000e+00 0.000000000000000000e+00 0.000000000000000000e+00 0.000000000000000000e+00 0.000000000000000000e+00 0.000000000000000000e+00 1.031700449323902275e-09
5.754508702531921038e+00 3.690790767521073261e-14 3.010844761260308743e-10 2.719276464928391814e-10 0.000000000000000000e+00 0.000000000000000000e+00 0.000000000000000000e+00 0.000000000000000000e+00 0.000000000000000000e+00 0.000000000000000000e+00 0.000000000000000000e+00 9.409809600932473749e-10
6.025713355133808236e+00 3.498937727447713697e-14 2.746609836465224185e-10 2.480044403842961191e-10 0.000000000000000000e+00 0.000000000000000000e+00 0.000000000000000000e+00 0.000000000000000000e+00 0.000000000000000000e+00 0.000000000000000000e+00 0.000000000000000000e+00 8.582321445842221981e-10
6.309699631223472771e+00 3.164644115989751725e-14 2.506106098821294036e-10 2.261903508116707222e-10 0.000000000000000000e+00 0.000000000000000000e+00 0.000000000000000000e+00 0.000000000000000000e+00 0.000000000000000000e+00 0.000000000000000000e+00 0.000000000000000000e+00 7.827827002715528404e-10
6.607069916849297897e+00 3.313167343256064566e-14 2.286111901740422403e-10 2.062974649661193071e-10 0.000000000000000000e+00 0.000000000000000000e+00 0.000000000000000000e+00 0.000000000000000000e+00 0.000000000000000000e+00 0.000000000000000000e+00 0.000000000000000000e+00 7.139637547002711683e-10
6.918454987954862467e+00 3.338141939639382858e-14 2.085504499394710920e-10 1.881522782036411920e-10 0.000000000000000000e+00 0.000000000000000000e+00 0.000000000000000000e+00 0.000000000000000000e+00 0.000000000000000000e+00 0.000000000000000000e+00 0.000000000000000000e+00 6.511930412348593686e-10
7.244515348368347318e+00 2.723806622468331924e-14 1.903531701881553117e-10 1.716003422156896560e-10 0.000000000000000000e+00 0.000000000000000000e+00 0.000000000000000000e+00 0.000000000000000000e+00 0.000000000000000000e+00 0.000000000000000000e+00 0.000000000000000000e+00 5.939624452372553741e-10
7.585942630850135870e+00 2.771136374183951322e-14 1.736724764339683797e-10 1.565088578783439729e-10 0.000000000000000000e+00 0.000000000000000000e+00 0.000000000000000000e+00 0.000000000000000000e+00 0.000000000000000000e+00 0.000000000000000000e+00 0.000000000000000000e+00 5.417588518275859191e-10
7.943461064170490360e+00 2.846290843484974759e-14 1.584513369405385311e-10 1.427460776174987560e-10 0.000000000000000000e+00 0.000000000000000000e+00 0.000000000000000000e+00 0.000000000000000000e+00 0.000000000000000000e+00 0.000000000000000000e+00 0.000000000000000000e+00 4.941427944831248757e-10
8.317829009329230416e+00 2.705336952427553591e-14 1.446010913051332148e-10 1.301916790259512778e-10 0.000000000000000000e+00 0.000000000000000000e+00 0.000000000000000000e+00 0.000000000000000000e+00 0.000000000000000000e+00 0.000000000000000000e+00 0.000000000000000000e+00 4.507231154833983954e-10
8.709840568176032249e+00 2.935864024602815248e-14 1.319201024220792110e-10 1.187459194292792406e-10 0.000000000000000000e+00 0.000000000000000000e+00 0.000000000000000000e+00 0.000000000000000000e+00 0.000000000000000000e+00 0.000000000000000000e+00 0.000000000000000000e+00 4.111185523291458824e-10
9.120327267843492791e+00 2.752140751733720446e-14 1.204078394222568850e-10 1.083030133004745509e-10 0.000000000000000000e+00 0.000000000000000000e+00 0.000000000000000000e+00 0.000000000000000000e+00 0.000000000000000000e+00 0.000000000000000000e+00 0.000000000000000000e+00 3.750018322963126601e-10
9.550159824565964684e+00 2.709251921032449364e-14 1.098981341598888929e-10 9.878075441880508814e-11 0.000000000000000000e+00 0.000000000000000000e+00 0.000000000000000000e+00 0.000000000000000000e+00 0.000000000000000000e+00 0.000000000000000000e+00 0.000000000000000000e+00 3.420665476969383802e-10
1.000024999062554620e+01 2.813576332899105130e-14 1.002840223670168553e-10 9.009678199550558651e-11 0.000000000000000000e+00 0.000000000000000000e+00 0.000000000000000000e+00 0.000000000000000000e+00 0.000000000000000000e+00 0.000000000000000000e+00 0.000000000000000000e+00 3.120207628381527362e-10
1.047155248834291719e+01 2.947484867014766761e-14 9.151545842296398115e-11 8.217772299155530490e-11 0.000000000000000000e+00 0.000000000000000000e+00 0.000000000000000000e+00 0.000000000000000000e+00 0.000000000000000000e+00 0.000000000000000000e+00 0.000000000000000000e+00 2.846224519607636072e-10
1.096506703521533943e+01 3.080292385833765481e-14 8.351500980579305065e-11 7.495528396397849158e-11 0.000000000000000000e+00 0.000000000000000000e+00 0.000000000000000000e+00 0.000000000000000000e+00 0.000000000000000000e+00 0.000000000000000000e+00 0.000000000000000000e+00 2.596318198214345597e-10
1.148184046449759421e+01 2.975077660988462125e-14 7.625841599137238365e-11 6.836664927368461247e-11 0.000000000000000000e+00 0.000000000000000000e+00 0.000000000000000000e+00 0.000000000000000000e+00 0.000000000000000000e+00 0.000000000000000000e+00 0.000000000000000000e+00 2.368484153056381547e-10
1.202296894572384467e+01 3.099770483620953942e-14 6.959913825664744558e-11 6.235921598033479374e-11 0.000000000000000000e+00 0.000000000000000000e+00 0.000000000000000000e+00 0.000000000000000000e+00 0.000000000000000000e+00 0.000000000000000000e+00 0.000000000000000000e+00 2.160610226480519982e-10
1.258960030988072276e+01 3.160376926657415747e-14 6.354040419254274882e-11 5.688013585950272281e-11 0.000000000000000000e+00 0.000000000000000000e+00 0.000000000000000000e+00 0.000000000000000000e+00 0.000000000000000000e+00 0.000000000000000000e+00 0.000000000000000000e+00 1.971070840284080465e-10
1.318293648416360320e+01 3.198934110163741005e-14 5.801387160105416493e-11 5.188247788645133579e-11 0.000000000000000000e+00 0.000000000000000000e+00 0.000000000000000000e+00 0.000000000000000000e+00 0.000000000000000000e+00 0.000000000000000000e+00 0.000000000000000000e+00 1.798192334151889837e-10
1.380423604148067440e+01 3.249741004566889295e-14 5.297312628416379920e-11 4.732610022563773019e-11 0.000000000000000000e+00 0.000000000000000000e+00 0.000000000000000000e+00 0.000000000000000000e+00 0.000000000000000000e+00 0.000000000000000000e+00 0.000000000000000000e+00 1.640534310344719909e-10
1.445481687011284144e+01 3.345391402477054263e-14 4.837077418696895639e-11 4.316922758785872501e-11 0.000000000000000000e+00 0.000000000000000000e+00 0.000000000000000000e+00 0.000000000000000000e+00 0.000000000000000000e+00 0.000000000000000000e+00 0.000000000000000000e+00 1.496745668895413689e-10
1.513605896919212235e+01 3.419978284743958629e-14 4.417045995348388113e-11 3.937904904924660907e-11 0.000000000000000000e+00 0.000000000000000000e+00 0.000000000000000000e+00 0.000000000000000000e+00 0.000000000000000000e+00 0.000000000000000000e+00 0.000000000000000000e+00 1.365585236431073339e-10
1.584940737592843618e+01 3.510332506010662333e-14 4.034209378774053707e-11 3.592201773525178363e-11 0.000000000000000000e+00 0.000000000000000000e+00 0.000000000000000000e+00 0.000000000000000000e+00 0.000000000000000000e+00 0.000000000000000000e+00 0.000000000000000000e+00 1.245992828984142280e-10
1.659637523079382504e+01 3.594816647639772937e-14 3.684794786563124202e-11 3.276928643307100598e-11 0.000000000000000000e+00 0.000000000000000000e+00 0.000000000000000000e+00 0.000000000000000000e+00 0.000000000000000000e+00 0.000000000000000000e+00 0.000000000000000000e+00 1.136909742696764060e-10
1.737854698716593305e+01 3.712444430081485095e-14 3.365336173570631104e-11 2.989451868628190161e-11 0.000000000000000000e+00 0.000000000000000000e+00 0.000000000000000000e+00 0.000000000000000000e+00 0.000000000000000000e+00 0.000000000000000000e+00 0.000000000000000000e+00 1.037410806821924449e-10
1.819758177223910778e+01 3.756249736863817026e-14 3.075300784952406743e-11 2.727179736664526687e-11 0.000000000000000000e+00 0.000000000000000000e+00 0.000000000000000000e+00 0.000000000000000000e+00 0.000000000000000000e+00 0.000000000000000000e+00 0.000000000000000000e+00 9.466919550901339815e-11
1.905521690633197096e+01 3.851483650470999968e-14 2.809675191311533079e-11 2.488054864137200605e-11 0.000000000000000000e+00 0.000000000000000000e+00 0.000000000000000000e+00 0.000000000000000000e+00 0.000000000000000000e+00 0.000000000000000000e+00 0.000000000000000000e+00 8.639333802416043306e-11
1.995327158805684675e+01 3.937496021730149648e-14 2.567547340514175771e-11 2.269965184669351753e-11 0.000000000000000000e+00 0.000000000000000000e+00 0.000000000000000000e+00 0.000000000000000000e+00 0.000000000000000000e+00 0.000000000000000000e+00 0.000000000000000000e+00 7.884619901499806490e-11
2.089365075316769804e+01 4.043390798198533995e-14 2.346254569957955796e-11 2.071108042238707991e-11 0.000000000000000000e+00 0.000000000000000000e+00 0.000000000000000000e+00 0.000000000000000000e+00 0.000000000000000000e+00 0.000000000000000000e+00 0.000000000000000000e+00 7.196277694663555101e-11
2.187834911527197335e+01 4.099220085373103798e-14 2.145336717298651020e-11 1.889683109726616504e-11 0.000000000000000000e+00 0.000000000000000000e+00 0.000000000000000000e+00 0.000000000000000000e+00 0.000000000000000000e+00 0.000000000000000000e+00 0.000000000000000000e+00 6.568645233719085984e-11
2.290945539697756672e+01 4.186956618881847566e-14 1.961267270094609976e-11 1.724266330284699032e-11 0.000000000000000000e+00 0.000000000000000000e+00 0.000000000000000000e+00 0.000000000000000000e+00 0.000000000000000000e+00 0.000000000000000000e+00 0.000000000000000000e+00 5.996103600405473198e-11
2.398915676044964940e+01 4.240868838544699496e-14 1.794013634347240219e-11 1.573352577429531713e-11 0.000000000000000000e+00 0.000000000000000000e+00 0.000000000000000000e+00 0.000000000000000000e+00 0.000000000000000000e+00 0.000000000000000000e+00 0.000000000000000000e+00 5.474023416351616116e-11
2.511974344677568993e+01 4.316690910836827922e-14 1.640888588123995207e-11 1.435781328612251897e-11 0.000000000000000000e+00 0.000000000000000000e+00 0.000000000000000000e+00 0.000000000000000000e+00 0.000000000000000000e+00 0.000000000000000000e+00 0.000000000000000000e+00 4.997795983731269886e-11
2.630361363397931740e+01 4.378842209862746299e-14 1.501460108404463119e-11 1.310281967416303409e-11 0.000000000000000000e+00 0.000000000000000000e+00 0.000000000000000000e+00 0.000000000000000000e+00 0.000000000000000000e+00 0.000000000000000000e+00 0.000000000000000000e+00 4.563515266585205230e-11
2.754327852398788679e+01 4.429679229399758073e-14 1.374482677885015363e-11 1.195857122146913261e-11 0.000000000000000000e+00 0.000000000000000000e+00 0.000000000000000000e+00 0.000000000000000000e+00 0.000000000000000000e+00 0.000000000000000000e+00 0.000000000000000000e+00 4.167497299215137249e-11
2.884136766934421203e+01 4.498554576727459744e-14 1.258210319579882167e-11 1.091480117406362930e-11 0.000000000000000000e+00 0.000000000000000000e+00 0.000000000000000000e+00 0.000000000000000000e+00 0.000000000000000000e+00 0.000000000000000000e+00 0.000000000000000000e+00 3.806269098467359515e-11
3.020063455096109095e+01 4.554528093889608682e-14 1.152299845924063010e-11 9.962540073174999371e-12 0.000000000000000000e+00 0.000000000000000000e+00 0.000000000000000000e+00 0.000000000000000000e+00 0.000000000000000000e+00 0.000000000000000000e+00 0.000000000000000000e+00 3.476826283600035946e-11
3.162396241875041980e+01 4.617201689662890722e-14 1.055445817159727542e-11 9.094564755783315132e-12 0.000000000000000000e+00 0.000000000000000000e+00 0.000000000000000000e+00 0.000000000000000000e+00 0.000000000000000000e+00 0.000000000000000000e+00 0.000000000000000000e+00 3.176351414878053201e-11
3.311437040751560801e+01 4.670247695097683355e-14 9.672631732906071469e-12 8.302757244933457439e-12 0.000000000000000000e+00 0.000000000000000000e+00 0.000000000000000000e+00 0.000000000000000000e+00 0.000000000000000000e+00 0.000000000000000000e+00 0.000000000000000000e+00 2.902357294661499576e-11
3.467501994108030772e+01 4.726804200078139123e-14 8.866018833215201555e-12 7.580816395356798483e-12 0.000000000000000000e+00 0.000000000000000000e+00 0.000000000000000000e+00 0.000000000000000000e+00 0.000000000000000000e+00 0.000000000000000000e+00 0.000000000000000000e+00 2.652441465026920198e-11
3.630922143823793391e+01 4.768156202912908781e-14 8.133173949361728805e-12 6.922193515596141496e-12 0.000000000000000000e+00 0.000000000000000000e+00 0.000000000000000000e+00 0.000000000000000000e+00 0.000000000000000000e+00 0.000000000000000000e+00 0.000000000000000000e+00 2.424556215440885567e-11
3.802044133474613830e+01 4.809250523262160434e-14 7.463674794375828760e-12 6.321560839549412320e-12 0.000000000000000000e+00 0.000000000000000000e+00 0.000000000000000000e+00 0.000000000000000000e+00 0.000000000000000000e+00 0.000000000000000000e+00 0.000000000000000000e+00 2.216722644420748946e-11
3.981230943626162144e+01 4.853302298204916813e-14 6.851046130499437358e-12 5.774084227183557681e-12 0.000000000000000000e+00 0.000000000000000000e+00 0.000000000000000000e+00 0.000000000000000000e+00 0.000000000000000000e+00 0.000000000000000000e+00 0.000000000000000000e+00 2.027165030321861563e-11
4.168862661781172108e+01 4.889655933995801645e-14 6.293750175538268413e-12 5.274561826608316928e-12 0.000000000000000000e+00 0.000000000000000000e+00 0.000000000000000000e+00 0.000000000000000000e+00 0.000000000000000000e+00 0.000000000000000000e+00 0.000000000000000000e+00 1.854328514701640746e-11
4.365337288613498856e+01 4.922710559051503242e-14 5.784835232774313822e-12 4.818990840168233762e-12 0.000000000000000000e+00 0.000000000000000000e+00 0.000000000000000000e+00 0.000000000000000000e+00 0.000000000000000000e+00 0.000000000000000000e+00 0.000000000000000000e+00 1.696698195136809371e-11
4.571071582199255801e+01 4.950262467182474855e-14 5.321154489332339520e-12 4.403521725442638147e-12 0.000000000000000000e+00 0.000000000000000000e+00 0.000000000000000000e+00 0.000000000000000000e+00 0.000000000000000000e+00 0.000000000000000000e+00 0.000000000000000000e+00 1.552959022944478918e-11
4.786501942035751966e+01 4.975771717403896152e-14 4.897013618007079346e-12 4.024903366838609031e-12 0.000000000000000000e+00 0.000000000000000000e+00 0.000000000000000000e+00 0.000000000000000000e+00 0.000000000000000000e+00 0.000000000000000000e+00 0.000000000000000000e+00 1.421867971666608586e-11
5.012085334723456498e+01 4.996539898346866470e-14 4.510066485930375491e-12 3.679347508523636012e-12 0.000000000000000000e+00 0.000000000000000000e+00 0.000000000000000000e+00 0.000000000000000000e+00 0.000000000000000000e+00 0.000000000000000000e+00 0.000000000000000000e+00 1.302317579402861895e-11
5.248300263274455801e+01 5.012087836490830985e-14 4.158508439068435138e-12 3.364192838711597503e-12 0.000000000000000000e+00 0.000000000000000000e+00 0.000000000000000000e+00 0.000000000000000000e+00 0.000000000000000000e+00 0.000000000000000000e+00 0.000000000000000000e+00 1.193343471831300314e-11
5.495647782103555556e+01 5.025186971668735679e-14 3.835819829632143987e-12 3.076910683286667961e-12 0.000000000000000000e+00 0.000000000000000000e+00 0.000000000000000000e+00 0.000000000000000000e+00 0.000000000000000000e+00 0.000000000000000000e+00 0.000000000000000000e+00 1.093941273141690297e-11
5.754652559854947924e+01 5.031022671616378130e-14 3.543957745260330306e-12 2.814757696292653941e-12 0.000000000000000000e+00 0.000000000000000000e+00 0.000000000000000000e+00 0.000000000000000000e+00 0.000000000000000000e+00 0.000000000000000000e+00 0.000000000000000000e+00 1.003359458904008033e-11
6.025863992318909368e+01 5.033871025347137317e-14 3.275330256332958668e-12 2.575870633810305517e-12 0.000000000000000000e+00 0.000000000000000000e+00 0.000000000000000000e+00 0.000000000000000000e+00 0.000000000000000000e+00 0.000000000000000000e+00 0.000000000000000000e+00 9.207244060411699923e-12
6.309857367799257588e+01 5.030660439058865731e-14 3.032121621600702422e-12 2.357990305122352601e-12 0.000000000000000000e+00 0.000000000000000000e+00 0.000000000000000000e+00 0.000000000000000000e+00 0.000000000000000000e+00 0.000000000000000000e+00 0.000000000000000000e+00 8.454353579209899238e-12
6.607235087403454088e+01 5.022405100432925200e-14 2.809534028585226095e-12 2.159319267829848723e-12 0.000000000000000000e+00 0.000000000000000000e+00 0.000000000000000000e+00 0.000000000000000000e+00 0.000000000000000000e+00 0.000000000000000000e+00 0.000000000000000000e+00 7.767853462552932132e-12
6.918627942843887979e+01 5.007727443583384067e-14 2.607336065698241962e-12 1.978151659118720883e-12 0.000000000000000000e+00 0.000000000000000000e+00 0.000000000000000000e+00 0.000000000000000000e+00 0.000000000000000000e+00 0.000000000000000000e+00 0.000000000000000000e+00 7.142280269499611114e-12
7.244696454460721213e+01 4.986968834497006579e-14 2.422921640748125488e-12 1.812974438547383155e-12 0.000000000000000000e+00 0.000000000000000000e+00 0.000000000000000000e+00 0.000000000000000000e+00 0.000000000000000000e+00 0.000000000000000000e+00 0.000000000000000000e+00 6.572113535314384829e-12
7.586132272304500646e+01 4.960408111539899895e-14 2.256023074137915508e-12 1.662435611094329762e-12 0.000000000000000000e+00 0.000000000000000000e+00 0.000000000000000000e+00 0.000000000000000000e+00 0.000000000000000000e+00 0.000000000000000000e+00 0.000000000000000000e+00 6.052880178751301694e-12
7.943659643250535396e+01 4.926754359282432715e-14 2.102787061589960861e-12 1.525219492453622741e-12 0.000000000000000000e+00 0.000000000000000000e+00 0.000000000000000000e+00 0.000000000000000000e+00 0.000000000000000000e+00 0.000000000000000000e+00 0.000000000000000000e+00 5.579596316675000338e-12
8.318036947256955216e+01 4.886491155950003769e-14 1.963722468273746772e-12 1.400149152466255516e-12 0.000000000000000000e+00 0.000000000000000000e+00 0.000000000000000000e+00 0.000000000000000000e+00 0.000000000000000000e+00 0.000000000000000000e+00 0.000000000000000000e+00 5.148622217149908968e-12
8.710058306025237584e+01 4.839386913853461530e-14 1.838030560865028967e-12 1.286216105643448935e-12 0.000000000000000000e+00 0.000000000000000000e+00 0.000000000000000000e+00 0.000000000000000000e+00 0.000000000000000000e+00 0.000000000000000000e+00 0.000000000000000000e+00 4.756389626649134677e-12
9.120555267475383232e+01 4.784865476935368954e-14 1.723865383308836352e-12 1.182429432183701438e-12 0.000000000000000000e+00 0.000000000000000000e+00 0.000000000000000000e+00 0.000000000000000000e+00 0.000000000000000000e+00 0.000000000000000000e+00 0.000000000000000000e+00 4.399395640333534169e-12
9.550398569608826449e+01 4.721147218428928126e-14 1.619339976306639245e-12 1.087987584047777579e-12 0.000000000000000000e+00 0.000000000000000000e+00 0.000000000000000000e+00 0.000000000000000000e+00 0.000000000000000000e+00 0.000000000000000000e+00 0.000000000000000000e+00 4.074409725079408981e-12
1.000049998750062343e+02 4.652538830465431600e-14 1.526350301796909350e-12 1.002019467539915444e-12 0.000000000000000000e+00 0.000000000000000000e+00 0.000000000000000000e+00 0.000000000000000000e+00 0.000000000000000000e+00 0.000000000000000000e+00 0.000000000000000000e+00 3.779311629859613102e-12
1.047181426733861684e+02 4.575075017236772157e-14 1.441645605205731843e-12 9.238835830923648226e-13 0.000000000000000000e+00 0.000000000000000000e+00 0.000000000000000000e+00 0.000000000000000000e+00 0.000000000000000000e+00 0.000000000000000000e+00 0.000000000000000000e+00 3.511033977524076720e-12
1.096534115161207410e+02 4.491176392525722703e-14 1.365680774454045585e-12 8.528972334006015844e-13 0.000000000000000000e+00 0.000000000000000000e+00 0.000000000000000000e+00 0.000000000000000000e+00 0.000000000000000000e+00 0.000000000000000000e+00 0.000000000000000000e+00 3.267564646646748456e-12
1.148212749974560154e+02 4.398383986569452699e-14 1.296806732411597795e-12 7.885530994050506268e-13 0.000000000000000000e+00 0.000000000000000000e+00 0.000000000000000000e+00 0.000000000000000000e+00 0.000000000000000000e+00 0.000000000000000000e+00 0.000000000000000000e+00 3.046614873691950043e-12
1.202326950867661139e+02 4.301641002939178862e-14 1.235842239431312838e-12 7.302866639726413002e-13 0.000000000000000000e+00 0.000000000000000000e+00 0.000000000000000000e+00 0.000000000000000000e+00 0.000000000000000000e+00 0.000000000000000000e+00 0.000000000000000000e+00 2.846660308071214101e-12
1.258991503808641426e+02 4.200242969569499562e-14 1.181639810184038369e-12 6.776472467744058421e-13 0.000000000000000000e+00 0.000000000000000000e+00 0.000000000000000000e+00 0.000000000000000000e+00 0.000000000000000000e+00 0.000000000000000000e+00 0.000000000000000000e+00 2.665818453484367022e-12
1.318326604521743093e+02 4.095837071181339682e-14 1.133794010808704688e-12 6.302527268313918341e-13 0.000000000000000000e+00 0.000000000000000000e+00 0.000000000000000000e+00 0.000000000000000000e+00 0.000000000000000000e+00 0.000000000000000000e+00 0.000000000000000000e+00 2.502591838804843482e-12
1.380458113444099411e+02 3.991807796009591362e-14 1.092037830669623364e-12 5.877622522245317100e-13 0.000000000000000000e+00 0.000000000000000000e+00 0.000000000000000000e+00 0.000000000000000000e+00 0.000000000000000000e+00 0.000000000000000000e+00 0.000000000000000000e+00 2.355647270766085735e-12
1.445517822698399470e+02 3.890196369855226362e-14 1.055853164832919734e-12 5.499168899320984736e-13 0.000000000000000000e+00 0.000000000000000000e+00 0.000000000000000000e+00 0.000000000000000000e+00 0.000000000000000000e+00 0.000000000000000000e+00 0.000000000000000000e+00 2.223681227908275725e-12
1.513643735647713129e+02 3.797942873651600978e-14 1.025633934455816204e-12 5.164684277790638397e-13 0.000000000000000000e+00 0.000000000000000000e+00 0.000000000000000000e+00 0.000000000000000000e+00 0.000000000000000000e+00 0.000000000000000000e+00 0.000000000000000000e+00 2.105741506844019616e-12
1.584980359625488120e+02 3.718020106843519260e-14 1.000692621622378767e-12 4.872365225557431520e-13 0.000000000000000000e+00 0.000000000000000000e+00 0.000000000000000000e+00 0.000000000000000000e+00 0.000000000000000000e+00 0.000000000000000000e+00 0.000000000000000000e+00 2.000658682475697012e-12
1.659679012461640184e+02 3.664121869027117456e-14 9.819027032792303413e-13 4.620833770041749323e-13 0.000000000000000000e+00 0.000000000000000000e+00 0.000000000000000000e+00 0.000000000000000000e+00 0.000000000000000000e+00 0.000000000000000000e+00 0.000000000000000000e+00 1.907910266112319794e-12
1.737898143454918340e+02 3.635932423110933343e-14 9.679903820957287808e-13 4.411701981767756302e-13 0.000000000000000000e+00 0.000000000000000000e+00 0.000000000000000000e+00 0.000000000000000000e+00 0.000000000000000000e+00 0.000000000000000000e+00 0.000000000000000000e+00 1.826189848053056986e-12
1.819803669472416630e+02 3.651262885856492047e-14 9.600468886955489732e-13 4.243738217033667610e-13 0.000000000000000000e+00 0.000000000000000000e+00 0.000000000000000000e+00 0.000000000000000000e+00 0.000000000000000000e+00 0.000000000000000000e+00 0.000000000000000000e+00 1.755112157116929118e-12
1.905569326889140314e+02 3.721690121571834456e-14 9.581067699305008315e-13 4.119792815258807049e-13 0.000000000000000000e+00 0.000000000000000000e+00 0.000000000000000000e+00 0.000000000000000000e+00 0.000000000000000000e+00 0.000000000000000000e+00 0.000000000000000000e+00 1.693951624617690284e-12
1.995377040114145757e+02 3.859880528115121452e-14 9.625257560567179338e-13 4.042172384149465646e-13 0.000000000000000000e+00 0.000000000000000000e+00 0.000000000000000000e+00 0.000000000000000000e+00 0.000000000000000000e+00 0.000000000000000000e+00 0.000000000000000000e+00 1.641853278292531025e-12
2.089417307484988271e+02 4.080073008080950523e-14 9.738386950967985417e-13 4.016290313180911637e-13 0.000000000000000000e+00 0.000000000000000000e+00 0.000000000000000000e+00 0.000000000000000000e+00 0.000000000000000000e+00 0.000000000000000000e+00 0.000000000000000000e+00 1.597995738029738520e-12
2.187889605349009798e+02 4.401211241543349400e-14 9.930527113359511383e-13 4.049040953892673112e-13 0.000000000000000000e+00 0.000000000000000000e+00 0.000000000000000000e+00 0.000000000000000000e+00 0.000000000000000000e+00 0.000000000000000000e+00 0.000000000000000000e+00 1.561846937312634810e-12
2.291002811188612895e+02 4.831039447931606042e-14 1.021101625721510804e-12 4.149629416702299073e-13 0.000000000000000000e+00 0.000000000000000000e+00 0.000000000000000000e+00 0.000000000000000000e+00 0.000000000000000000e+00 0.000000000000000000e+00 0.000000000000000000e+00 1.531905997960223294e-12
2.398975646688014933e+02 5.377940173891601308e-14 1.059285584152271319e-12 4.332823467066894847e-13 0.000000000000000000e+00 0.000000000000000000e+00 0.000000000000000000e+00 0.000000000000000000e+00 0.000000000000000000e+00 0.000000000000000000e+00 0.000000000000000000e+00 1.506843198375181299e-12
2.512037141681347236e+02 6.037308704416502030e-14 1.108460752830553626e-12 4.615531584267551571e-13 0.000000000000000000e+00 0.000000000000000000e+00 0.000000000000000000e+00 0.000000000000000000e+00 0.000000000000000000e+00 0.000000000000000000e+00 0.000000000000000000e+00 1.484751508480609420e-12
2.630427119966196869e+02 6.787879933607480662e-14 1.169591001081099857e-12 5.021464459224958748e-13 0.000000000000000000e+00 0.000000000000000000e+00 0.000000000000000000e+00 0.000000000000000000e+00 0.000000000000000000e+00 0.000000000000000000e+00 0.000000000000000000e+00 1.462797733152789544e-12
2.754396708013068178e+02 7.590429561420611645e-14 1.241989382248679315e-12 5.568473180229525311e-13 0.000000000000000000e+00 0.000000000000000000e+00 0.000000000000000000e+00 0.000000000000000000e+00 0.000000000000000000e+00 0.000000000000000000e+00 0.000000000000000000e+00 1.437692222830648947e-12
2.884208867649872445e+02 8.377719499458107220e-14 1.321992831439797483e-12 6.269705439278812064e-13 0.000000000000000000e+00 0.000000000000000000e+00 0.000000000000000000e+00 0.000000000000000000e+00 0.000000000000000000e+00 0.000000000000000000e+00 0.000000000000000000e+00 1.405346201027294800e-12
3.020138953851341626e+02 9.063242244943510496e-14 1.399750607971082060e-12 7.098023898370072017e-13 0.000000000000000000e+00 0.000000000000000000e+00 0.000000000000000000e+00 0.000000000000000000e+00 0.000000000000000000e+00 0.000000000000000000e+00 0.000000000000000000e+00 1.362022244180630680e-12
3.162475298816517011e+02 9.551133682874201516e-14 1.458773861730167138e-12 7.968133940448249162e-13 0.000000000000000000e+00 0.000000000000000000e+00 0.000000000000000000e+00 0.000000000000000000e+00 0.000000000000000000e+00 0.000000000000000000e+00 0.000000000000000000e+00 1.304709906607989620e-12
3.311519823573290182e+02 9.756700648166366703e-14 1.476205277531448663e-12 8.705776377951923683e-13 0.000000000000000000e+00 0.000000000000000000e+00 0.000000000000000000e+00 0.000000000000000000e+00 0.000000000000000000e+00 0.000000000000000000e+00 0.000000000000000000e+00 1.233065529843406390e-12
3.467588678407289535e+02 9.628807908207894300e-14 1.432451401189899534e-12 9.095381389601405047e-13 0.000000000000000000e+00 0.000000000000000000e+00 0.000000000000000000e+00 0.000000000000000000e+00 0.000000000000000000e+00 0.000000000000000000e+00 0.000000000000000000e+00 1.149542923524108080e-12
3.631012913473597905e+02 9.168577089368540147e-14 1.324838829129074951e-12 8.978282559499157216e-13 0.000000000000000000e+00 0.000000000000000000e+00 0.000000000000000000e+00 0.000000000000000000e+00 0.000000000000000000e+00 0.000000000000000000e+00 0.000000000000000000e+00 1.058922249102485591e-12
3.802139181013744178e+02 8.433759212116713062e-14 1.173250361894202163e-12 8.373592954515654244e-13 0.000000000000000000e+00 0.000000000000000000e+00 0.000000000000000000e+00 0.000000000000000000e+00 0.000000000000000000e+00 0.000000000000000000e+00 0.000000000000000000e+00 9.656026668282598827e-13
3.981330470667566601e+02 7.518596150716225512e-14 1.009216487149112859e-12 7.456051857170082913e-13 0.000000000000000000e+00 0.000000000000000000e+00 0.000000000000000000e+00 0.000000000000000000e+00 0.000000000000000000e+00 0.000000000000000000e+00 0.000000000000000000e+00 8.735157091416674599e-13
4.168966879439635704e+02 6.528125772406705887e-14 8.585081906155778047e-13 6.437645231199200096e-13 0.000000000000000000e+00 0.000000000000000000e+00 0.000000000000000000e+00 0.000000000000000000e+00 0.000000000000000000e+00 0.000000000000000000e+00 0.000000000000000000e+00 7.857298998740574786e-13
4.365446417953451146e+02 5.558515100027376807e-14 7.345740927775187409e-13 5.475149587666052181e-13 0.000000000000000000e+00 0.000000000000000000e+00 0.000000000000000000e+00 0.000000000000000000e+00 0.000000000000000000e+00 0.000000000000000000e+00 0.000000000000000000e+00 7.050722116431999284e-13
4.571185854703683162e+02 4.680235645985117839e-14 6.404007642636414710e-13 4.652220258276237565e-13 0.000000000000000000e+00 0.000000000000000000e+00 0.000000000000000000e+00 0.000000000000000000e+00 0.000000000000000000e+00 0.000000000000000000e+00 0.000000000000000000e+00 6.334640290673340207e-13
4.786621600097219016e+02 3.938333382518571386e-14 5.733671636461269844e-13 3.996230528253132447e-13 0.000000000000000000e+00 0.000000000000000000e+00 0.000000000000000000e+00 0.000000000000000000e+00 0.000000000000000000e+00 0.000000000000000000e+00 0.000000000000000000e+00 5.719241610078171974e-13
5.012210632158268595e+02 3.357351516102176477e-14 5.287798623888965938e-13 3.509663290234114138e-13 0.000000000000000000e+00 0.000000000000000000e+00 0.000000000000000000e+00 0.000000000000000000e+00 0.000000000000000000e+00 0.000000000000000000e+00 0.000000000000000000e+00 5.203631321515865853e-13
5.248431465861045808e+02 2.947292323156312344e-14 5.023148854310233801e-13 3.185518983859921802e-13 0.000000000000000000e+00 0.000000000000000000e+00 0.000000000000000000e+00 0.000000000000000000e+00 0.000000000000000000e+00 0.000000000000000000e+00 0.000000000000000000e+00 4.780087696365956428e-13
5.495785168146238675e+02 2.702237461201168809e-14 4.897695493556631432e-13 3.013964350783258352e-13 0.000000000000000000e+00 0.000000000000000000e+00 0.000000000000000000e+00 0.000000000000000000e+00 0.000000000000000000e+00 0.000000000000000000e+00 0.000000000000000000e+00 4.433391590869709816e-13
5.754796420774272292e+02 2.597466545570515539e-14 4.867844611789516904e-13 2.980726616900809094e-13 0.000000000000000000e+00 0.000000000000000000e+00 0.000000000000000000e+00 0.000000000000000000e+00 0.000000000000000000e+00 0.000000000000000000e+00 0.000000000000000000e+00 4.141552291047476205e-13
6.026014633269801379e+02 2.585544861812716725e-14 4.874566598115600326e-13 3.054654722737632263e-13 0.000000000000000000e+00 0.000000000000000000e+00 0.000000000000000000e+00 0.000000000000000000e+00 0.000000000000000000e+00 0.000000000000000000e+00 0.000000000000000000e+00 3.880129655057533370e-13
6.310015108318302737e+02 2.598054541040138952e-14 4.833064534840371388e-13 3.172693755308766945e-13 0.000000000000000000e+00 0.000000000000000000e+00 0.000000000000000000e+00 0.000000000000000000e+00 0.000000000000000000e+00 0.000000000000000000e+00 0.000000000000000000e+00 3.624480397410506498e-13
6.607400262086716793e+02 2.558406484097685923e-14 4.637734769443015993e-13 3.228737896124411476e-13 0.000000000000000000e+00 0.000000000000000000e+00 0.000000000000000000e+00 0.000000000000000000e+00 0.000000000000000000e+00 0.000000000000000000e+00 0.000000000000000000e+00 3.359403560260427010e-13
6.918800902056626683e+02 2.410815285713799583e-14 4.237834932893649425e-13 3.123143589438633585e-13 0.000000000000000000e+00 0.000000000000000000e+00 0.000000000000000000e+00 0.000000000000000000e+00 0.000000000000000000e+00 0.000000000000000000e+00 0.000000000000000000e+00 3.082848732406654577e-13
7.244877565080579416e+02 2.150596835786373447e-14 3.708092169077200061e-13 2.844242055127539417e-13 0.000000000000000000e+00 0.000000000000000000e+00 0.000000000000000000e+00 0.000000000000000000e+00 0.000000000000000000e+00 0.000000000000000000e+00 0.000000000000000000e+00 2.801766552647174369e-13
7.586321918499722869e+02 1.823695326273492323e-14 3.193754203335389633e-13 2.472952295658022027e-13 0.000000000000000000e+00 0.000000000000000000e+00 0.000000000000000000e+00 0.000000000000000000e+00 0.000000000000000000e+00 0.000000000000000000e+00 0.000000000000000000e+00 2.529071623818108221e-13
7.943858227294870176e+02 1.501137573361248809e-14 2.802327738576895193e-13 2.107245756509043803e-13 0.000000000000000000e+00 0.000000000000000000e+00 0.000000000000000000e+00 0.000000000000000000e+00 0.000000000000000000e+00 0.000000000000000000e+00 0.000000000000000000e+00 2.280086865313210706e-13
8.318244890382935637e+02 1.246904966708692778e-14 2.558605745228971881e-13 1.812707802885022153e-13 0.000000000000000000e+00 0.000000000000000000e+00 0.000000000000000000e+00 0.000000000000000000e+00 0.000000000000000000e+00 0.000000000000000000e+00 0.000000000000000000e+00 2.068246373364325539e-13
8.710276049317684510e+02 1.094736404921063080e-14 2.419997654092816004e-13 1.624781888774154047e-13 0.000000000000000000e+00 0.000000000000000000e+00 0.000000000000000000e+00 0.000000000000000000e+00 0.000000000000000000e+00 0.000000000000000000e+00 0.000000000000000000e+00 1.896533384990872249e-13
9.120783272807046842e+02 1.034800500777795791e-14 2.322479317244209103e-13 1.547037258828655003e-13 0.000000000000000000e+00 0.000000000000000000e+00 0.000000000000000000e+00 0.000000000000000000e+00 0.000000000000000000e+00 0.000000000000000000e+00 0.000000000000000000e+00 1.756885561489831236e-13
9.550637320620094215e+02 1.014515580814303497e-14 2.202081434351236494e-13 1.534563332590067712e-13 0.000000000000000000e+00 0.000000000000000000e+00 0.000000000000000000e+00 0.000000000000000000e+00 0.000000000000000000e+00 0.000000000000000000e+00 0.000000000000000000e+00 1.632427554626528190e-13
1.000074999062538950e+03 9.655361161989138569e-15 2.010080242547084401e-13 1.503145152192658641e-13 0.000000000000000000e+00 0.000000000000000000e+00 0.000000000000000000e+00 0.000000000000000000e+00 0.000000000000000000e+00 0.000000000000000000e+00 0.000000000000000000e+00 1.506978691636085933e-13
1.047207605287854676e+03 8.483972530292310852e-15 1.754283538315215974e-13 1.389514325129883942e-13 0.000000000000000000e+00 0.000000000000000000e+00 0.000000000000000000e+00 0.000000000000000000e+00 0.000000000000000000e+00 0.000000000000000000e+00 0.000000000000000000e+00 1.374740177921999920e-13
1.096561527486145678e+03 6.853113930609200129e-15 1.513552334901483024e-13 1.214043860378069838e-13 0.000000000000000000e+00 0.000000000000000000e+00 0.000000000000000000e+00 0.000000000000000000e+00 0.000000000000000000e+00 0.000000000000000000e+00 0.000000000000000000e+00 1.242158532446669218e-13
1.148241454216924012e+03 5.402091925296637570e-15 1.359236817858408709e-13 1.040972321712241394e-13 0.000000000000000000e+00 0.000000000000000000e+00 0.000000000000000000e+00 0.000000000000000000e+00 0.000000000000000000e+00 0.000000000000000000e+00 0.000000000000000000e+00 1.123596533433203373e-13
1.202357007914316910e+03 4.628432109647035003e-15 1.273036621789557165e-13 9.257887138838059919e-14 0.000000000000000000e+00 0.000000000000000000e+00 0.000000000000000000e+00 0.000000000000000000e+00 0.000000000000000000e+00 0.000000000000000000e+00 0.000000000000000000e+00 1.028227065749208459e-13
1.259022977416000913e+03 4.434622311226519203e-15 1.189018111782645019e-13 8.830156296407849539e-14 0.000000000000000000e+00 0.000000000000000000e+00 0.000000000000000000e+00 0.000000000000000000e+00 0.000000000000000000e+00 0.000000000000000000e+00 0.000000000000000000e+00 9.512629802865540862e-14
1.318359561450997035e+03 4.242869561522251809e-15 1.076977329319706005e-13 8.541589126472206005e-14 0.000000000000000000e+00 0.000000000000000000e+00 0.000000000000000000e+00 0.000000000000000000e+00 0.000000000000000000e+00 0.000000000000000000e+00 0.000000000000000000e+00 8.783277798317365499e-14
1.380492623602831372e+03 3.642572374354122411e-15 9.485262858280253671e-14 7.817806537698401983e-14 0.000000000000000000e+00 0.000000000000000000e+00 0.000000000000000000e+00 0.000000000000000000e+00 0.000000000000000000e+00 0.000000000000000000e+00 0.000000000000000000e+00 8.003968552232696176e-14
1.445553959288872875e+03 2.855797247373654147e-15 8.552753140593961672e-14 6.815451271520589692e-14 0.000000000000000000e+00 0.000000000000000000e+00 0.000000000000000000e+00 0.000000000000000000e+00 0.000000000000000000e+00 0.000000000000000000e+00 0.000000000000000000e+00 7.245232608787705459e-14
1.513681575322146045e+03 2.360634933780809319e-15 8.260737554836581635e-14 5.918063917942266279e-14 0.000000000000000000e+00 0.000000000000000000e+00 0.000000000000000000e+00 0.000000000000000000e+00 0.000000000000000000e+00 0.000000000000000000e+00 0.000000000000000000e+00 6.635875651464826405e-14
1.585019982648646192e+03 2.195655552581661577e-15 7.727761391640589956e-14 5.559329267097762119e-14 0.000000000000000000e+00 0.000000000000000000e+00 0.000000000000000000e+00 0.000000000000000000e+00 0.000000000000000000e+00 0.000000000000000000e+00 0.000000000000000000e+00 6.182269836230454240e-14
1.659720502881093125e+03 1.886310665568787208e-15 6.712542129804035692e-14 5.359774296556383849e-14 0.000000000000000000e+00 0.000000000000000000e+00 0.000000000000000000e+00 0.000000000000000000e+00 0.000000000000000000e+00 0.000000000000000000e+00 0.000000000000000000e+00 5.749038764668968187e-14
1.737941589279320169e+03 1.340692990826278504e-15 5.878991170471054219e-14 4.819678951824916075e-14 0.000000000000000000e+00 0.000000000000000000e+00 0.000000000000000000e+00 0.000000000000000000e+00 0.000000000000000000e+00 0.000000000000000000e+00 0.000000000000000000e+00 5.272446531625571182e-14
1.819849162858188720e+03 9.603197330925878172e-16 5.678279923511977174e-14 4.214745379628291885e-14 0.000000000000000000e+00 0.000000000000000000e+00 0.000000000000000000e+00 0.000000000000000000e+00 0.000000000000000000e+00 0.000000000000000000e+00 0.000000000000000000e+00 4.855253228866500329e-14
1.905616964335945568e+03 8.209743057237226098e-16 5.345332271130355017e-14 3.919673911977312336e-14 0.000000000000000000e+00 0.000000000000000000e+00 0.000000000000000000e+00 0.000000000000000000e+00 0.000000000000000000e+00 0.000000000000000000e+00 0.000000000000000000e+00 4.553904046086929320e-14
1.995426922669591704e+03 6.004756013719399990e-16 4.791499139968385468e-14 3.702610358798650238e-14 0.000000000000000000e+00 0.000000000000000000e+00 0.000000000000000000e+00 0.000000000000000000e+00 0.000000000000000000e+00 0.000000000000000000e+00 0.000000000000000000e+00 4.266647750798254296e-14
2.089469540958960806e+03 4.685361984950338554e-16 4.666689407011728523e-14 3.401903945037398711e-14 0.000000000000000000e+00 0.000000000000000000e+00 0.000000000000000000e+00 0.000000000000000000e+00 0.000000000000000000e+00 0.000000000000000000e+00 0.000000000000000000e+00 3.984790219036687959e-14
2.187944300538116295e+03 4.961724317690646483e-16 5.098793404624002728e-14 3.079178223857201816e-14 0.000000000000000000e+00 0.000000000000000000e+00 0.000000000000000000e+00 0.000000000000000000e+00 0.000000000000000000e+00 0.000000000000000000e+00 0.000000000000000000e+00 3.819309447365823746e-14
2.291060084111202286e+03 1.847595079630760523e-16 4.477015676284124815e-14 3.160550758303928695e-14 0.000000000000000000e+00 0.000000000000000000e+00 0.000000000000000000e+00 0.000000000000000000e+00 0.000000000000000000e+00 0.000000000000000000e+00 0.000000000000000000e+00 3.722748191966337261e-14
2.399035618830273506e+03 -1.676206866820971556e-16 4.429300104803777546e-14 2.936165244789529831e-14 0.000000000000000000e+00 0.000000000000000000e+00 0.000000000000000000e+00 0.000000000000000000e+00 0.000000000000000000e+00 0.000000000000000000e+00 0.000000000000000000e+00 3.606957474510289077e-14
2.512099940254994181e+03 -1.657777022862890003e-16 5.047526710606654862e-14 2.791453517447398072e-14 0.000000000000000000e+00 0.000000000000000000e+00 0.000000000000000000e+00 0.000000000000000000e+00 0.000000000000000000e+00 0.000000000000000000e+00 0.000000000000000000e+00 3.540068288039963956e-14
2.630492878178314186e+03 -3.447802721519854859e-16 5.487798725551505582e-14 2.668901529149144884e-14 0.000000000000000000e+00 0.000000000000000000e+00 0.000000000000000000e+00 0.000000000000000000e+00 0.000000000000000000e+00 0.000000000000000000e+00 0.000000000000000000e+00 3.474246432139061991e-14
2.754465565348672044e+03 -2.301166782227477909e-16 5.245891332163709275e-14 2.802287409213983429e-14 0.000000000000000000e+00 0.000000000000000000e+00 0.000000000000000000e+00 0.000000000000000000e+00 0.000000000000000000e+00 0.000000000000000000e+00 0.000000000000000000e+00 3.470150429210012952e-14
2.884280970167778378e+03 -1.513641086615393400e-16 4.684630861319544599e-14 2.969592776152490929e-14 0.000000000000000000e+00 0.000000000000000000e+00 0.000000000000000000e+00 0.000000000000000000e+00 0.000000000000000000e+00 0.000000000000000000e+00 0.000000000000000000e+00 3.499127984270897449e-14
3.020214454493972880e+03 -3.179725164784829198e-16 4.428096720749124195e-14 2.813049394994516802e-14 0.000000000000000000e+00 0.000000000000000000e+00 0.000000000000000000e+00 0.000000000000000000e+00 0.000000000000000000e+00 0.000000000000000000e+00 0.000000000000000000e+00 3.395197473207839536e-14
3.162554357734339192e+03 -2.931523194581190366e-16 3.926047528540786020e-14 2.784202575249164646e-14 0.000000000000000000e+00 0.000000000000000000e+00 0.000000000000000000e+00 0.000000000000000000e+00 0.000000000000000000e+00 0.000000000000000000e+00 0.000000000000000000e+00 3.327469012366393815e-14
3.311602608464510467e+03 -4.353070863950392259e-16 3.418265762555969958e-14 2.922457119537276092e-14 0.000000000000000000e+00 0.000000000000000000e+00 0.000000000000000000e+00 0.000000000000000000e+00 0.000000000000000000e+00 0.000000000000000000e+00 0.000000000000000000e+00 3.446499315060844940e-14
3.467675364873574836e+03 1.011556161646889346e-16 3.426901092177028918e-14 3.774391473363637025e-14 0.000000000000000000e+00 0.000000000000000000e+00 0.000000000000000000e+00 0.000000000000000000e+00 0.000000000000000000e+00 0.000000000000000000e+00 0.000000000000000000e+00 3.761418715388150061e-14
3.631103685392558418e+03 2.527857375356839652e-16 4.300266888037644333e-14 3.850860538495570628e-14 0.000000000000000000e+00 0.000000000000000000e+00 0.000000000000000000e+00 0.000000000000000000e+00 0.000000000000000000e+00 0.000000000000000000e+00 0.000000000000000000e+00 4.137342189504923887e-14
3.802234230928971556e+03 9.630307270717423376e-17 3.990258845970876211e-14 4.337187635467713155e-14 0.000000000000000000e+00 0.000000000000000000e+00 0.000000000000000000e+00 0.000000000000000000e+00 0.000000000000000000e+00 0.000000000000000000e+00 0.000000000000000000e+00 4.646627657508819978e-14
3.981430000197057325e+03 6.782494511384628846e-16 5.321230525472920331e-14 5.419068098572490978e-14 0.000000000000000000e+00 0.000000000000000000e+00 0.000000000000000000e+00 0.000000000000000000e+00 0.000000000000000000e+00 0.000000000000000000e+00 0.000000000000000000e+00 5.255032463337077177e-14
4.169071099703442997e+03 1.045996319744859614e-15 5.143917675189730946e-14 6.312997922856020628e-14 0.000000000000000000e+00 0.000000000000000000e+00 0.000000000000000000e+00 0.000000000000000000e+00 0.000000000000000000e+00 0.000000000000000000e+00 0.000000000000000000e+00 5.942902336753212405e-14
4.365555550021532326e+03 1.311504341023732327e-15 6.963943596344723476e-14 6.564512576303650567e-14 0.000000000000000000e+00 0.000000000000000000e+00 0.000000000000000000e+00 0.000000000000000000e+00 0.000000000000000000e+00 0.000000000000000000e+00 0.000000000000000000e+00 6.339668812797986118e-14
4.571300130064813857e+03 1.515497381472629516e-15 6.307553896145827209e-14 6.098297108175487868e-14 0.000000000000000000e+00 0.000000000000000000e+00 0.000000000000000000e+00 0.000000000000000000e+00 0.000000000000000000e+00 0.000000000000000000e+00 0.000000000000000000e+00 6.194584485183599401e-14
4.786741261150024911e+03 1.807115746279849159e-15 6.171735468342300400e-14 5.645777514618245419e-14 0.000000000000000000e+00 0.000000000000000000e+00 0.000000000000000000e+00 0.000000000000000000e+00 0.000000000000000000e+00 0.000000000000000000e+00 0.000000000000000000e+00 5.914266831612211141e-14
5.012335932725398379e+03 1.860564031790267038e-15 6.389986296360038367e-14 5.158510907088307254e-14 0.000000000000000000e+00 0.000000000000000000e+00 0.000000000000000000e+00 0.000000000000000000e+00 0.000000000000000000e+00 0.000000000000000000e+00 0.000000000000000000e+00 5.515280929819570420e-14
5.248562671727574525e+03 2.097291205371864285e-15 6.256721980703643170e-14 4.945892933681905894e-14 0.000000000000000000e+00 0.000000000000000000e+00 0.000000000000000000e+00 0.000000000000000000e+00 0.000000000000000000e+00 0.000000000000000000e+00 0.000000000000000000e+00 5.370289833643239837e-14
5.495922557623443936e+03 2.443439171249556337e-15 6.344428520350861725e-14 5.108113993957771487e-14 0.000000000000000000e+00 0.000000000000000000e+00 0.000000000000000000e+00 0.000000000000000000e+00 0.000000000000000000e+00 0.000000000000000000e+00 0.000000000000000000e+00 5.761380636041396538e-14
5.754940285289983876e+03 2.439450732615729144e-15 5.428439112033658636e-14 6.035680189722980388e-14 0.000000000000000000e+00 0.000000000000000000e+00 0.000000000000000000e+00 0.000000000000000000e+00 0.000000000000000000e+00 0.000000000000000000e+00 0.000000000000000000e+00 6.728035055225090404e-14
6.026165277986574438e+03 3.132471832705592104e-16 7.613333513672059989e-14 7.351094902555083246e-14 0.000000000000000000e+00 0.000000000000000000e+00 0.000000000000000000e+00 0.000000000000000000e+00 0.000000000000000000e+00 0.000000000000000000e+00 0.000000000000000000e+00 8.486962570648425688e-14
6.310172852780722678e+03 3.449502301765620810e-16 1.035310125097646646e-13 9.832260443648645994e-14 0.000000000000000000e+00 0.000000000000000000e+00 0.000000000000000000e+00 0.000000000000000000e+00 0.000000000000000000e+00 0.000000000000000000e+00 0.000000000000000000e+00 1.175258543263237430e-13
6.607565440899192254e+03 4.445577573389070885e-16 1.742936683718978624e-13 1.556646997147706685e-13 0.000000000000000000e+00 0.000000000000000000e+00 0.000000000000000000e+00 0.000000000000000000e+00 0.000000000000000000e+00 0.000000000000000000e+00 0.000000000000000000e+00 1.828174277268153290e-13
6.918973865593180562e+03 6.085976116798917275e-16 3.038301647776729892e-13 2.760017175976897145e-13 0.000000000000000000e+00 0.000000000000000000e+00 0.000000000000000000e+00 0.000000000000000000e+00 0.000000000000000000e+00 0.000000000000000000e+00 0.000000000000000000e+00 3.218146716401597081e-13
7.245058680228029516e+03 9.670387613961268762e-16 6.445738725759706049e-13 5.450773181895625198e-13 0.000000000000000000e+00 0.000000000000000000e+00 0.000000000000000000e+00 0.000000000000000000e+00 0.000000000000000000e+00 0.000000000000000000e+00 0.000000000000000000e+00 6.440306932997509411e-13
7.586511569435923775e+03 1.725678805894822563e-15 1.772150336918708386e-12 1.262490325552191720e-12 0.000000000000000000e+00 0.000000000000000000e+00 0.000000000000000000e+00 0.000000000000000000e+00 0.000000000000000000e+00 0.000000000000000000e+00 0.000000000000000000e+00 1.544525324604094527e-12
7.944056816303618689e+03 4.781678163477273197e-15 3.923526441842950477e-11 3.753964330557660093e-12 0.000000000000000000e+00 0.000000000000000000e+00 0.000000000000000000e+00 0.000000000000000000e+00 0.000000000000000000e+00 0.000000000000000000e+00 0.000000000000000000e+00 4.684490879440555606e-12
8.318452838707295086e+03 1.059851949153962791e-14 4.001965867206487282e-01 4.435661898614258803e-12 0.000000000000000000e+00 0.000000000000000000e+00 0.000000000000000000e+00 0.000000000000000000e+00 0.000000000000000000e+00 0.000000000000000000e+00 0.000000000000000000e+00 1.979664157932990564e-11
8.710493798053517821e+03 2.671212610215855650e-14 1.305779051162577531e+00 1.159935267418560290e-11 0.000000000000000000e+00 0.000000000000000000e+00 0.000000000000000000e+00 0.000000000000000000e+00 0.000000000000000000e+00 0.000000000000000000e+00 0.000000000000000000e+00 1.197235285872317201e-10
9.121011283838632153e+03 6.761470764528767134e-14 4.821943674108936762e+00 3.906827212359738351e-11 0.000000000000000000e+00 0.000000000000000000e+00 0.000000000000000000e+00 0.000000000000000000e+00 0.000000000000000000e+00 0.000000000000000000e+00 0.000000000000000000e+00 8.572773521794039280e-10
9.550876077599908967e+03 2.310436923601168054e-13 2.574243822766837297e+01 2.194232930718617918e-10 0.000000000000000000e+00 0.000000000000000000e+00 0.000000000000000000e+00 0.000000000000000000e+00 0.000000000000000000e+00 0.000000000000000000e+00 0.000000000000000000e+00 8.577287420901787284e-09
1.000099999999999818e+04 0.000000000000000000e+00 0.000000000000000000e+00 0.000000000000000000e+00 0.000000000000000000e+00 0.000000000000000000e+00 0.000000000000000000e+00 0.000000000000000000e+00 0.000000000000000000e+00 0.000000000000000000e+00 0.000000000000000000e+00 0.000000000000000000e+00
