1.000000000000000000e+00 2.972528947826103742e-10 5.478040782309542448e-09 8.916993147483842316e-09 0.000000000000000000e+00 0.000000000000000000e+00 0.000000000000000000e+00 0.000000000000000000e+00 0.000000000000000000e+00 0.000000000000000000e+00 0.000000000000000000e+00 2.315490737713612715e-08
1.050764177711297709e+00 2.692329957017123199e-10 4.961558642908783228e-09 8.076267106280249453e-09 0.000000000000000000e+00 0.000000000000000000e+00 0.000000000000000000e+00 0.000000000000000000e+00 0.000000000000000000e+00 0.000000000000000000e+00 0.000000000000000000e+00 2.097175751474344348e-08
1.104105357161299317e+00 2.438583190782779018e-10 4.493793734228581535e-09 7.314831847180350392e-09 0.000000000000000000e+00 0.000000000000000000e+00 0.000000000000000000e+00 0.000000000000000000e+00 0.000000000000000000e+00 0.000000000000000000e+00 0.000000000000000000e+00 1.899450573588835777e-08
1.160154357724231255e+00 2.208760332779779432e-10 4.070133596960303771e-09 6.625189090380271295e-09 0.000000000000000000e+00 0.000000000000000000e+00 0.000000000000000000e+00 0.000000000000000000e+00 0.000000000000000000e+00 0.000000000000000000e+00 0.000000000000000000e+00 1.720368612965819749e-08
1.219048639712280613e+00 2.000597615297588692e-10 3.686416491430324373e-09 6.000564514396454448e-09 0.000000000000000000e+00 0.000000000000000000e+00 0.000000000000000000e+00 0.000000000000000000e+00 0.000000000000000000e+00 0.000000000000000000e+00 0.000000000000000000e+00 1.558170846267398264e-08
1.280932641497350311e+00 1.812045177048484276e-10 3.338871818280997000e-09 5.434823212469967187e-09 0.000000000000000000e+00 0.000000000000000000e+00 0.000000000000000000e+00 0.000000000000000000e+00 0.000000000000000000e+00 0.000000000000000000e+00 0.000000000000000000e+00 1.411264138677067734e-08
1.345958133746523622e+00 1.641256550428763500e-10 3.024089569154491541e-09 4.922415153787541894e-09 0.000000000000000000e+00 0.000000000000000000e+00 0.000000000000000000e+00 0.000000000000000000e+00 0.000000000000000000e+00 0.000000000000000000e+00 0.000000000000000000e+00 1.278207024886112447e-08
1.414284591639998645e+00 1.486558903646405488e-10 2.738982150118963719e-09 4.458313150787752071e-09 0.000000000000000000e+00 0.000000000000000000e+00 0.000000000000000000e+00 0.000000000000000000e+00 0.000000000000000000e+00 0.000000000000000000e+00 0.000000000000000000e+00 1.157693951194872381e-08
1.486079585984361406e+00 1.346435367656487266e-10 2.480750953258943168e-09 4.037963061499852123e-09 0.000000000000000000e+00 0.000000000000000000e+00 0.000000000000000000e+00 0.000000000000000000e+00 0.000000000000000000e+00 0.000000000000000000e+00 0.000000000000000000e+00 1.048542164044208568e-08
1.561519194180403192e+00 1.219513792256355656e-10 2.246863183917318037e-09 3.657240794397209089e-09 0.000000000000000000e+00 0.000000000000000000e+00 0.000000000000000000e+00 0.000000000000000000e+00 0.000000000000000000e+00 0.000000000000000000e+00 0.000000000000000000e+00 9.496807028061611226e-09
1.640788432053379431e+00 1.104552065555374825e-10 2.035024448201769362e-09 3.312412160223517277e-09 0.000000000000000000e+00 0.000000000000000000e+00 0.000000000000000000e+00 0.000000000000000000e+00 0.000000000000000000e+00 0.000000000000000000e+00 0.000000000000000000e+00 8.601397104067231768e-09
1.724081707604778524e+00 1.000422137090912636e-10 1.843155629668208183e-09 3.000092342304512168e-09 0.000000000000000000e+00 0.000000000000000000e+00 0.000000000000000000e+00 0.000000000000000000e+00 0.000000000000000000e+00 0.000000000000000000e+00 0.000000000000000000e+00 7.790402915840153039e-09
1.811603297798424883e+00 9.061056144518541828e-11 1.669375160250859505e-09 2.717217855531882004e-09 0.000000000000000000e+00 0.000000000000000000e+00 0.000000000000000000e+00 0.000000000000000000e+00 0.000000000000000000e+00 0.000000000000000000e+00 0.000000000000000000e+00 7.055868855267949363e-09
1.903567849550236835e+00 8.206775390453338252e-11 1.511977633271945353e-09 2.461013050417143982e-09 0.000000000000000000e+00 0.000000000000000000e+00 0.000000000000000000e+00 0.000000000000000000e+00 0.000000000000000000e+00 0.000000000000000000e+00 0.000000000000000000e+00 6.390586713287446103e-09
2.000200906150317870e+00 7.433004547094916541e-11 1.369418534819716193e-09 2.228963363728488693e-09 0.000000000000000000e+00 0.000000000000000000e+00 0.000000000000000000e+00 0.000000000000000000e+00 0.000000000000000000e+00 0.000000000000000000e+00 0.000000000000000000e+00 5.788027232807829211e-09
2.101739460408431182e+00 6.732518585029399793e-11 1.240313108672198337e-09 2.018813219423461579e-09 0.000000000000000000e+00 0.000000000000000000e+00 0.000000000000000000e+00 0.000000000000000000e+00 0.000000000000000000e+00 0.000000000000000000e+00 0.000000000000000000e+00 5.242322108441082843e-09
2.208432535879451208e+00 6.098219156891365189e-11 1.123386461800011946e-09 1.828485630948473552e-09 0.000000000000000000e+00 0.000000000000000000e+00 0.000000000000000000e+00 0.000000000000000000e+00 0.000000000000000000e+00 0.000000000000000000e+00 0.000000000000000000e+00 4.748087976439499474e-09
2.320541797594247502e+00 5.523701618231406209e-11 1.017483491098062330e-09 1.656102073036285570e-09 0.000000000000000000e+00 0.000000000000000000e+00 0.000000000000000000e+00 0.000000000000000000e+00 0.000000000000000000e+00 0.000000000000000000e+00 0.000000000000000000e+00 4.300451611582754173e-09
2.438342193793815671e+00 5.003302393144357606e-11 9.215643543332536861e-10 1.499968873194201231e-09 0.000000000000000000e+00 0.000000000000000000e+00 0.000000000000000000e+00 0.000000000000000000e+00 0.000000000000000000e+00 0.000000000000000000e+00 0.000000000000000000e+00 3.895016125715020777e-09
2.562122630240520227e+00 4.531886686168301025e-11 8.346861786045120630e-10 1.358552091636277229e-09 0.000000000000000000e+00 0.000000000000000000e+00 0.000000000000000000e+00 0.000000000000000000e+00 0.000000000000000000e+00 0.000000000000000000e+00 0.000000000000000000e+00 3.527798426590699412e-09
2.692186678760187579e+00 4.104848667764847986e-11 7.559966335473521209e-10 1.230465094138979593e-09 0.000000000000000000e+00 0.000000000000000000e+00 0.000000000000000000e+00 0.000000000000000000e+00 0.000000000000000000e+00 0.000000000000000000e+00 0.000000000000000000e+00 3.195196312530681527e-09
2.828853321752757388e+00 3.718019872394715288e-11 6.847245361536418418e-10 1.114451875174128954e-09 0.000000000000000000e+00 0.000000000000000000e+00 0.000000000000000000e+00 0.000000000000000000e+00 0.000000000000000000e+00 0.000000000000000000e+00 0.000000000000000000e+00 2.893947810622174945e-09
2.972457734497409021e+00 3.367603053874097786e-11 6.201699429401141029e-10 1.009374120681797778e-09 0.000000000000000000e+00 0.000000000000000000e+00 0.000000000000000000e+00 0.000000000000000000e+00 0.000000000000000000e+00 0.000000000000000000e+00 0.000000000000000000e+00 2.621096120472047636e-09
3.123352107170756842e+00 3.050359583643632956e-11 5.617068545435555005e-10 9.142122819424935780e-10 0.000000000000000000e+00 0.000000000000000000e+00 0.000000000000000000e+00 0.000000000000000000e+00 0.000000000000000000e+00 0.000000000000000000e+00 0.000000000000000000e+00 2.373987499294569225e-09
3.281906508594128358e+00 2.763133887126027185e-11 5.087600126499861596e-10 8.280294454427022998e-10 0.000000000000000000e+00 0.000000000000000000e+00 0.000000000000000000e+00 0.000000000000000000e+00 0.000000000000000000e+00 0.000000000000000000e+00 0.000000000000000000e+00 2.150191449716524008e-09
3.448509793828264947e+00 2.502967206859597285e-11 4.608048150016562177e-10 7.499711826695336556e-10 0.000000000000000000e+00 0.000000000000000000e+00 0.000000000000000000e+00 0.000000000000000000e+00 0.000000000000000000e+00 0.000000000000000000e+00 0.000000000000000000e+00 1.947494377531493219e-09
3.623570557841313544e+00 2.267281580415754983e-11 4.173696033965071000e-10 6.792697961959680139e-10 0.000000000000000000e+00 0.000000000000000000e+00 0.000000000000000000e+00 0.000000000000000000e+00 0.000000000000000000e+00 0.000000000000000000e+00 0.000000000000000000e+00 1.763903385289135361e-09
3.807518137588995710e+00 2.053753459976431761e-11 3.780273711981822384e-10 6.152308670036033741e-10 0.000000000000000000e+00 0.000000000000000000e+00 0.000000000000000000e+00 0.000000000000000000e+00 0.000000000000000000e+00 0.000000000000000000e+00 0.000000000000000000e+00 1.597614973149564463e-09
4.000803664964552198e+00 1.860303889831605297e-11 3.423924739416902418e-10 5.572270752450486853e-10 0.000000000000000000e+00 0.000000000000000000e+00 0.000000000000000000e+00 0.000000000000000000e+00 0.000000000000000000e+00 0.000000000000000000e+00 0.000000000000000000e+00 1.446999051621930549e-09
4.203901173200823571e+00 1.685214877157147443e-11 3.101219427584130629e-10 5.046996162743521415e-10 0.000000000000000000e+00 0.000000000000000000e+00 0.000000000000000000e+00 0.000000000000000000e+00 0.000000000000000000e+00 0.000000000000000000e+00 0.000000000000000000e+00 1.310598894718096788e-09
4.417308759437922561e+00 1.526671386874768092e-11 2.808955652531895677e-10 4.571269223304892825e-10 0.000000000000000000e+00 0.000000000000000000e+00 0.000000000000000000e+00 0.000000000000000000e+00 0.000000000000000000e+00 0.000000000000000000e+00 0.000000000000000000e+00 1.187064117896271029e-09
4.641549806307700976e+00 1.383032714507300255e-11 2.544232898149891762e-10 4.140371274980915120e-10 0.000000000000000000e+00 0.000000000000000000e+00 0.000000000000000000e+00 0.000000000000000000e+00 0.000000000000000000e+00 0.000000000000000000e+00 0.000000000000000000e+00 1.075172070031344188e-09
4.877174265530944020e+00 1.252893255401730793e-11 2.304454973023196971e-10 3.750075779555081943e-10 0.000000000000000000e+00 0.000000000000000000e+00 0.000000000000000000e+00 0.000000000000000000e+00 0.000000000000000000e+00 0.000000000000000000e+00 0.000000000000000000e+00 9.738248531368264079e-10
5.124760006675324497e+00 1.135011066436506809e-11 2.087280318531665368e-10 3.396574549116068893e-10 0.000000000000000000e+00 0.000000000000000000e+00 0.000000000000000000e+00 0.000000000000000000e+00 0.000000000000000000e+00 0.000000000000000000e+00 0.000000000000000000e+00 8.820320984954865243e-10
5.384914234381941611e+00 1.028329515663023191e-11 1.890612537916191718e-10 3.076455576676980768e-10 0.000000000000000000e+00 0.000000000000000000e+00 0.000000000000000000e+00 0.000000000000000000e+00 0.000000000000000000e+00 0.000000000000000000e+00 0.000000000000000000e+00 7.989046790812330863e-10
5.658274977536201789e+00 9.316808513300814746e-12 1.712480516733021380e-10 2.786503972213273256e-10 0.000000000000000000e+00 0.000000000000000000e+00 0.000000000000000000e+00 0.000000000000000000e+00 0.000000000000000000e+00 0.000000000000000000e+00 0.000000000000000000e+00 7.236122300789092604e-10
5.945512654035238320e+00 8.440900041316149421e-12 1.551124261387302468e-10 2.523859604695090480e-10 0.000000000000000000e+00 0.000000000000000000e+00 0.000000000000000000e+00 0.000000000000000000e+00 0.000000000000000000e+00 0.000000000000000000e+00 0.000000000000000000e+00 6.554125027720502380e-10
6.247331714989451612e+00 7.647912717860053451e-12 1.404993082943900587e-10 2.285999828750135143e-10 0.000000000000000000e+00 0.000000000000000000e+00 0.000000000000000000e+00 0.000000000000000000e+00 0.000000000000000000e+00 0.000000000000000000e+00 0.000000000000000000e+00 5.936471013258713826e-10
6.564472372390602217e+00 6.930019827668172737e-12 1.272652824781374784e-10 2.070585682949210700e-10 0.000000000000000000e+00 0.000000000000000000e+00 0.000000000000000000e+00 0.000000000000000000e+00 0.000000000000000000e+00 0.000000000000000000e+00 0.000000000000000000e+00 5.377092659521954487e-10
6.897712414483541998e+00 6.279338074910249166e-12 1.152774379033687051e-10 1.875454886381653909e-10 0.000000000000000000e+00 0.000000000000000000e+00 0.000000000000000000e+00 0.000000000000000000e+00 0.000000000000000000e+00 0.000000000000000000e+00 0.000000000000000000e+00 4.870402384830455095e-10
7.247869113293808674e+00 5.690192312910620184e-12 1.044204916129061235e-10 1.698733897829192269e-10 0.000000000000000000e+00 0.000000000000000000e+00 0.000000000000000000e+00 0.000000000000000000e+00 0.000000000000000000e+00 0.000000000000000000e+00 0.000000000000000000e+00 4.411508263125504740e-10
7.615801228989280247e+00 5.156728042212725889e-12 9.458770905357060318e-11 1.538683987504997809e-10 0.000000000000000000e+00 0.000000000000000000e+00 0.000000000000000000e+00 0.000000000000000000e+00 0.000000000000000000e+00 0.000000000000000000e+00 0.000000000000000000e+00 3.995900309071346412e-10
8.002411115991611368e+00 4.673226009632403914e-12 8.568086117005987580e-11 1.393704803758970542e-10 0.000000000000000000e+00 0.000000000000000000e+00 0.000000000000000000e+00 0.000000000000000000e+00 0.000000000000000000e+00 0.000000000000000000e+00 0.000000000000000000e+00 3.619439151578119576e-10
8.408646936002671879e+00 4.235644983900431441e-12 7.761503573556382868e-11 1.262415375782311693e-10 0.000000000000000000e+00 0.000000000000000000e+00 0.000000000000000000e+00 0.000000000000000000e+00 0.000000000000000000e+00 0.000000000000000000e+00 0.000000000000000000e+00 3.278513483148709920e-10
8.835504983373470012e+00 3.839170203222453129e-12 7.030924220115094050e-11 1.143495699419744257e-10 0.000000000000000000e+00 0.000000000000000000e+00 0.000000000000000000e+00 0.000000000000000000e+00 0.000000000000000000e+00 0.000000000000000000e+00 0.000000000000000000e+00 2.969715499814370714e-10
9.284032128518497018e+00 3.480068779979534223e-12 6.369215300137880415e-11 1.035788684074643086e-10 0.000000000000000000e+00 0.000000000000000000e+00 0.000000000000000000e+00 0.000000000000000000e+00 0.000000000000000000e+00 0.000000000000000000e+00 0.000000000000000000e+00 2.690031937466236413e-10
9.755328385368006394e+00 3.154956126270753695e-12 5.769954291669719924e-11 9.382451189353252270e-11 0.000000000000000000e+00 0.000000000000000000e+00 0.000000000000000000e+00 0.000000000000000000e+00 0.000000000000000000e+00 0.000000000000000000e+00 0.000000000000000000e+00 2.436736337249746613e-10
1.025054960915489133e+01 2.860301236544424384e-12 5.227125899229880046e-11 8.498876222768113220e-11 0.000000000000000000e+00 0.000000000000000000e+00 0.000000000000000000e+00 0.000000000000000000e+00 0.000000000000000000e+00 0.000000000000000000e+00 0.000000000000000000e+00 2.207300812832046551e-10
1.077091033115250163e+01 2.593586994408327260e-12 4.735533921541273638e-11 7.698698753392061531e-11 0.000000000000000000e+00 0.000000000000000000e+00 0.000000000000000000e+00 0.000000000000000000e+00 0.000000000000000000e+00 0.000000000000000000e+00 0.000000000000000000e+00 1.999516358711414222e-10
1.131768673731557939e+01 2.351936866153363516e-12 4.290270030483828272e-11 6.973918845728904906e-11 0.000000000000000000e+00 0.000000000000000000e+00 0.000000000000000000e+00 0.000000000000000000e+00 0.000000000000000000e+00 0.000000000000000000e+00 0.000000000000000000e+00 1.811313694873925570e-10
1.189221979812946373e+01 2.133112013459821059e-12 3.886996546012657934e-11 6.317510649896538869e-11 0.000000000000000000e+00 0.000000000000000000e+00 0.000000000000000000e+00 0.000000000000000000e+00 0.000000000000000000e+00 0.000000000000000000e+00 0.000000000000000000e+00 1.640862253927764622e-10
1.249591855734351853e+01 1.934883773846028609e-12 3.521741632631093536e-11 5.722971275630913562e-11 0.000000000000000000e+00 0.000000000000000000e+00 0.000000000000000000e+00 0.000000000000000000e+00 0.000000000000000000e+00 0.000000000000000000e+00 0.000000000000000000e+00 1.486478836403557944e-10
1.313026358765440627e+01 1.755336349796882513e-12 3.190920877201819080e-11 5.184482218929147859e-11 0.000000000000000000e+00 0.000000000000000000e+00 0.000000000000000000e+00 0.000000000000000000e+00 0.000000000000000000e+00 0.000000000000000000e+00 0.000000000000000000e+00 1.346649854191075546e-10
1.379681062181427542e+01 1.592733590717717508e-12 2.891298716084602202e-11 4.696781972099734525e-11 0.000000000000000000e+00 0.000000000000000000e+00 0.000000000000000000e+00 0.000000000000000000e+00 0.000000000000000000e+00 0.000000000000000000e+00 0.000000000000000000e+00 1.220008679646362216e-10
1.449719436806917372e+01 1.445525930607868611e-12 2.619957798186215805e-11 4.255103591756752418e-11 0.000000000000000000e+00 0.000000000000000000e+00 0.000000000000000000e+00 0.000000000000000000e+00 0.000000000000000000e+00 0.000000000000000000e+00 0.000000000000000000e+00 1.105315914257201338e-10
1.523313251928506062e+01 1.312069202979644542e-12 2.374153651137096615e-11 3.854994187230469487e-11 0.000000000000000000e+00 0.000000000000000000e+00 0.000000000000000000e+00 0.000000000000000000e+00 0.000000000000000000e+00 0.000000000000000000e+00 0.000000000000000000e+00 1.001422389207867121e-10
1.600642996559379228e+01 1.191275020488684676e-12 2.151549645448573274e-11 3.492661339575245895e-11 0.000000000000000000e+00 0.000000000000000000e+00 0.000000000000000000e+00 0.000000000000000000e+00 0.000000000000000000e+00 0.000000000000000000e+00 0.000000000000000000e+00 9.073343392429996982e-11
1.681898322089063669e+01 1.081873861828576045e-12 1.949944703501451773e-11 3.164495268241333190e-11 0.000000000000000000e+00 0.000000000000000000e+00 0.000000000000000000e+00 0.000000000000000000e+00 0.000000000000000000e+00 0.000000000000000000e+00 0.000000000000000000e+00 8.221190295415113602e-11
1.767278507403926113e+01 9.827496086007119982e-13 1.767337514429403098e-11 2.867251840686680045e-11 0.000000000000000000e+00 0.000000000000000000e+00 0.000000000000000000e+00 0.000000000000000000e+00 0.000000000000000000e+00 0.000000000000000000e+00 0.000000000000000000e+00 7.449348088754365101e-11
1.856992947619135848e+01 8.929836679719890701e-13 1.601945724501266809e-11 2.598043424704554413e-11 0.000000000000000000e+00 0.000000000000000000e+00 0.000000000000000000e+00 0.000000000000000000e+00 0.000000000000000000e+00 0.000000000000000000e+00 0.000000000000000000e+00 6.750292740573674588e-11
1.951261667620699924e+01 8.116927533961537041e-13 1.452161009244121469e-11 2.354224719954747261e-11 0.000000000000000000e+00 0.000000000000000000e+00 0.000000000000000000e+00 0.000000000000000000e+00 0.000000000000000000e+00 0.000000000000000000e+00 0.000000000000000000e+00 6.117171101056067248e-11
2.050315861677039919e+01 7.380448968987651384e-13 1.316494090875450676e-11 2.133388960224840803e-11 0.000000000000000000e+00 0.000000000000000000e+00 0.000000000000000000e+00 0.000000000000000000e+00 0.000000000000000000e+00 0.000000000000000000e+00 0.000000000000000000e+00 5.543731594708160460e-11
2.154398460443505670e+01 6.713367257965612708e-13 1.193620658222254825e-11 1.933374136439931367e-11 0.000000000000000000e+00 0.000000000000000000e+00 0.000000000000000000e+00 0.000000000000000000e+00 0.000000000000000000e+00 0.000000000000000000e+00 0.000000000000000000e+00 5.024361807078055294e-11
2.263764726750405742e+01 6.109180956773606108e-13 1.082333636904494636e-11 1.752222567304988059e-11 0.000000000000000000e+00 0.000000000000000000e+00 0.000000000000000000e+00 0.000000000000000000e+00 0.000000000000000000e+00 0.000000000000000000e+00 0.000000000000000000e+00 4.553969580745888541e-11
2.378682881635730340e+01 5.561877714835375850e-13 9.815395036613879056e-12 1.588148100546676202e-11 0.000000000000000000e+00 0.000000000000000000e+00 0.000000000000000000e+00 0.000000000000000000e+00 0.000000000000000000e+00 0.000000000000000000e+00 0.000000000000000000e+00 4.127926209332745949e-11
2.499434762157908096e+01 5.065954375109809174e-13 8.902449998448731306e-12 1.439535709503500681e-11 0.000000000000000000e+00 0.000000000000000000e+00 0.000000000000000000e+00 0.000000000000000000e+00 0.000000000000000000e+00 0.000000000000000000e+00 0.000000000000000000e+00 3.742038701381043518e-11
2.626316512601886899e+01 4.616756614529190237e-13 8.075593682796994382e-12 1.304938017085910596e-11 0.000000000000000000e+00 0.000000000000000000e+00 0.000000000000000000e+00 0.000000000000000000e+00 0.000000000000000000e+00 0.000000000000000000e+00 0.000000000000000000e+00 3.392540783163751745e-11
2.759639310773724574e+01 4.209949157612888775e-13 7.326786352432125912e-12 1.183037615278638063e-11 0.000000000000000000e+00 0.000000000000000000e+00 0.000000000000000000e+00 0.000000000000000000e+00 0.000000000000000000e+00 0.000000000000000000e+00 0.000000000000000000e+00 3.076013719958691440e-11
2.899730131164924885e+01 3.841477792638009797e-13 6.648622625422287717e-12 1.072636861261120578e-11 0.000000000000000000e+00 0.000000000000000000e+00 0.000000000000000000e+00 0.000000000000000000e+00 0.000000000000000000e+00 0.000000000000000000e+00 0.000000000000000000e+00 2.789343715465959110e-11
3.046932546858185376e+01 3.507637564451392062e-13 6.034401345809089615e-12 9.726437544542661472e-12 0.000000000000000000e+00 0.000000000000000000e+00 0.000000000000000000e+00 0.000000000000000000e+00 0.000000000000000000e+00 0.000000000000000000e+00 0.000000000000000000e+00 2.529702195367786543e-11
3.201607572141230662e+01 3.205098849799775023e-13 5.478086155914067068e-12 8.820746398152945571e-12 0.000000000000000000e+00 0.000000000000000000e+00 0.000000000000000000e+00 0.000000000000000000e+00 0.000000000000000000e+00 0.000000000000000000e+00 0.000000000000000000e+00 2.294535177782847139e-11
3.364134547895244509e+01 2.930994216767446916e-13 4.974216208839428136e-12 8.000467653079585337e-12 0.000000000000000000e+00 0.000000000000000000e+00 0.000000000000000000e+00 0.000000000000000000e+00 0.000000000000000000e+00 0.000000000000000000e+00 0.000000000000000000e+00 2.081544644276859210e-11
3.534912071929314692e+01 2.682658682481375621e-13 4.517963467924886581e-12 7.257575182296278567e-12 0.000000000000000000e+00 0.000000000000000000e+00 0.000000000000000000e+00 0.000000000000000000e+00 0.000000000000000000e+00 0.000000000000000000e+00 0.000000000000000000e+00 1.888652414340211073e-11
3.714358976542545321e+01 2.457512479605671687e-13 4.104672774409574901e-12 6.584671903910343207e-12 0.000000000000000000e+00 0.000000000000000000e+00 0.000000000000000000e+00 0.000000000000000000e+00 0.000000000000000000e+00 0.000000000000000000e+00 0.000000000000000000e+00 1.713935483512981537e-11
3.902915355711304812e+01 2.253508803248426589e-13 3.730439595178950443e-12 5.975274829362136357e-12 0.000000000000000000e+00 0.000000000000000000e+00 0.000000000000000000e+00 0.000000000000000000e+00 0.000000000000000000e+00 0.000000000000000000e+00 0.000000000000000000e+00 1.555708671615622759e-11
4.101043644420785483e+01 2.068548634518711752e-13 3.391488156514119887e-12 5.423328059626496294e-12 0.000000000000000000e+00 0.000000000000000000e+00 0.000000000000000000e+00 0.000000000000000000e+00 0.000000000000000000e+00 0.000000000000000000e+00 0.000000000000000000e+00 1.412399807225557679e-11
4.309229752787950218e+01 1.900879488016441543e-13 3.084553450778632008e-12 4.923457377370856958e-12 0.000000000000000000e+00 0.000000000000000000e+00 0.000000000000000000e+00 0.000000000000000000e+00 0.000000000000000000e+00 0.000000000000000000e+00 0.000000000000000000e+00 1.282613212697545272e-11
4.527984257757288589e+01 1.748813744086591815e-13 2.806586281992489650e-12 4.470731310593782701e-12 0.000000000000000000e+00 0.000000000000000000e+00 0.000000000000000000e+00 0.000000000000000000e+00 0.000000000000000000e+00 0.000000000000000000e+00 0.000000000000000000e+00 1.165068173947637317e-11
4.757843655292037255e+01 1.610946807113546915e-13 2.554905964255866704e-12 4.060764690703042085e-12 0.000000000000000000e+00 0.000000000000000000e+00 0.000000000000000000e+00 0.000000000000000000e+00 0.000000000000000000e+00 0.000000000000000000e+00 0.000000000000000000e+00 1.058622726835081675e-11
4.999371676131852382e+01 1.485778430813546823e-13 2.326980833567642665e-12 3.689443488427640721e-12 0.000000000000000000e+00 0.000000000000000000e+00 0.000000000000000000e+00 0.000000000000000000e+00 0.000000000000000000e+00 0.000000000000000000e+00 0.000000000000000000e+00 9.622138665888842313e-12
5.253160668343837614e+01 1.372182592898157701e-13 2.120609992466872814e-12 3.353180205117468142e-12 0.000000000000000000e+00 0.000000000000000000e+00 0.000000000000000000e+00 0.000000000000000000e+00 0.000000000000000000e+00 0.000000000000000000e+00 0.000000000000000000e+00 8.749059987890945706e-12
5.519833050057643220e+01 1.268985863155981148e-13 1.933757572794661206e-12 3.048648019888691063e-12 0.000000000000000000e+00 0.000000000000000000e+00 0.000000000000000000e+00 0.000000000000000000e+00 0.000000000000000000e+00 0.000000000000000000e+00 0.000000000000000000e+00 7.958367339718017587e-12
5.800042835947463260e+01 1.175249903978463196e-13 1.764591980416886133e-12 2.772898381900992862e-12 0.000000000000000000e+00 0.000000000000000000e+00 0.000000000000000000e+00 0.000000000000000000e+00 0.000000000000000000e+00 0.000000000000000000e+00 0.000000000000000000e+00 7.242359602266559718e-12
6.094477241204638318e+01 1.090033279853864556e-13 1.611472344745069336e-12 2.523220857361896458e-12 0.000000000000000000e+00 0.000000000000000000e+00 0.000000000000000000e+00 0.000000000000000000e+00 0.000000000000000000e+00 0.000000000000000000e+00 0.000000000000000000e+00 6.594006177728745959e-12
6.403858366934609592e+01 1.012479431491572351e-13 1.472862427169935503e-12 2.297140288473037241e-12 0.000000000000000000e+00 0.000000000000000000e+00 0.000000000000000000e+00 0.000000000000000000e+00 0.000000000000000000e+00 0.000000000000000000e+00 0.000000000000000000e+00 6.006877685499869025e-12
6.728944971111658901e+01 9.418423215222130535e-14 1.347418222312052278e-12 2.092456798107441780e-12 0.000000000000000000e+00 0.000000000000000000e+00 0.000000000000000000e+00 0.000000000000000000e+00 0.000000000000000000e+00 0.000000000000000000e+00 0.000000000000000000e+00 5.475240483750460846e-12
7.070534329434713072e+01 8.774621235328757504e-14 1.233928550545644304e-12 1.907188874860818210e-12 0.000000000000000000e+00 0.000000000000000000e+00 0.000000000000000000e+00 0.000000000000000000e+00 0.000000000000000000e+00 0.000000000000000000e+00 0.000000000000000000e+00 4.993919513472813586e-12
7.429464190647966859e+01 8.187207250886086268e-14 1.131264275921452557e-12 1.739518064018211997e-12 0.000000000000000000e+00 0.000000000000000000e+00 0.000000000000000000e+00 0.000000000000000000e+00 0.000000000000000000e+00 0.000000000000000000e+00 0.000000000000000000e+00 4.558164670425526735e-12
7.806614831121741815e+01 7.650183273394046001e-14 1.038417386186733888e-12 1.587784393225001670e-12 0.000000000000000000e+00 0.000000000000000000e+00 0.000000000000000000e+00 0.000000000000000000e+00 0.000000000000000000e+00 0.000000000000000000e+00 0.000000000000000000e+00 4.163665695846671730e-12
8.202911213732457441e+01 7.158656328163440739e-14 9.544877129677195408e-13 1.450526235427493047e-12 0.000000000000000000e+00 0.000000000000000000e+00 0.000000000000000000e+00 0.000000000000000000e+00 0.000000000000000000e+00 0.000000000000000000e+00 0.000000000000000000e+00 3.806577861822957617e-12
8.619325256336368568e+01 6.708140709469883468e-14 8.786583746345816403e-13 1.326412937730444399e-12 0.000000000000000000e+00 0.000000000000000000e+00 0.000000000000000000e+00 0.000000000000000000e+00 0.000000000000000000e+00 0.000000000000000000e+00 0.000000000000000000e+00 3.483400083512747443e-12
9.056878215400503507e+01 6.294276099479140650e-14 8.101818126879813616e-13 1.214224177435418276e-12 0.000000000000000000e+00 0.000000000000000000e+00 0.000000000000000000e+00 0.000000000000000000e+00 0.000000000000000000e+00 0.000000000000000000e+00 0.000000000000000000e+00 3.190932148528520860e-12
9.516643190636675342e+01 5.913531209087855527e-14 7.484027564350601521e-13 1.112889786543360770e-12 0.000000000000000000e+00 0.000000000000000000e+00 0.000000000000000000e+00 0.000000000000000000e+00 0.000000000000000000e+00 0.000000000000000000e+00 0.000000000000000000e+00 2.926323669145341333e-12
9.999747756781165720e+01 5.562541819588981703e-14 6.927181027394544853e-13 1.021429348039031486e-12 0.000000000000000000e+00 0.000000000000000000e+00 0.000000000000000000e+00 0.000000000000000000e+00 0.000000000000000000e+00 0.000000000000000000e+00 0.000000000000000000e+00 2.686964737670126174e-12
1.050737672897454900e+02 5.238388873926071460e-14 6.425957818403527007e-13 9.389686574064437514e-13 0.000000000000000000e+00 0.000000000000000000e+00 0.000000000000000000e+00 0.000000000000000000e+00 0.000000000000000000e+00 0.000000000000000000e+00 0.000000000000000000e+00 2.470500885584450975e-12
1.104077506852377155e+02 4.938541399285618649e-14 5.975523728401551560e-13 8.647199922501130088e-13 0.000000000000000000e+00 0.000000000000000000e+00 0.000000000000000000e+00 0.000000000000000000e+00 0.000000000000000000e+00 0.000000000000000000e+00 0.000000000000000000e+00 2.274787647812256823e-12
1.160125093617276946e+02 4.661050174448550498e-14 5.571705660348958232e-13 7.979985122918893370e-13 0.000000000000000000e+00 0.000000000000000000e+00 0.000000000000000000e+00 0.000000000000000000e+00 0.000000000000000000e+00 0.000000000000000000e+00 0.000000000000000000e+00 2.097910040227376357e-12
1.219017890037000882e+02 4.404170828681446076e-14 5.210695272281596630e-13 7.381820263129178387e-13 0.000000000000000000e+00 0.000000000000000000e+00 0.000000000000000000e+00 0.000000000000000000e+00 0.000000000000000000e+00 0.000000000000000000e+00 0.000000000000000000e+00 1.938104011081479646e-12
1.280900330840089509e+02 4.166878969548113421e-14 4.889297773981918689e-13 6.847451455151820299e-13 0.000000000000000000e+00 0.000000000000000000e+00 0.000000000000000000e+00 0.000000000000000000e+00 0.000000000000000000e+00 0.000000000000000000e+00 0.000000000000000000e+00 1.793801884167902194e-12
1.345924182865316538e+02 3.948432886648092089e-14 4.604668344232763144e-13 6.372195811416852281e-13 0.000000000000000000e+00 0.000000000000000000e+00 0.000000000000000000e+00 0.000000000000000000e+00 0.000000000000000000e+00 0.000000000000000000e+00 0.000000000000000000e+00 1.663550699116748937e-12
1.414248917270223558e+02 3.748774978530265146e-14 4.354480023946080876e-13 5.952215798615992191e-13 0.000000000000000000e+00 0.000000000000000000e+00 0.000000000000000000e+00 0.000000000000000000e+00 0.000000000000000000e+00 0.000000000000000000e+00 0.000000000000000000e+00 1.546048036056464352e-12
1.486042100634540191e+02 3.568345408899417760e-14 4.136809080240690408e-13 5.584326568597107633e-13 0.000000000000000000e+00 0.000000000000000000e+00 0.000000000000000000e+00 0.000000000000000000e+00 0.000000000000000000e+00 0.000000000000000000e+00 0.000000000000000000e+00 1.440094552304810517e-12
1.561479805917621206e+02 3.408404122776727568e-14 3.950231943990155748e-13 5.266224965037210717e-13 0.000000000000000000e+00 0.000000000000000000e+00 0.000000000000000000e+00 0.000000000000000000e+00 0.000000000000000000e+00 0.000000000000000000e+00 0.000000000000000000e+00 1.344600879780537724e-12
1.640747044277826774e+02 3.270810870906657081e-14 3.793757067955265130e-13 4.996394539947794719e-13 0.000000000000000000e+00 0.000000000000000000e+00 0.000000000000000000e+00 0.000000000000000000e+00 0.000000000000000000e+00 0.000000000000000000e+00 0.000000000000000000e+00 1.258554360226275193e-12
1.724038218812831644e+02 3.158348899271680636e-14 3.666963774090067920e-13 4.774380740668050976e-13 0.000000000000000000e+00 0.000000000000000000e+00 0.000000000000000000e+00 0.000000000000000000e+00 0.000000000000000000e+00 0.000000000000000000e+00 0.000000000000000000e+00 1.181025416082726073e-12
1.811557601333716150e+02 3.074188603531610820e-14 3.569819282763636637e-13 4.600620174226375636e-13 0.000000000000000000e+00 0.000000000000000000e+00 0.000000000000000000e+00 0.000000000000000000e+00 0.000000000000000000e+00 0.000000000000000000e+00 0.000000000000000000e+00 1.111107837894564407e-12
1.903519833342072047e+02 3.022386556570814801e-14 3.502959446924062689e-13 4.477081479550300038e-13 0.000000000000000000e+00 0.000000000000000000e+00 0.000000000000000000e+00 0.000000000000000000e+00 0.000000000000000000e+00 0.000000000000000000e+00 0.000000000000000000e+00 1.047953143590206305e-12
2.000150452438829802e+02 3.007116269601487077e-14 3.467464288256529473e-13 4.407182357707678794e-13 0.000000000000000000e+00 0.000000000000000000e+00 0.000000000000000000e+00 0.000000000000000000e+00 0.000000000000000000e+00 0.000000000000000000e+00 0.000000000000000000e+00 9.907045691873626827e-13
2.101686445455765693e+02 3.032604270729184321e-14 3.464980068996979130e-13 4.396425767035705500e-13 0.000000000000000000e+00 0.000000000000000000e+00 0.000000000000000000e+00 0.000000000000000000e+00 0.000000000000000000e+00 0.000000000000000000e+00 0.000000000000000000e+00 9.385052011053940697e-13
2.208376829666308652e+02 3.102114244196322806e-14 3.497403516691786150e-13 4.452524395361797377e-13 0.000000000000000000e+00 0.000000000000000000e+00 0.000000000000000000e+00 0.000000000000000000e+00 0.000000000000000000e+00 0.000000000000000000e+00 0.000000000000000000e+00 8.904525948042872202e-13
2.320483263500999840e+02 3.216928845451355646e-14 3.566501708061007923e-13 4.585655297847459541e-13 0.000000000000000000e+00 0.000000000000000000e+00 0.000000000000000000e+00 0.000000000000000000e+00 0.000000000000000000e+00 0.000000000000000000e+00 0.000000000000000000e+00 8.455865014931788766e-13
2.438280688265457741e+02 3.374913157842032489e-14 3.673044684987959561e-13 4.808146065554465198e-13 0.000000000000000000e+00 0.000000000000000000e+00 0.000000000000000000e+00 0.000000000000000000e+00 0.000000000000000000e+00 0.000000000000000000e+00 0.000000000000000000e+00 8.028815873934531549e-13
2.562058002434589525e+02 3.568492553196364582e-14 3.815089349932424819e-13 5.132416476630446133e-13 0.000000000000000000e+00 0.000000000000000000e+00 0.000000000000000000e+00 0.000000000000000000e+00 0.000000000000000000e+00 0.000000000000000000e+00 0.000000000000000000e+00 7.612547129347010891e-13
2.692118770176832072e+02 3.782842497781455017e-14 3.985178859471225316e-13 5.566110629396802165e-13 0.000000000000000000e+00 0.000000000000000000e+00 0.000000000000000000e+00 0.000000000000000000e+00 0.000000000000000000e+00 0.000000000000000000e+00 0.000000000000000000e+00 7.196288488046255416e-13
2.828781965846007438e+02 3.994623504640269068e-14 4.166302161856446178e-13 6.101933137195732461e-13 0.000000000000000000e+00 0.000000000000000000e+00 0.000000000000000000e+00 0.000000000000000000e+00 0.000000000000000000e+00 0.000000000000000000e+00 0.000000000000000000e+00 6.770559190588446350e-13
2.972382756266729302e+02 4.172686408530678626e-14 4.327818801180454129e-13 6.701667187686001386e-13 0.000000000000000000e+00 0.000000000000000000e+00 0.000000000000000000e+00 0.000000000000000000e+00 0.000000000000000000e+00 0.000000000000000000e+00 0.000000000000000000e+00 6.329173989904994774e-13
3.123273322731848793e+02 4.281532447451728743e-14 4.424436257949943842e-13 7.279619576062771982e-13 0.000000000000000000e+00 0.000000000000000000e+00 0.000000000000000000e+00 0.000000000000000000e+00 0.000000000000000000e+00 0.000000000000000000e+00 0.000000000000000000e+00 5.871390830274662738e-13
3.281823724727964873e+02 4.288907524963241135e-14 4.405161641255553885e-13 7.702909835399723850e-13 0.000000000000000000e+00 0.000000000000000000e+00 0.000000000000000000e+00 0.000000000000000000e+00 0.000000000000000000e+00 0.000000000000000000e+00 0.000000000000000000e+00 5.403129061245072584e-13
3.448422807507206471e+02 4.175157958157068042e-14 4.234568095961579459e-13 7.829922664914588418e-13 0.000000000000000000e+00 0.000000000000000000e+00 0.000000000000000000e+00 0.000000000000000000e+00 0.000000000000000000e+00 0.000000000000000000e+00 0.000000000000000000e+00 4.935406005676899330e-13
3.623479155731195647e+02 3.940845424951833263e-14 3.916296759162999658e-13 7.581728853875787667e-13 0.000000000000000000e+00 0.000000000000000000e+00 0.000000000000000000e+00 0.000000000000000000e+00 0.000000000000000000e+00 0.000000000000000000e+00 0.000000000000000000e+00 4.480195243923175709e-13
3.807422095525914756e+02 3.608011269482500105e-14 3.497499423981172951e-13 6.993309042739129018e-13 0.000000000000000000e+00 0.000000000000000000e+00 0.000000000000000000e+00 0.000000000000000000e+00 0.000000000000000000e+00 0.000000000000000000e+00 0.000000000000000000e+00 4.046551962202016445e-13
4.000702747405115360e+02 3.213816056947345495e-14 3.046425152998714102e-13 6.193305658278152258e-13 0.000000000000000000e+00 0.000000000000000000e+00 0.000000000000000000e+00 0.000000000000000000e+00 0.000000000000000000e+00 0.000000000000000000e+00 0.000000000000000000e+00 3.639986765345885182e-13
4.203795132644463592e+02 2.799885786025162882e-14 2.622483556360658613e-13 5.333468208588030916e-13 0.000000000000000000e+00 0.000000000000000000e+00 0.000000000000000000e+00 0.000000000000000000e+00 0.000000000000000000e+00 0.000000000000000000e+00 0.000000000000000000e+00 3.264188132131104246e-13
4.417197335819917043e+02 2.402660589120252072e-14 2.260672597024948583e-13 4.530302250961304817e-13 0.000000000000000000e+00 0.000000000000000000e+00 0.000000000000000000e+00 0.000000000000000000e+00 0.000000000000000000e+00 0.000000000000000000e+00 0.000000000000000000e+00 2.922253288214513274e-13
4.641432726361347250e+02 2.048338516061576373e-14 1.973084857938726668e-13 3.848121050398375480e-13 0.000000000000000000e+00 0.000000000000000000e+00 0.000000000000000000e+00 0.000000000000000000e+00 0.000000000000000000e+00 0.000000000000000000e+00 0.000000000000000000e+00 2.616419759600006188e-13
4.877051242117389620e+02 1.752653094993378328e-14 1.757473853651977599e-13 3.310186069871824030e-13 0.000000000000000000e+00 0.000000000000000000e+00 0.000000000000000000e+00 0.000000000000000000e+00 0.000000000000000000e+00 0.000000000000000000e+00 0.000000000000000000e+00 2.347212186297731857e-13
5.124630738079339380e+02 1.522868552073433028e-14 1.604797544566025573e-13 2.916120337055564491e-13 0.000000000000000000e+00 0.000000000000000000e+00 0.000000000000000000e+00 0.000000000000000000e+00 0.000000000000000000e+00 0.000000000000000000e+00 0.000000000000000000e+00 2.112897522860165493e-13
5.384778403571979197e+02 1.359355334080379677e-14 1.503171590033339634e-13 2.654250678614918430e-13 0.000000000000000000e+00 0.000000000000000000e+00 0.000000000000000000e+00 0.000000000000000000e+00 0.000000000000000000e+00 0.000000000000000000e+00 0.000000000000000000e+00 1.909509327196121131e-13
5.658132251386862208e+02 1.255463158637661036e-14 1.438339703991784700e-13 2.505969049937013136e-13 0.000000000000000000e+00 0.000000000000000000e+00 0.000000000000000000e+00 0.000000000000000000e+00 0.000000000000000000e+00 0.000000000000000000e+00 0.000000000000000000e+00 1.731343159751319951e-13
5.945362682510286731e+02 1.196126732030642601e-14 1.392306269811533914e-13 2.442827975633846072e-13 0.000000000000000000e+00 0.000000000000000000e+00 0.000000000000000000e+00 0.000000000000000000e+00 0.000000000000000000e+00 0.000000000000000000e+00 0.000000000000000000e+00 1.571916122292608487e-13
6.247174130283358409e+02 1.157545644595093988e-14 1.342848624899321045e-13 2.419549140607078124e-13 0.000000000000000000e+00 0.000000000000000000e+00 0.000000000000000000e+00 0.000000000000000000e+00 0.000000000000000000e+00 0.000000000000000000e+00 0.000000000000000000e+00 1.425378628390758123e-13
6.564306788026481172e+02 1.111562457564454563e-14 1.268153518021464023e-13 2.373874957860536601e-13 0.000000000000000000e+00 0.000000000000000000e+00 0.000000000000000000e+00 0.000000000000000000e+00 0.000000000000000000e+00 0.000000000000000000e+00 0.000000000000000000e+00 1.287935712271663630e-13
6.897538424365337733e+02 1.035863816425543143e-14 1.157823308642696055e-13 2.248393478421140417e-13 0.000000000000000000e+00 0.000000000000000000e+00 0.000000000000000000e+00 0.000000000000000000e+00 0.000000000000000000e+00 0.000000000000000000e+00 0.000000000000000000e+00 1.158244152397999567e-13
7.247686290710320236e+02 9.249998971719199495e-15 1.021644527775781845e-13 2.027787794348727579e-13 0.000000000000000000e+00 0.000000000000000000e+00 0.000000000000000000e+00 0.000000000000000000e+00 0.000000000000000000e+00 0.000000000000000000e+00 0.000000000000000000e+00 1.036510536206916244e-13
7.615609125567677893e+02 7.929651246612284522e-15 8.838443153743709038e-14 1.750545899431913019e-13 0.000000000000000000e+00 0.000000000000000000e+00 0.000000000000000000e+00 0.000000000000000000e+00 0.000000000000000000e+00 0.000000000000000000e+00 0.000000000000000000e+00 9.236524645228976430e-14
8.002209260597770708e+02 6.642930527808207515e-15 7.664378427249834535e-14 1.478163498050077797e-13 0.000000000000000000e+00 0.000000000000000000e+00 0.000000000000000000e+00 0.000000000000000000e+00 0.000000000000000000e+00 0.000000000000000000e+00 0.000000000000000000e+00 8.211392252820128560e-14
8.408434833585752131e+02 5.609845081007246330e-15 6.785374073255094532e-14 1.258232267748304653e-13 0.000000000000000000e+00 0.000000000000000000e+00 0.000000000000000000e+00 0.000000000000000000e+00 0.000000000000000000e+00 0.000000000000000000e+00 0.000000000000000000e+00 7.303205700277479089e-14
8.835282113751759425e+02 4.934837918027233131e-15 6.167212289143342204e-14 1.109578280147836457e-13 0.000000000000000000e+00 0.000000000000000000e+00 0.000000000000000000e+00 0.000000000000000000e+00 0.000000000000000000e+00 0.000000000000000000e+00 0.000000000000000000e+00 6.511546186011283639e-14
9.283797945103707434e+02 4.566098290063061636e-15 5.695278575376352111e-14 1.021918510562739977e-13 0.000000000000000000e+00 0.000000000000000000e+00 0.000000000000000000e+00 0.000000000000000000e+00 0.000000000000000000e+00 0.000000000000000000e+00 0.000000000000000000e+00 5.816830935435769570e-14
9.755082313824726725e+02 4.310153501052618321e-15 5.226697365931249816e-14 9.605175357646214956e-14 0.000000000000000000e+00 0.000000000000000000e+00 0.000000000000000000e+00 0.000000000000000000e+00 0.000000000000000000e+00 0.000000000000000000e+00 0.000000000000000000e+00 5.189882581816708330e-14
1.025029104599206676e+03 3.945300285048988639e-15 4.668882387318576086e-14 8.830888579300663751e-14 0.000000000000000000e+00 0.000000000000000000e+00 0.000000000000000000e+00 0.000000000000000000e+00 0.000000000000000000e+00 0.000000000000000000e+00 0.000000000000000000e+00 4.608850759498993137e-14
1.077063864224332519e+03 3.396766805707343920e-15 4.051908829226751972e-14 7.717254425337173225e-14 0.000000000000000000e+00 0.000000000000000000e+00 0.000000000000000000e+00 0.000000000000000000e+00 0.000000000000000000e+00 0.000000000000000000e+00 0.000000000000000000e+00 4.068041567307162800e-14
1.131740125634234118e+03 2.798497441093114778e-15 3.491628104824140506e-14 6.477302404608663893e-14 0.000000000000000000e+00 0.000000000000000000e+00 0.000000000000000000e+00 0.000000000000000000e+00 0.000000000000000000e+00 0.000000000000000000e+00 0.000000000000000000e+00 3.575238857663258768e-14
1.189191982494935928e+03 2.348003065062956753e-15 3.062792741213578446e-14 5.464919615422940570e-14 0.000000000000000000e+00 0.000000000000000000e+00 0.000000000000000000e+00 0.000000000000000000e+00 0.000000000000000000e+00 0.000000000000000000e+00 0.000000000000000000e+00 3.141229322350185699e-14
1.249560335627159930e+03 2.110423503363364721e-15 2.740051418416262103e-14 4.831064757520516286e-14 0.000000000000000000e+00 0.000000000000000000e+00 0.000000000000000000e+00 0.000000000000000000e+00 0.000000000000000000e+00 0.000000000000000000e+00 0.000000000000000000e+00 2.764739717854379676e-14
1.312993238565925139e+03 1.957500300496273877e-15 2.442848205711229432e-14 4.404521711599841980e-14 0.000000000000000000e+00 0.000000000000000000e+00 0.000000000000000000e+00 0.000000000000000000e+00 0.000000000000000000e+00 0.000000000000000000e+00 0.000000000000000000e+00 2.429699597528314754e-14
1.379646260662218538e+03 1.712756463682262579e-15 2.120051706698828106e-14 3.890245298306309675e-14 0.000000000000000000e+00 0.000000000000000000e+00 0.000000000000000000e+00 0.000000000000000000e+00 0.000000000000000000e+00 0.000000000000000000e+00 0.000000000000000000e+00 2.121088872422111232e-14
1.449682868617201848e+03 1.380522051044323474e-15 1.803698123795438472e-14 3.233284324745337756e-14 0.000000000000000000e+00 0.000000000000000000e+00 0.000000000000000000e+00 0.000000000000000000e+00 0.000000000000000000e+00 0.000000000000000000e+00 0.000000000000000000e+00 1.838467127127406044e-14
1.523274827384710079e+03 1.122754845044491427e-15 1.549648622738256285e-14 2.659813451209713440e-14 0.000000000000000000e+00 0.000000000000000000e+00 0.000000000000000000e+00 0.000000000000000000e+00 0.000000000000000000e+00 0.000000000000000000e+00 0.000000000000000000e+00 1.590246772327589425e-14
1.600602621425212874e+03 1.000494970980190939e-15 1.351662014053808350e-14 2.307874518442694209e-14 0.000000000000000000e+00 0.000000000000000000e+00 0.000000000000000000e+00 0.000000000000000000e+00 0.000000000000000000e+00 0.000000000000000000e+00 0.000000000000000000e+00 1.376684500247439729e-14
1.681855897344411915e+03 8.900478817421004294e-16 1.165380079339500492e-14 2.030674762586390220e-14 0.000000000000000000e+00 0.000000000000000000e+00 0.000000000000000000e+00 0.000000000000000000e+00 0.000000000000000000e+00 0.000000000000000000e+00 0.000000000000000000e+00 1.186729125247520351e-14
1.767233929001996785e+03 7.121700977467801221e-16 9.820436615839643533e-15 1.681583103230991327e-14 0.000000000000000000e+00 0.000000000000000000e+00 0.000000000000000000e+00 0.000000000000000000e+00 0.000000000000000000e+00 0.000000000000000000e+00 0.000000000000000000e+00 1.014554216950031735e-14
1.856946106231289605e+03 5.689947081448742093e-16 8.303335640373224827e-15 1.364426893295609269e-14 0.000000000000000000e+00 0.000000000000000000e+00 0.000000000000000000e+00 0.000000000000000000e+00 0.000000000000000000e+00 0.000000000000000000e+00 0.000000000000000000e+00 8.644656721083566063e-15
1.951212448368316018e+03 5.048881479370653713e-16 7.089943713854801465e-15 1.171784391522537953e-14 0.000000000000000000e+00 0.000000000000000000e+00 0.000000000000000000e+00 0.000000000000000000e+00 0.000000000000000000e+00 0.000000000000000000e+00 0.000000000000000000e+00 7.362533873891502359e-15
2.050264143849782158e+03 4.193459913988771653e-16 5.955426297842380716e-15 9.885998972256226102e-15 0.000000000000000000e+00 0.000000000000000000e+00 0.000000000000000000e+00 0.000000000000000000e+00 0.000000000000000000e+00 0.000000000000000000e+00 0.000000000000000000e+00 6.226915431448582770e-15
2.154344117203273072e+03 3.156475928026374155e-16 4.940907981815118873e-15 7.825966660970963381e-15 0.000000000000000000e+00 0.000000000000000000e+00 0.000000000000000000e+00 0.000000000000000000e+00 0.000000000000000000e+00 0.000000000000000000e+00 0.000000000000000000e+00 5.229401853684809319e-15
2.263707624820269757e+03 2.662068933917531259e-16 4.137826888321536901e-15 6.485749274579428531e-15 0.000000000000000000e+00 0.000000000000000000e+00 0.000000000000000000e+00 0.000000000000000000e+00 0.000000000000000000e+00 0.000000000000000000e+00 0.000000000000000000e+00 4.387494804083688902e-15
2.378622880973064184e+03 2.163726990119108291e-16 3.435395553548156510e-15 5.366685270038383315e-15 0.000000000000000000e+00 0.000000000000000000e+00 0.000000000000000000e+00 0.000000000000000000e+00 0.000000000000000000e+00 0.000000000000000000e+00 0.000000000000000000e+00 3.661643801322776344e-15
2.499371715610940555e+03 1.607795782955088073e-16 2.829437421031888196e-15 4.225788666017620930e-15 0.000000000000000000e+00 0.000000000000000000e+00 0.000000000000000000e+00 0.000000000000000000e+00 0.000000000000000000e+00 0.000000000000000000e+00 0.000000000000000000e+00 3.038589714555363274e-15
2.626250265548803782e+03 1.340149597530137906e-16 2.341636852813197203e-15 3.487132103843272292e-15 0.000000000000000000e+00 0.000000000000000000e+00 0.000000000000000000e+00 0.000000000000000000e+00 0.000000000000000000e+00 0.000000000000000000e+00 0.000000000000000000e+00 2.517980664327981449e-15
2.759569700743467365e+03 9.723555031912551045e-17 1.920079760925313210e-15 2.749278359418567976e-15 0.000000000000000000e+00 0.000000000000000000e+00 0.000000000000000000e+00 0.000000000000000000e+00 0.000000000000000000e+00 0.000000000000000000e+00 0.000000000000000000e+00 2.074499858254360183e-15
2.899656987438719625e+03 7.350550600712597865e-17 1.576938403523380017e-15 2.176129683431183423e-15 0.000000000000000000e+00 0.000000000000000000e+00 0.000000000000000000e+00 0.000000000000000000e+00 0.000000000000000000e+00 0.000000000000000000e+00 0.000000000000000000e+00 1.706219721992192678e-15
3.046855690050866087e+03 5.310528764934240687e-17 1.294614994516260667e-15 1.710638141114818098e-15 0.000000000000000000e+00 0.000000000000000000e+00 0.000000000000000000e+00 0.000000000000000000e+00 0.000000000000000000e+00 0.000000000000000000e+00 0.000000000000000000e+00 1.401242715189758293e-15
3.201526813761285212e+03 3.623914696154429446e-17 1.063089744454406769e-15 1.325746973112980274e-15 0.000000000000000000e+00 0.000000000000000000e+00 0.000000000000000000e+00 0.000000000000000000e+00 0.000000000000000000e+00 0.000000000000000000e+00 0.000000000000000000e+00 1.150156918445095695e-15
3.364049689882549046e+03 2.221409889864632970e-17 8.737062977857907254e-16 1.036573472146975442e-15 0.000000000000000000e+00 0.000000000000000000e+00 0.000000000000000000e+00 0.000000000000000000e+00 0.000000000000000000e+00 0.000000000000000000e+00 0.000000000000000000e+00 9.454492854831200533e-16
3.534822906169380531e+03 1.442848306576526342e-17 7.229278945857225755e-16 8.043522885792152890e-16 0.000000000000000000e+00 0.000000000000000000e+00 0.000000000000000000e+00 0.000000000000000000e+00 0.000000000000000000e+00 0.000000000000000000e+00 0.000000000000000000e+00 7.797071431268385629e-16
3.714265284356130451e+03 8.707611007420400664e-18 6.029081531674883505e-16 6.154522567867564018e-16 0.000000000000000000e+00 0.000000000000000000e+00 0.000000000000000000e+00 0.000000000000000000e+00 0.000000000000000000e+00 0.000000000000000000e+00 0.000000000000000000e+00 6.472122129370412825e-16
3.902816907318086123e+03 5.529619118418952871e-18 5.067995914943423153e-16 4.872007440549888832e-16 0.000000000000000000e+00 0.000000000000000000e+00 0.000000000000000000e+00 0.000000000000000000e+00 0.000000000000000000e+00 0.000000000000000000e+00 0.000000000000000000e+00 5.416167645493535482e-16
4.100940198375840737e+03 2.808006777409413365e-18 4.293509651501670580e-16 3.899058054902974399e-16 0.000000000000000000e+00 0.000000000000000000e+00 0.000000000000000000e+00 0.000000000000000000e+00 0.000000000000000000e+00 0.000000000000000000e+00 0.000000000000000000e+00 4.579434748392323838e-16
4.309121055389593494e+03 1.563887988034794196e-18 3.676849201670101787e-16 3.168543851050389108e-16 0.000000000000000000e+00 0.000000000000000000e+00 0.000000000000000000e+00 0.000000000000000000e+00 0.000000000000000000e+00 0.000000000000000000e+00 0.000000000000000000e+00 3.922161420385584716e-16
4.527870042424887288e+03 2.223636046359420231e-18 3.186830157555846647e-16 2.644445152084680700e-16 0.000000000000000000e+00 0.000000000000000000e+00 0.000000000000000000e+00 0.000000000000000000e+00 0.000000000000000000e+00 0.000000000000000000e+00 0.000000000000000000e+00 3.398526784553306736e-16
4.757723641912202766e+03 2.366674670710211731e-18 2.792621820067961525e-16 2.242295427355809642e-16 0.000000000000000000e+00 0.000000000000000000e+00 0.000000000000000000e+00 0.000000000000000000e+00 0.000000000000000000e+00 0.000000000000000000e+00 0.000000000000000000e+00 2.978780509155094931e-16
4.999245570371478607e+03 2.456497443042029416e-18 2.451284898991023504e-16 1.935826531622707911e-16 0.000000000000000000e+00 0.000000000000000000e+00 0.000000000000000000e+00 0.000000000000000000e+00 0.000000000000000000e+00 0.000000000000000000e+00 0.000000000000000000e+00 2.637340575360435055e-16
5.253028160928231046e+03 2.825772816386233791e-18 2.170918567241024995e-16 1.700631312486340377e-16 0.000000000000000000e+00 0.000000000000000000e+00 0.000000000000000000e+00 0.000000000000000000e+00 0.000000000000000000e+00 0.000000000000000000e+00 0.000000000000000000e+00 2.356171161084997488e-16
5.519693816012045318e+03 2.899023411971495599e-18 1.945294483243855586e-16 1.523690545809729101e-16 0.000000000000000000e+00 0.000000000000000000e+00 0.000000000000000000e+00 0.000000000000000000e+00 0.000000000000000000e+00 0.000000000000000000e+00 0.000000000000000000e+00 2.130274516451040637e-16
5.799896533800028010e+03 2.723812578662350776e-18 1.772172890713898395e-16 1.379701703274095406e-16 0.000000000000000000e+00 0.000000000000000000e+00 0.000000000000000000e+00 0.000000000000000000e+00 0.000000000000000000e+00 0.000000000000000000e+00 0.000000000000000000e+00 1.958526845102637876e-16
6.094323512148995178e+03 2.317270228494977137e-18 1.642443709137514750e-16 1.278092630667670124e-16 0.000000000000000000e+00 0.000000000000000000e+00 0.000000000000000000e+00 0.000000000000000000e+00 0.000000000000000000e+00 0.000000000000000000e+00 0.000000000000000000e+00 1.837404687688411472e-16
6.403696833949862594e+03 1.914042764788392044e-18 1.552331064074970834e-16 1.239810316888380527e-16 0.000000000000000000e+00 0.000000000000000000e+00 0.000000000000000000e+00 0.000000000000000000e+00 0.000000000000000000e+00 0.000000000000000000e+00 0.000000000000000000e+00 1.760053247578138872e-16
6.728775238037770578e+03 1.513767258447319972e-18 1.530836975854186126e-16 1.192550370702616324e-16 0.000000000000000000e+00 0.000000000000000000e+00 0.000000000000000000e+00 0.000000000000000000e+00 0.000000000000000000e+00 0.000000000000000000e+00 0.000000000000000000e+00 1.730407851295403818e-16
7.070355980000895215e+03 1.119153794661107689e-18 1.548236975671217528e-16 1.172556550152630037e-16 0.000000000000000000e+00 0.000000000000000000e+00 0.000000000000000000e+00 0.000000000000000000e+00 0.000000000000000000e+00 0.000000000000000000e+00 0.000000000000000000e+00 1.746327163423643153e-16
7.429276787451800374e+03 7.960687445999120764e-19 1.594164391677289519e-16 1.190017925957287725e-16 0.000000000000000000e+00 0.000000000000000000e+00 0.000000000000000000e+00 0.000000000000000000e+00 0.000000000000000000e+00 0.000000000000000000e+00 0.000000000000000000e+00 1.802194732346627533e-16
7.806417914556417600e+03 5.591907438194911545e-19 1.675597094037635038e-16 1.236692473635167178e-16 0.000000000000000000e+00 0.000000000000000000e+00 0.000000000000000000e+00 0.000000000000000000e+00 0.000000000000000000e+00 0.000000000000000000e+00 0.000000000000000000e+00 1.902624085621604047e-16
8.202704300859621071e+03 3.960806394477344386e-19 1.795217382028993132e-16 1.300742963235002432e-16 0.000000000000000000e+00 0.000000000000000000e+00 0.000000000000000000e+00 0.000000000000000000e+00 0.000000000000000000e+00 0.000000000000000000e+00 0.000000000000000000e+00 2.062537723412486059e-16
8.619107839701679040e+03 2.925093105765641952e-19 1.998568601396657582e-16 1.400346331815757321e-16 0.000000000000000000e+00 0.000000000000000000e+00 0.000000000000000000e+00 0.000000000000000000e+00 0.000000000000000000e+00 0.000000000000000000e+00 0.000000000000000000e+00 2.317187143232910366e-16
9.056649761789138211e+03 2.364851274008112519e-19 2.317555499392089544e-16 1.623095326845866519e-16 0.000000000000000000e+00 0.000000000000000000e+00 0.000000000000000000e+00 0.000000000000000000e+00 0.000000000000000000e+00 0.000000000000000000e+00 0.000000000000000000e+00 2.737242136947885810e-16
9.516403139765579908e+03 2.128452634580461467e-19 2.884091489913709681e-16 1.951704905353726902e-16 0.000000000000000000e+00 0.000000000000000000e+00 0.000000000000000000e+00 0.000000000000000000e+00 0.000000000000000000e+00 0.000000000000000000e+00 0.000000000000000000e+00 3.519640486168804762e-16
9.999495519924994369e+03 2.089170186990074309e-19 4.072413214132153169e-16 3.039696515083939047e-16 0.000000000000000000e+00 0.000000000000000000e+00 0.000000000000000000e+00 0.000000000000000000e+00 0.000000000000000000e+00 0.000000000000000000e+00 0.000000000000000000e+00 4.799880068953239161e-16
1.050711168752178673e+04 2.519855069745877748e-19 7.260980524642428687e-16 6.966676706519120525e-16 0.000000000000000000e+00 0.000000000000000000e+00 0.000000000000000000e+00 0.000000000000000000e+00 0.000000000000000000e+00 0.000000000000000000e+00 0.000000000000000000e+00 7.569607470785370012e-16
1.104049657245958770e+04 5.030678833065043904e-19 1.538981860272896641e-15 1.607445222000626386e-15 0.000000000000000000e+00 0.000000000000000000e+00 0.000000000000000000e+00 0.000000000000000000e+00 0.000000000000000000e+00 0.000000000000000000e+00 0.000000000000000000e+00 1.625665474746413635e-15
1.160095830248491620e+04 1.188025198849231571e-18 3.968181264237317732e-15 3.955374361385565768e-15 0.000000000000000000e+00 0.000000000000000000e+00 0.000000000000000000e+00 0.000000000000000000e+00 0.000000000000000000e+00 0.000000000000000000e+00 0.000000000000000000e+00 4.435159351010260426e-15
1.218987141137360777e+04 3.621817536873019812e-18 1.442270402144606005e-14 1.684403447312699579e-14 0.000000000000000000e+00 0.000000000000000000e+00 0.000000000000000000e+00 0.000000000000000000e+00 0.000000000000000000e+00 0.000000000000000000e+00 0.000000000000000000e+00 1.508326765957984862e-14
1.280868020997843814e+04 1.422480478111861096e-17 5.750260840183536228e-14 9.410576067184814062e-14 0.000000000000000000e+00 0.000000000000000000e+00 0.000000000000000000e+00 0.000000000000000000e+00 0.000000000000000000e+00 0.000000000000000000e+00 0.000000000000000000e+00 6.511197127138824986e-14
1.345890232840495628e+04 7.166488000618964806e-17 3.117999560426038174e-13 1.150047592227597061e-12 0.000000000000000000e+00 0.000000000000000000e+00 0.000000000000000000e+00 0.000000000000000000e+00 0.000000000000000000e+00 0.000000000000000000e+00 0.000000000000000000e+00 3.932500789091272452e-13
1.414213243800309647e+04 4.960199034361097209e-16 2.256841014083915248e-12 2.860067445009538759e-11 0.000000000000000000e+00 0.000000000000000000e+00 0.000000000000000000e+00 0.000000000000000000e+00 0.000000000000000000e+00 0.000000000000000000e+00 0.000000000000000000e+00 3.902933277124348531e-12
1.486004616230261490e+04 4.482085361541253829e-15 1.547254756909782455e-11 5.958632816807702888e-10 0.000000000000000000e+00 0.000000000000000000e+00 0.000000000000000000e+00 0.000000000000000000e+00 0.000000000000000000e+00 0.000000000000000000e+00 0.000000000000000000e+00 7.107370696238102205e-11
1.561440418648382365e+04 4.587326229985514053e-14 -5.878095477992759629e-12 -9.631398371088411727e-10 0.000000000000000000e+00 0.000000000000000000e+00 0.000000000000000000e+00 0.000000000000000000e+00 0.000000000000000000e+00 0.000000000000000000e+00 0.000000000000000000e+00 1.074977901000783796e-09
1.640705657546250950e+04 2.010437236523981287e-13 -1.524294696495796563e-11 7.041954590669316544e-08 0.000000000000000000e+00 0.000000000000000000e+00 0.000000000000000000e+00 0.000000000000000000e+00 0.000000000000000000e+00 0.000000000000000000e+00 0.000000000000000000e+00 6.892794183250089557e-09
1.723994731117859192e+04 1.484572825045924194e-13 -1.500078349551882963e-10 2.094773526906013111e-07 0.000000000000000000e+00 0.000000000000000000e+00 0.000000000000000000e+00 0.000000000000000000e+00 0.000000000000000000e+00 0.000000000000000000e+00 0.000000000000000000e+00 2.489194707845991592e-08
1.811511906021669711e+04 1.148301540035057094e-12 5.426290415413996630e-10 2.716865087851117731e-07 0.000000000000000000e+00 0.000000000000000000e+00 0.000000000000000000e+00 0.000000000000000000e+00 0.000000000000000000e+00 0.000000000000000000e+00 0.000000000000000000e+00 1.174128300214761491e-07
1.903471818345084466e+04 2.849451060428995764e-12 2.030162254642656903e-09 7.124655164788545256e-07 0.000000000000000000e+00 0.000000000000000000e+00 0.000000000000000000e+00 0.000000000000000000e+00 0.000000000000000000e+00 0.000000000000000000e+00 0.000000000000000000e+00 6.852809668189472566e-07
2.000100000000000000e+04 0.000000000000000000e+00 0.000000000000000000e+00 0.000000000000000000e+00 0.000000000000000000e+00 0.000000000000000000e+00 0.000000000000000000e+00 0.000000000000000000e+00 0.000000000000000000e+00 0.000000000000000000e+00 0.000000000000000000e+00 0.000000000000000000e+00
