1.000000000000000000e+00 -2.632061690750180012e-09 1.146962320876930742e-08 0.000000000000000000e+00 0.000000000000000000e+00 1.917518530237974815e-08 0.000000000000000000e+00 0.000000000000000000e+00 0.000000000000000000e+00 0.000000000000000000e+00 2.366454224421669294e-07 5.702996313815843884e-08
1.043506801891150637e+00 -2.418694108746194324e-09 1.052270107935660271e-08 0.000000000000000000e+00 0.000000000000000000e+00 1.761274952350672750e-08 0.000000000000000000e+00 0.000000000000000000e+00 0.000000000000000000e+00 0.000000000000000000e+00 2.173240280674645762e-07 5.238062070376469172e-08
1.088906445593096795e+00 -2.221658002356706368e-09 9.660437474772755505e-09 0.000000000000000000e+00 0.000000000000000000e+00 1.617578190598764316e-08 0.000000000000000000e+00 0.000000000000000000e+00 0.000000000000000000e+00 0.000000000000000000e+00 1.995802423822193249e-07 4.810626488687260481e-08
1.136281282599512554e+00 -2.040590465011947161e-09 8.869354690570043857e-09 0.000000000000000000e+00 0.000000000000000000e+00 1.485591896038191140e-08 0.000000000000000000e+00 0.000000000000000000e+00 0.000000000000000000e+00 0.000000000000000000e+00 1.832852837194635491e-07 4.418041975383200668e-08
1.185717247254192142e+00 -1.874201303051432472e-09 8.143560806622449960e-09 0.000000000000000000e+00 0.000000000000000000e+00 1.364360460314026808e-08 0.000000000000000000e+00 0.000000000000000000e+00 0.000000000000000000e+00 0.000000000000000000e+00 1.683208356634803245e-07 4.057463431293745410e-08
1.237304012629400596e+00 -1.721149104372418525e-09 7.478778156710421579e-09 0.000000000000000000e+00 0.000000000000000000e+00 1.252971434190902826e-08 0.000000000000000000e+00 0.000000000000000000e+00 0.000000000000000000e+00 0.000000000000000000e+00 1.545778377026249608e-07 3.726206747968632988e-08
1.291135153185993367e+00 -1.580742316063584423e-09 6.867195377957177513e-09 0.000000000000000000e+00 0.000000000000000000e+00 1.150709879992145603e-08 0.000000000000000000e+00 0.000000000000000000e+00 0.000000000000000000e+00 0.000000000000000000e+00 1.419572816914069408e-07 3.422064493994312917e-08
1.347308314510356819e+00 -1.451653752512022826e-09 6.306605150742443099e-09 0.000000000000000000e+00 0.000000000000000000e+00 1.056761966612038472e-08 0.000000000000000000e+00 0.000000000000000000e+00 0.000000000000000000e+00 0.000000000000000000e+00 1.303668015788196847e-07 3.142679815341489451e-08
1.405925390436058908e+00 -1.333185479746199637e-09 5.791183600665685347e-09 0.000000000000000000e+00 0.000000000000000000e+00 9.705035383912863649e-09 0.000000000000000000e+00 0.000000000000000000e+00 0.000000000000000000e+00 0.000000000000000000e+00 1.197229814200491740e-07 2.886143517115269082e-08
1.467092707871498813e+00 -1.224312685691631717e-09 5.318429663072754645e-09 0.000000000000000000e+00 0.000000000000000000e+00 8.912669249301457309e-09 0.000000000000000000e+00 0.000000000000000000e+00 0.000000000000000000e+00 0.000000000000000000e+00 1.099478759093021735e-07 2.650509852650098556e-08
1.530921219668815780e+00 -1.124331373036725702e-09 4.884264163835387279e-09 0.000000000000000000e+00 0.000000000000000000e+00 8.184987522063502123e-09 0.000000000000000000e+00 0.000000000000000000e+00 0.000000000000000000e+00 0.000000000000000000e+00 1.009708826471803873e-07 2.434112084844178928e-08
1.597526705883905551e+00 -1.032547594809015014e-09 4.485274696819848725e-09 0.000000000000000000e+00 0.000000000000000000e+00 7.516813020451905343e-09 0.000000000000000000e+00 0.000000000000000000e+00 0.000000000000000000e+00 0.000000000000000000e+00 9.272708524932074440e-08 2.235399944096368395e-08
1.667029983792618797e+00 -9.482261324947468135e-10 4.119120860402858304e-09 0.000000000000000000e+00 0.000000000000000000e+00 6.903088842700633232e-09 0.000000000000000000e+00 0.000000000000000000e+00 0.000000000000000000e+00 0.000000000000000000e+00 8.515612601068780098e-08 2.052891217657458241e-08
1.739557127044092155e+00 -8.707909469156756664e-10 3.782854866332672837e-09 0.000000000000000000e+00 0.000000000000000000e+00 6.339468681178072016e-09 0.000000000000000000e+00 0.000000000000000000e+00 0.000000000000000000e+00 0.000000000000000000e+00 7.820331608102761877e-08 1.885282054344605115e-08
1.815239694348738553e+00 -7.996901474356282275e-10 3.473938078750744925e-09 0.000000000000000000e+00 0.000000000000000000e+00 5.821907091979918289e-09 0.000000000000000000e+00 0.000000000000000000e+00 0.000000000000000000e+00 0.000000000000000000e+00 7.181827169715871784e-08 1.731363762501574068e-08
1.894214968115721653e+00 -7.343849425121010786e-10 3.190338159460576952e-09 0.000000000000000000e+00 0.000000000000000000e+00 5.346557720724637481e-09 0.000000000000000000e+00 0.000000000000000000e+00 0.000000000000000000e+00 0.000000000000000000e+00 6.595453982983283742e-08 1.590004591435572599e-08
1.976626203472784393e+00 -6.744127238843244228e-10 2.929887401239455392e-09 0.000000000000000000e+00 0.000000000000000000e+00 4.910017009695054993e-09 0.000000000000000000e+00 0.000000000000000000e+00 0.000000000000000000e+00 0.000000000000000000e+00 6.056949033328376962e-08 1.460185472308960429e-08
2.062622888120131837e+00 -6.195302674378144562e-10 2.689353461389462145e-09 0.000000000000000000e+00 0.000000000000000000e+00 4.509528338491439994e-09 0.000000000000000000e+00 0.000000000000000000e+00 0.000000000000000000e+00 0.000000000000000000e+00 5.562413503870449787e-08 1.341057771045153407e-08
2.152361013489727082e+00 -5.689835269114740029e-10 2.469394047097173358e-09 0.000000000000000000e+00 0.000000000000000000e+00 4.141507146324658718e-09 0.000000000000000000e+00 0.000000000000000000e+00 0.000000000000000000e+00 0.000000000000000000e+00 5.108261339916061755e-08 1.231605074650312675e-08
2.246003357701860548e+00 -5.225457674250048433e-10 2.267520734657982023e-09 0.000000000000000000e+00 0.000000000000000000e+00 3.803491727551848257e-09 0.000000000000000000e+00 0.000000000000000000e+00 0.000000000000000000e+00 0.000000000000000000e+00 4.691185961536241658e-08 1.131081024076043498e-08
2.343719780832254074e+00 -4.798872003690271099e-10 2.082218468065524690e-09 0.000000000000000000e+00 0.000000000000000000e+00 3.493042944225800258e-09 0.000000000000000000e+00 0.000000000000000000e+00 0.000000000000000000e+00 0.000000000000000000e+00 4.308166013635731506e-08 1.038757626989652255e-08
2.445687533025294069e+00 -4.406803062234783320e-10 1.912268425043045620e-09 0.000000000000000000e+00 0.000000000000000000e+00 3.207868728711531299e-09 0.000000000000000000e+00 0.000000000000000000e+00 0.000000000000000000e+00 0.000000000000000000e+00 3.956414749679699303e-08 9.539564558548166228e-09
2.552091576012282204e+00 -4.046957421516001244e-10 1.756053751291462931e-09 0.000000000000000000e+00 0.000000000000000000e+00 2.946013631553198363e-09 0.000000000000000000e+00 0.000000000000000000e+00 0.000000000000000000e+00 0.000000000000000000e+00 3.633383072784720433e-08 8.760859965424690685e-09
2.663124918617922887e+00 -3.716320907567407469e-10 1.612725378234315742e-09 0.000000000000000000e+00 0.000000000000000000e+00 2.705489916871862644e-09 0.000000000000000000e+00 0.000000000000000000e+00 0.000000000000000000e+00 0.000000000000000000e+00 3.336726123630969599e-08 8.045630795096927766e-09
2.778988966863618959e+00 -3.412799149421730111e-10 1.481018751670363587e-09 0.000000000000000000e+00 0.000000000000000000e+00 2.484627252299503252e-09 0.000000000000000000e+00 0.000000000000000000e+00 0.000000000000000000e+00 0.000000000000000000e+00 3.064292236945844062e-08 7.388835134223947251e-09
2.899893889302647576e+00 -3.133975359758191301e-10 1.360137762130390194e-09 0.000000000000000000e+00 0.000000000000000000e+00 2.281765615028166408e-09 0.000000000000000000e+00 0.000000000000000000e+00 0.000000000000000000e+00 0.000000000000000000e+00 2.814099871981150002e-08 6.785599913340064355e-09
3.026058998249895549e+00 -2.879084684703540364e-10 1.248334772018583449e-09 0.000000000000000000e+00 0.000000000000000000e+00 2.095685254688709483e-09 0.000000000000000000e+00 0.000000000000000000e+00 0.000000000000000000e+00 0.000000000000000000e+00 2.584333301482155338e-08 6.232105878292069885e-09
3.157713147597687176e+00 -2.644470272660987021e-10 1.145986545421795632e-09 0.000000000000000000e+00 0.000000000000000000e+00 1.924734467403987624e-09 0.000000000000000000e+00 0.000000000000000000e+00 0.000000000000000000e+00 0.000000000000000000e+00 2.373330673662706286e-08 5.723665208716335950e-09
3.295095147939301583e+00 -2.428822955987009511e-10 1.052118578483389125e-09 0.000000000000000000e+00 0.000000000000000000e+00 1.767709502398931656e-09 0.000000000000000000e+00 0.000000000000000000e+00 0.000000000000000000e+00 0.000000000000000000e+00 2.179555622871373819e-08 5.256672304192875245e-09
3.438454199753187890e+00 -2.230659829367089212e-10 9.659997530111716218e-10 0.000000000000000000e+00 0.000000000000000000e+00 1.623479496193780842e-09 0.000000000000000000e+00 0.000000000000000000e+00 0.000000000000000000e+00 0.000000000000000000e+00 2.001601372979528201e-08 4.827748695549084640e-09
3.588050345433644761e+00 -2.048588762896993314e-10 8.869749843379222240e-10 0.000000000000000000e+00 0.000000000000000000e+00 1.491004522159493536e-09 0.000000000000000000e+00 0.000000000000000000e+00 0.000000000000000000e+00 0.000000000000000000e+00 1.838178649226508557e-08 4.433793133127324983e-09
3.744154940987900027e+00 -1.881115653427264176e-10 8.146057294305423407e-10 0.000000000000000000e+00 0.000000000000000000e+00 1.369277795943579246e-09 0.000000000000000000e+00 0.000000000000000000e+00 0.000000000000000000e+00 0.000000000000000000e+00 1.688093816774993612e-08 4.071852616756910034e-09
3.907051148255233031e+00 -1.727491987149006546e-10 7.480230940131747720e-10 0.000000000000000000e+00 0.000000000000000000e+00 1.257522198084417923e-09 0.000000000000000000e+00 0.000000000000000000e+00 0.000000000000000000e+00 0.000000000000000000e+00 1.550268112106364063e-08 3.739530874764459162e-09
4.077034448540966416e+00 -1.586572944802127251e-10 6.867736766277051544e-10 0.000000000000000000e+00 0.000000000000000000e+00 1.154914623280308796e-09 0.000000000000000000e+00 0.000000000000000000e+00 0.000000000000000000e+00 0.000000000000000000e+00 1.423689944073463803e-08 3.434398662154791306e-09
4.254413178597033607e+00 -1.457215580638140340e-10 6.304574462770719517e-10 0.000000000000000000e+00 0.000000000000000000e+00 1.060722813205283039e-09 0.000000000000000000e+00 0.000000000000000000e+00 0.000000000000000000e+00 0.000000000000000000e+00 1.307449599334518086e-08 3.154267043507745160e-09
4.439509089921354956e+00 -1.338118380885922221e-10 5.789500192931678982e-10 0.000000000000000000e+00 0.000000000000000000e+00 9.741603273904504077e-10 0.000000000000000000e+00 0.000000000000000000e+00 0.000000000000000000e+00 0.000000000000000000e+00 1.200700076823574650e-08 2.896873253810338782e-09
4.632657932390524813e+00 -1.228680032249215775e-10 5.316970246876484499e-10 0.000000000000000000e+00 0.000000000000000000e+00 8.946474907183987036e-10 0.000000000000000000e+00 0.000000000000000000e+00 0.000000000000000000e+00 0.000000000000000000e+00 1.102665368157314617e-08 2.660449574412141887e-09
4.834210063284507086e+00 -1.128223256993919959e-10 4.882800095912178220e-10 0.000000000000000000e+00 0.000000000000000000e+00 8.216279121609092414e-10 0.000000000000000000e+00 0.000000000000000000e+00 0.000000000000000000e+00 0.000000000000000000e+00 1.012634128207301296e-08 2.443333999983670743e-09
5.044531082808031641e+00 -1.036378946486622307e-10 4.481343011889084605e-10 0.000000000000000000e+00 0.000000000000000000e+00 7.546379427491767624e-10 0.000000000000000000e+00 0.000000000000000000e+00 0.000000000000000000e+00 0.000000000000000000e+00 9.299552152988276889e-09 2.244099806695937386e-09
5.264002497261512481e+00 -9.517647530954790558e-11 4.114342314479262771e-10 0.000000000000000000e+00 0.000000000000000000e+00 6.930834394772040373e-10 0.000000000000000000e+00 0.000000000000000000e+00 0.000000000000000000e+00 0.000000000000000000e+00 8.540253173825683046e-09 2.061058358204762109e-09
5.493022411064389487e+00 -8.740223061375862923e-11 3.777515811626842630e-10 0.000000000000000000e+00 0.000000000000000000e+00 6.365509847388850156e-10 0.000000000000000000e+00 0.000000000000000000e+00 0.000000000000000000e+00 0.000000000000000000e+00 7.842958835846936845e-09 1.892950544021936692e-09
5.732006248886219346e+00 -8.026007541808643416e-11 3.468431316677294963e-10 0.000000000000000000e+00 0.000000000000000000e+00 5.846250166244244210e-10 0.000000000000000000e+00 0.000000000000000000e+00 0.000000000000000000e+00 0.000000000000000000e+00 7.202597388181869504e-09 1.738547519333355575e-09
5.981387509195349672e+00 -7.369646367492537572e-11 3.185000228125743204e-10 0.000000000000000000e+00 0.000000000000000000e+00 5.369202553313083154e-10 0.000000000000000000e+00 0.000000000000000000e+00 0.000000000000000000e+00 0.000000000000000000e+00 6.614510282265027879e-09 1.596706336727756413e-09
6.241618550592113124e+00 -6.768051582316462404e-11 2.923837996203589428e-10 0.000000000000000000e+00 0.000000000000000000e+00 4.931383660540381742e-10 0.000000000000000000e+00 0.000000000000000000e+00 0.000000000000000000e+00 0.000000000000000000e+00 6.074452991100539951e-09 1.466515784279404669e-09
6.513171412352854794e+00 -6.214405908355169320e-11 2.684707553153776086e-10 0.000000000000000000e+00 0.000000000000000000e+00 4.529173357813612087e-10 0.000000000000000000e+00 0.000000000000000000e+00 0.000000000000000000e+00 0.000000000000000000e+00 5.578479495688794410e-09 1.346920007059508974e-09
6.796538670673194282e+00 -5.705342583717045253e-11 2.465635982703083510e-10 0.000000000000000000e+00 0.000000000000000000e+00 4.159592274925435878e-10 0.000000000000000000e+00 0.000000000000000000e+00 0.000000000000000000e+00 0.000000000000000000e+00 5.123000579158911472e-09 1.237042260865408803e-09
7.092234332163717347e+00 -5.240220443503328394e-11 2.262833632871116527e-10 0.000000000000000000e+00 0.000000000000000000e+00 3.820589157967976974e-10 0.000000000000000000e+00 0.000000000000000000e+00 0.000000000000000000e+00 0.000000000000000000e+00 4.704708785699086572e-09 1.136227650293320923e-09
7.400794766218779408e+00 -4.812348980415575786e-11 2.077000945937583669e-10 0.000000000000000000e+00 0.000000000000000000e+00 3.509211252268674774e-10 0.000000000000000000e+00 0.000000000000000000e+00 0.000000000000000000e+00 0.000000000000000000e+00 4.320567166313500141e-09 1.043635088260593413e-09
7.722779677949724864e+00 -4.418341071559754123e-11 1.907100120559251774e-10 0.000000000000000000e+00 0.000000000000000000e+00 3.223053804843146025e-10 0.000000000000000000e+00 0.000000000000000000e+00 0.000000000000000000e+00 0.000000000000000000e+00 3.967803275583343586e-09 9.585527408848724985e-10
8.058773123447286579e+00 -4.056295142458349533e-11 1.751290631277834320e-10 0.000000000000000000e+00 0.000000000000000000e+00 2.960145152498161409e-10 0.000000000000000000e+00 0.000000000000000000e+00 0.000000000000000000e+00 0.000000000000000000e+00 3.643827333997287151e-09 8.803918473202325663e-10
8.409384569214836347e+00 -3.723914908889561928e-11 1.608039356890353044e-10 0.000000000000000000e+00 0.000000000000000000e+00 2.718810325532137637e-10 0.000000000000000000e+00 0.000000000000000000e+00 0.000000000000000000e+00 0.000000000000000000e+00 3.346305804237282424e-09 8.086373749734307541e-10
8.775249997694164250e+00 -3.418040904756659662e-11 1.476963558049635887e-10 0.000000000000000000e+00 0.000000000000000000e+00 2.497019733378768584e-10 0.000000000000000000e+00 0.000000000000000000e+00 0.000000000000000000e+00 0.000000000000000000e+00 3.073075731927479828e-09 7.427046999821581056e-10
9.157033060889162357e+00 -3.138704031488108432e-11 1.355510536438370575e-10 0.000000000000000000e+00 0.000000000000000000e+00 2.293608444035271818e-10 0.000000000000000000e+00 0.000000000000000000e+00 0.000000000000000000e+00 0.000000000000000000e+00 2.822159160104566883e-09 6.822188718235629624e-10
9.555426284179983298e+00 -2.881773378834320360e-11 1.244222383666092211e-10 0.000000000000000000e+00 0.000000000000000000e+00 2.106764104573636430e-10 0.000000000000000000e+00 0.000000000000000000e+00 0.000000000000000000e+00 0.000000000000000000e+00 2.591728647379987391e-09 6.266641031108966740e-10
9.971152322511294130e+00 -2.644955712264499599e-11 1.142663542689461686e-10 0.000000000000000000e+00 0.000000000000000000e+00 1.934985794573498840e-10 0.000000000000000000e+00 0.000000000000000000e+00 0.000000000000000000e+00 0.000000000000000000e+00 2.380106759478195863e-09 5.755975282451184594e-10
1.040496527123328008e+01 -2.427693581014093800e-11 1.049217747497169199e-10 0.000000000000000000e+00 0.000000000000000000e+00 1.777290313417548717e-10 0.000000000000000000e+00 0.000000000000000000e+00 0.000000000000000000e+00 0.000000000000000000e+00 2.185758879081505764e-09 5.287165880986990152e-10
1.085765203397312817e+01 -2.227915183245042899e-11 9.635703343612104246e-11 0.000000000000000000e+00 0.000000000000000000e+00 1.632431707416529849e-10 0.000000000000000000e+00 0.000000000000000000e+00 0.000000000000000000e+00 0.000000000000000000e+00 2.007283257054021648e-09 4.856518840985852981e-10
1.133003375001824686e+01 -2.045607961323333397e-11 8.841230530586360331e-11 0.000000000000000000e+00 0.000000000000000000e+00 1.499580032948208534e-10 0.000000000000000000e+00 0.000000000000000000e+00 0.000000000000000000e+00 0.000000000000000000e+00 1.843390249634552699e-09 4.461506623336350149e-10
1.182296728380033457e+01 -1.876910378742717764e-11 8.120484104139251622e-11 0.000000000000000000e+00 0.000000000000000000e+00 1.377364476894726488e-10 0.000000000000000000e+00 0.000000000000000000e+00 0.000000000000000000e+00 0.000000000000000000e+00 1.692862387120718478e-09 4.098219542677994294e-10
1.233734677918219091e+01 -1.722413128672043273e-11 7.455824986973730006e-11 0.000000000000000000e+00 0.000000000000000000e+00 1.265174797639786291e-10 0.000000000000000000e+00 0.000000000000000000e+00 0.000000000000000000e+00 0.000000000000000000e+00 1.554628135295287868e-09 3.764715782778054677e-10
1.287410528136649646e+01 -1.580149671569284829e-11 6.847771956846202756e-11 0.000000000000000000e+00 0.000000000000000000e+00 1.162117953622165103e-10 0.000000000000000000e+00 0.000000000000000000e+00 0.000000000000000000e+00 0.000000000000000000e+00 1.427694385361837804e-09 3.458367898135826350e-10
1.343421642936872473e+01 -1.450031904879439558e-11 6.285798619658332791e-11 0.000000000000000000e+00 0.000000000000000000e+00 1.067535368923873431e-10 0.000000000000000000e+00 0.000000000000000000e+00 0.000000000000000000e+00 0.000000000000000000e+00 1.311105876953168602e-09 3.177202703922205895e-10
1.401869622212410427e+01 -1.330150396302254276e-11 5.772579669283618693e-11 0.000000000000000000e+00 0.000000000000000000e+00 9.806087400217461487e-11 0.000000000000000000e+00 0.000000000000000000e+00 0.000000000000000000e+00 0.000000000000000000e+00 1.204050097069734212e-09 2.918816926747041343e-10
1.462860486143227945e+01 -1.219883360607258096e-11 5.302170984481759530e-11 0.000000000000000000e+00 0.000000000000000000e+00 9.007686024201885344e-11 0.000000000000000000e+00 0.000000000000000000e+00 0.000000000000000000e+00 0.000000000000000000e+00 1.105725877924760507e-09 2.681510404102927302e-10
1.526504867508253582e+01 -1.118995031224280395e-11 4.867856077167438555e-11 0.000000000000000000e+00 0.000000000000000000e+00 8.274813990899504712e-11 0.000000000000000000e+00 0.000000000000000000e+00 0.000000000000000000e+00 0.000000000000000000e+00 1.015438667076811989e-09 2.463672224085853566e-10
1.592918212364812369e+01 -1.026027816930976331e-11 4.471051502891209493e-11 0.000000000000000000e+00 0.000000000000000000e+00 7.601393632148180802e-11 0.000000000000000000e+00 0.000000000000000000e+00 0.000000000000000000e+00 0.000000000000000000e+00 9.325142963764255643e-10 2.263524669264256787e-10
1.662220989458974074e+01 -9.407536051497099025e-12 4.105974300421517528e-11 0.000000000000000000e+00 0.000000000000000000e+00 6.983116649943374722e-11 0.000000000000000000e+00 0.000000000000000000e+00 0.000000000000000000e+00 0.000000000000000000e+00 8.563639286297433236e-10 2.079759716747840063e-10
1.734538908746677066e+01 -8.622537523564875884e-12 3.772059583495649258e-11 0.000000000000000000e+00 0.000000000000000000e+00 6.414900247610296741e-11 0.000000000000000000e+00 0.000000000000000000e+00 0.000000000000000000e+00 0.000000000000000000e+00 7.864305434746759421e-10 1.910896608835805981e-10
1.810003149422011504e+01 -7.903806339831951727e-12 3.463952987468711596e-11 0.000000000000000000e+00 0.000000000000000000e+00 5.893448423238074190e-11 0.000000000000000000e+00 0.000000000000000000e+00 0.000000000000000000e+00 0.000000000000000000e+00 7.222114955142304472e-10 1.755925582953480443e-10
1.888750597866273750e+01 -7.241420095181483618e-12 3.182635057541220001e-11 0.000000000000000000e+00 0.000000000000000000e+00 5.414198380202490710e-11 0.000000000000000000e+00 0.000000000000000000e+00 0.000000000000000000e+00 0.000000000000000000e+00 6.632313691352395345e-10 1.613506181320623561e-10
1.970924095949434118e+01 -6.633928274934886184e-12 2.923628438992839872e-11 0.000000000000000000e+00 0.000000000000000000e+00 4.974171516315259567e-11 0.000000000000000000e+00 0.000000000000000000e+00 0.000000000000000000e+00 0.000000000000000000e+00 6.090714833773198385e-10 1.482754885596936253e-10
2.056672700134400245e+01 -6.075905484726336105e-12 2.685959874814415977e-11 0.000000000000000000e+00 0.000000000000000000e+00 4.570042516659937203e-11 0.000000000000000000e+00 0.000000000000000000e+00 0.000000000000000000e+00 0.000000000000000000e+00 5.593286183044291802e-10 1.362670010976470741e-10
2.146151951854085382e+01 -5.563590493785625117e-12 2.467647352865481815e-11 0.000000000000000000e+00 0.000000000000000000e+00 4.198876019214493479e-11 0.000000000000000000e+00 0.000000000000000000e+00 0.000000000000000000e+00 0.000000000000000000e+00 5.136530733883732286e-10 1.252388202630622686e-10
2.239524159651707436e+01 -5.092723916884030963e-12 2.267446332231146086e-11 0.000000000000000000e+00 0.000000000000000000e+00 3.857922275930265699e-11 0.000000000000000000e+00 0.000000000000000000e+00 0.000000000000000000e+00 0.000000000000000000e+00 4.717006992609648397e-10 1.151092078543465211e-10
2.336958693596119829e+01 -4.660533994479007660e-12 2.083450989546543444e-11 0.000000000000000000e+00 0.000000000000000000e+00 3.544817942401577401e-11 0.000000000000000000e+00 0.000000000000000000e+00 0.000000000000000000e+00 0.000000000000000000e+00 4.331829002259673813e-10 1.058075987584275222e-10
2.438632292506208543e+01 -4.262324770415057708e-12 1.915446324515553860e-11 0.000000000000000000e+00 0.000000000000000000e+00 3.257060210316112784e-11 0.000000000000000000e+00 0.000000000000000000e+00 0.000000000000000000e+00 0.000000000000000000e+00 3.978025450698707325e-10 9.725964403064444065e-11
2.544729384541637174e+01 -3.897212377775360459e-12 1.760783633288933377e-11 0.000000000000000000e+00 0.000000000000000000e+00 2.992866156335543028e-11 0.000000000000000000e+00 0.000000000000000000e+00 0.000000000000000000e+00 0.000000000000000000e+00 3.653124550386920761e-10 8.941241410185700657e-11
2.655442421741480175e+01 -3.561462615666125021e-12 1.619104849212609572e-11 0.000000000000000000e+00 0.000000000000000000e+00 2.750157338017067354e-11 0.000000000000000000e+00 0.000000000000000000e+00 0.000000000000000000e+00 0.000000000000000000e+00 3.354783179611900164e-10 8.220380180536188994e-11
2.770972229117543861e+01 -3.253953535606150102e-12 1.488446136912320704e-11 0.000000000000000000e+00 0.000000000000000000e+00 2.527320377167441965e-11 0.000000000000000000e+00 0.000000000000000000e+00 0.000000000000000000e+00 0.000000000000000000e+00 3.080779306305623834e-10 7.558664847028999397e-11
2.891528368935641069e+01 -2.969742680594402777e-12 1.369775995384864638e-11 0.000000000000000000e+00 0.000000000000000000e+00 2.322449387708666845e-11 0.000000000000000000e+00 0.000000000000000000e+00 0.000000000000000000e+00 0.000000000000000000e+00 2.829174854583330802e-10 6.950255106919370823e-11
3.017329520845564517e+01 -2.709733402017884032e-12 1.260170471562855238e-11 0.000000000000000000e+00 0.000000000000000000e+00 2.134364496882243966e-11 0.000000000000000000e+00 0.000000000000000000e+00 0.000000000000000000e+00 0.000000000000000000e+00 2.598120398785459953e-10 6.391856987619472655e-11
3.148603878549312896e+01 -2.470994021835413021e-12 1.159551804917195014e-11 0.000000000000000000e+00 0.000000000000000000e+00 1.961607733100350465e-11 0.000000000000000000e+00 0.000000000000000000e+00 0.000000000000000000e+00 0.000000000000000000e+00 2.385932825080395671e-10 5.879068507251956985e-11
3.285589563727066320e+01 -2.251489247697895067e-12 1.067430431395201856e-11 0.000000000000000000e+00 0.000000000000000000e+00 1.802896537892057057e-11 0.000000000000000000e+00 0.000000000000000000e+00 0.000000000000000000e+00 0.000000000000000000e+00 2.191067350929688604e-10 5.407998682397499746e-11
3.428535057971772204e+01 -2.050399716508273762e-12 9.825231689518308471e-12 0.000000000000000000e+00 0.000000000000000000e+00 1.657161312370556624e-11 0.000000000000000000e+00 0.000000000000000000e+00 0.000000000000000000e+00 0.000000000000000000e+00 2.012131765184592243e-10 4.975598871712168142e-11
3.577699653515814759e+01 -1.864318147456951568e-12 9.056258805889554375e-12 0.000000000000000000e+00 0.000000000000000000e+00 1.523147742788879033e-11 0.000000000000000000e+00 0.000000000000000000e+00 0.000000000000000000e+00 0.000000000000000000e+00 1.847807870063204638e-10 4.577865330012022282e-11
3.733353923567363353e+01 -1.695113481469111000e-12 8.339381831676628500e-12 0.000000000000000000e+00 0.000000000000000000e+00 1.400170688427697187e-11 0.000000000000000000e+00 0.000000000000000000e+00 0.000000000000000000e+00 0.000000000000000000e+00 1.696916254496374790e-10 4.213240911808532716e-11
3.895780213109558332e+01 -1.538488023737877998e-12 7.690766830500893790e-12 0.000000000000000000e+00 0.000000000000000000e+00 1.287110054940739645e-11 0.000000000000000000e+00 0.000000000000000000e+00 0.000000000000000000e+00 0.000000000000000000e+00 1.558336106954845632e-10 3.877860153904616056e-11
4.065273151052780776e+01 -1.394876600019908543e-12 7.094400459891142633e-12 0.000000000000000000e+00 0.000000000000000000e+00 1.183257016871223265e-11 0.000000000000000000e+00 0.000000000000000000e+00 0.000000000000000000e+00 0.000000000000000000e+00 1.431091720716092560e-10 3.569942294798774245e-11
4.242140184669047898e+01 -1.263723976688704229e-12 6.543304600801766243e-12 0.000000000000000000e+00 0.000000000000000000e+00 1.087870503473465581e-11 0.000000000000000000e+00 0.000000000000000000e+00 0.000000000000000000e+00 0.000000000000000000e+00 1.314225896953140500e-10 3.287357037536585522e-11
4.426702137277933247e+01 -1.143225615115887862e-12 6.038927107497975774e-12 0.000000000000000000e+00 0.000000000000000000e+00 1.000219061925127546e-11 0.000000000000000000e+00 0.000000000000000000e+00 0.000000000000000000e+00 0.000000000000000000e+00 1.206937323788030783e-10 3.027760159708985851e-11
4.619293790195614946e+01 -1.032099629114404647e-12 5.580128970615871049e-12 0.000000000000000000e+00 0.000000000000000000e+00 9.196686122291851315e-12 0.000000000000000000e+00 0.000000000000000000e+00 0.000000000000000000e+00 0.000000000000000000e+00 1.108394216705408035e-10 2.789144500447630465e-11
4.820264490002678315e+01 -9.306222611775326973e-13 5.156795603620907081e-12 0.000000000000000000e+00 0.000000000000000000e+00 8.456802065852205223e-12 0.000000000000000000e+00 0.000000000000000000e+00 0.000000000000000000e+00 0.000000000000000000e+00 1.017925764484922024e-10 2.570195165481626851e-11
5.029978782232173273e+01 -8.375351971769675108e-13 4.769107690327648201e-12 0.000000000000000000e+00 0.000000000000000000e+00 7.776740389851965754e-12 0.000000000000000000e+00 0.000000000000000000e+00 0.000000000000000000e+00 0.000000000000000000e+00 9.348374820605813707e-11 2.369064386398794356e-11
5.248817072627439728e+01 -7.520007312248705970e-13 4.415085646711747276e-12 0.000000000000000000e+00 0.000000000000000000e+00 7.151938731586089978e-12 0.000000000000000000e+00 0.000000000000000000e+00 0.000000000000000000e+00 0.000000000000000000e+00 8.585346715017303511e-11 2.184288787279552128e-11
5.477176317169127628e+01 -6.736093158380837283e-13 4.091072917048039260e-12 0.000000000000000000e+00 0.000000000000000000e+00 6.577736471522812388e-12 0.000000000000000000e+00 0.000000000000000000e+00 0.000000000000000000e+00 0.000000000000000000e+00 7.884753226073953132e-11 2.014566770346379580e-11
5.715470742123107328e+01 -6.019601386211211116e-13 3.793786269702537048e-12 0.000000000000000000e+00 0.000000000000000000e+00 6.049974170814360184e-12 0.000000000000000000e+00 0.000000000000000000e+00 0.000000000000000000e+00 0.000000000000000000e+00 7.241366316831617149e-11 1.858724602383210793e-11
5.964132595415325255e+01 -5.365853197368968118e-13 3.520526788086437438e-12 0.000000000000000000e+00 0.000000000000000000e+00 5.564922393390541202e-12 0.000000000000000000e+00 0.000000000000000000e+00 0.000000000000000000e+00 0.000000000000000000e+00 6.650584226944051565e-11 1.715691943477215346e-11
6.223612930696613432e+01 -4.765747994503020333e-13 3.271993627873025003e-12 0.000000000000000000e+00 0.000000000000000000e+00 5.119142650558051514e-12 0.000000000000000000e+00 0.000000000000000000e+00 0.000000000000000000e+00 0.000000000000000000e+00 6.108113004289350586e-11 1.584218900860141559e-11
6.494382425519634694e+01 -4.219835532395880586e-13 3.043362963004516522e-12 0.000000000000000000e+00 0.000000000000000000e+00 4.709380398652498651e-12 0.000000000000000000e+00 0.000000000000000000e+00 0.000000000000000000e+00 0.000000000000000000e+00 5.609913803885068828e-11 1.463576832101678910e-11
6.776932235112084868e+01 -3.722024817759942640e-13 2.834565448776469724e-12 0.000000000000000000e+00 0.000000000000000000e+00 4.332663634450681388e-12 0.000000000000000000e+00 0.000000000000000000e+00 0.000000000000000000e+00 0.000000000000000000e+00 5.152421850651179427e-11 1.352773659498172255e-11
7.071774883294858682e+01 -3.268766979035135446e-13 2.643726984992370027e-12 0.000000000000000000e+00 0.000000000000000000e+00 3.986378147573958797e-12 0.000000000000000000e+00 0.000000000000000000e+00 0.000000000000000000e+00 0.000000000000000000e+00 4.732215433815538346e-11 1.251010188039060403e-11
7.379445192161182376e+01 -2.858302010905768200e-13 2.468605830066403636e-12 0.000000000000000000e+00 0.000000000000000000e+00 3.667988831273819344e-12 0.000000000000000000e+00 0.000000000000000000e+00 0.000000000000000000e+00 0.000000000000000000e+00 4.346514477886423789e-11 1.157639732235351388e-11
7.700501252203143565e+01 -2.485188215216195079e-13 2.309506552568686556e-12 0.000000000000000000e+00 0.000000000000000000e+00 3.375404446869427212e-12 0.000000000000000000e+00 0.000000000000000000e+00 0.000000000000000000e+00 0.000000000000000000e+00 3.992230339403358621e-11 1.071854202455217908e-11
8.035525434645299470e+01 -2.147811567773230519e-13 2.164454010175740038e-12 0.000000000000000000e+00 0.000000000000000000e+00 3.106550319404179814e-12 0.000000000000000000e+00 0.000000000000000000e+00 0.000000000000000000e+00 0.000000000000000000e+00 3.666858284916876959e-11 9.930823714866192157e-12
8.385125447821714317e+01 -1.845772600968656272e-13 2.031364608496684717e-12 0.000000000000000000e+00 0.000000000000000000e+00 2.859241475101148968e-12 0.000000000000000000e+00 0.000000000000000000e+00 0.000000000000000000e+00 0.000000000000000000e+00 3.368010410380618655e-11 9.208247917445326024e-12
8.749935439512539403e+01 -1.576179471636399291e-13 1.909790997327191079e-12 0.000000000000000000e+00 0.000000000000000000e+00 2.631752909743264739e-12 0.000000000000000000e+00 0.000000000000000000e+00 0.000000000000000000e+00 0.000000000000000000e+00 3.093570464450766836e-11 8.545298980503076068e-12
9.130617147239769338e+01 -1.334488195432014088e-13 1.799888006736432059e-12 0.000000000000000000e+00 0.000000000000000000e+00 2.423062686021737685e-12 0.000000000000000000e+00 0.000000000000000000e+00 0.000000000000000000e+00 0.000000000000000000e+00 2.841541518226501841e-11 7.936270236775491368e-12
9.527861098608673274e+01 -1.121862331678809249e-13 1.699588014624379845e-12 0.000000000000000000e+00 0.000000000000000000e+00 2.231163811499037683e-12 0.000000000000000000e+00 0.000000000000000000e+00 0.000000000000000000e+00 0.000000000000000000e+00 2.610007078853486427e-11 7.377659469952409797e-12
9.942387863872237119e+01 -9.363197696535665422e-14 1.608266393543050468e-12 0.000000000000000000e+00 0.000000000000000000e+00 2.054845712264090576e-12 0.000000000000000000e+00 0.000000000000000000e+00 0.000000000000000000e+00 0.000000000000000000e+00 2.397452747471498719e-11 6.865469785422264176e-12
1.037494936299070645e+02 -7.766096122685133372e-14 1.525315268767643123e-12 0.000000000000000000e+00 0.000000000000000000e+00 1.892848840425003636e-12 0.000000000000000000e+00 0.000000000000000000e+00 0.000000000000000000e+00 0.000000000000000000e+00 2.202165952855106317e-11 6.395854790880794188e-12
1.082633022955706252e+02 -6.402671468139195235e-14 1.450506549463674825e-12 0.000000000000000000e+00 0.000000000000000000e+00 1.744412972423377564e-12 0.000000000000000000e+00 0.000000000000000000e+00 0.000000000000000000e+00 0.000000000000000000e+00 2.022805763160985162e-11 5.964956096835567485e-12
1.129734923406257820e+02 -5.274732462774491147e-14 1.382900771255128939e-12 0.000000000000000000e+00 0.000000000000000000e+00 1.608250772858105854e-12 0.000000000000000000e+00 0.000000000000000000e+00 0.000000000000000000e+00 0.000000000000000000e+00 1.858032486888555172e-11 5.570134685363089248e-12
1.178886076908408143e+02 -4.374357234254241245e-14 1.321941628308963828e-12 0.000000000000000000e+00 0.000000000000000000e+00 1.483396251087153398e-12 0.000000000000000000e+00 0.000000000000000000e+00 0.000000000000000000e+00 0.000000000000000000e+00 1.706684326740378059e-11 5.208649943476936081e-12
1.230175639908698031e+02 -3.679508352715564376e-14 1.267579465594457256e-12 0.000000000000000000e+00 0.000000000000000000e+00 1.369412252252717957e-12 0.000000000000000000e+00 0.000000000000000000e+00 0.000000000000000000e+00 0.000000000000000000e+00 1.567681079971907058e-11 4.877353308998345252e-12
1.283696647765525256e+02 -3.188732024858854323e-14 1.219294530867943065e-12 0.000000000000000000e+00 0.000000000000000000e+00 1.265425922584994767e-12 0.000000000000000000e+00 0.000000000000000000e+00 0.000000000000000000e+00 0.000000000000000000e+00 1.439982917817612715e-11 4.574140231728171451e-12
1.339546183508192598e+02 -2.891176306960867420e-14 1.176846733853644591e-12 0.000000000000000000e+00 0.000000000000000000e+00 1.170849522368061472e-12 0.000000000000000000e+00 0.000000000000000000e+00 0.000000000000000000e+00 0.000000000000000000e+00 1.322708548909930258e-11 4.296753913281847722e-12
1.397825553938130554e+02 -2.776900059417121217e-14 1.140034048089767189e-12 0.000000000000000000e+00 0.000000000000000000e+00 1.085118006462222299e-12 0.000000000000000000e+00 0.000000000000000000e+00 0.000000000000000000e+00 0.000000000000000000e+00 1.215002602636929674e-11 4.043220858927929481e-12
1.458640473391704688e+02 -2.835787871874603800e-14 1.108759640744523264e-12 0.000000000000000000e+00 0.000000000000000000e+00 1.007770519244845810e-12 0.000000000000000000e+00 0.000000000000000000e+00 0.000000000000000000e+00 0.000000000000000000e+00 1.116121661787424337e-11 3.811801482656948012e-12
1.522101255497971692e+02 -3.045103480477131045e-14 1.083208763919009841e-12 0.000000000000000000e+00 0.000000000000000000e+00 9.386837384047864831e-13 0.000000000000000000e+00 0.000000000000000000e+00 0.000000000000000000e+00 0.000000000000000000e+00 1.025321826816418186e-11 3.600365334948091336e-12
1.588323013279193674e+02 -3.398782494276771459e-14 1.063316083768466603e-12 0.000000000000000000e+00 0.000000000000000000e+00 8.772667396762627060e-13 0.000000000000000000e+00 0.000000000000000000e+00 0.000000000000000000e+00 0.000000000000000000e+00 9.419658249230674846e-12 3.407964778366410907e-12
1.657425867957087178e+02 -3.857090415309478624e-14 1.049652657489186628e-12 0.000000000000000000e+00 0.000000000000000000e+00 8.238555092400375042e-13 0.000000000000000000e+00 0.000000000000000000e+00 0.000000000000000000e+00 0.000000000000000000e+00 8.654444590203461562e-12 3.232386179832431483e-12
1.729535166843564582e+02 -4.400518453615273094e-14 1.042593669820257209e-12 0.000000000000000000e+00 0.000000000000000000e+00 7.781523717752475185e-13 0.000000000000000000e+00 0.000000000000000000e+00 0.000000000000000000e+00 0.000000000000000000e+00 7.952390395851618984e-12 3.072838619950951413e-12
1.804781710711205562e+02 -4.979168944347430161e-14 1.042963396441162623e-12 0.000000000000000000e+00 0.000000000000000000e+00 7.405286932288545342e-13 0.000000000000000000e+00 0.000000000000000000e+00 0.000000000000000000e+00 0.000000000000000000e+00 7.308274525726482789e-12 2.927617786851651893e-12
1.883301991055890028e+02 -5.550172767093954905e-14 1.051787490079288967e-12 0.000000000000000000e+00 0.000000000000000000e+00 7.114349440245747436e-13 0.000000000000000000e+00 0.000000000000000000e+00 0.000000000000000000e+00 0.000000000000000000e+00 6.717707802903685467e-12 2.795903103125522547e-12
1.965238437681966275e+02 -6.036178097191541175e-14 1.070513838033197314e-12 0.000000000000000000e+00 0.000000000000000000e+00 6.915548623217061229e-13 0.000000000000000000e+00 0.000000000000000000e+00 0.000000000000000000e+00 0.000000000000000000e+00 6.176511557542030058e-12 2.676083202060204259e-12
2.050739677059069948e+02 -6.355879567735297258e-14 1.100968631412328056e-12 0.000000000000000000e+00 0.000000000000000000e+00 6.821551016802656421e-13 0.000000000000000000e+00 0.000000000000000000e+00 0.000000000000000000e+00 0.000000000000000000e+00 5.680881822110067791e-12 2.567083032146867687e-12
2.139960801919201003e+02 -6.407129298225285039e-14 1.145621250558872822e-12 0.000000000000000000e+00 0.000000000000000000e+00 6.851067289921218901e-13 0.000000000000000000e+00 0.000000000000000000e+00 0.000000000000000000e+00 0.000000000000000000e+00 5.227365049082300605e-12 2.467820524539176166e-12
2.233063652583127521e+02 -6.063171933255570185e-14 1.207697492680602851e-12 0.000000000000000000e+00 0.000000000000000000e+00 7.036071694105914144e-13 0.000000000000000000e+00 0.000000000000000000e+00 0.000000000000000000e+00 0.000000000000000000e+00 4.812698415184765506e-12 2.377010102386109351e-12
2.330217110526390911e+02 -5.173441334197530282e-14 1.291074175077772201e-12 0.000000000000000000e+00 0.000000000000000000e+00 7.421963455963915453e-13 0.000000000000000000e+00 0.000000000000000000e+00 0.000000000000000000e+00 0.000000000000000000e+00 4.433884604774531243e-12 2.293239598674833841e-12
2.431597404717432198e+02 -3.566116723552747511e-14 1.400540320636236137e-12 0.000000000000000000e+00 0.000000000000000000e+00 8.079378299138125542e-13 0.000000000000000000e+00 0.000000000000000000e+00 0.000000000000000000e+00 0.000000000000000000e+00 4.088095039643837155e-12 2.214887329339184452e-12
2.537388431283509647e+02 -1.069103132093906974e-14 1.541594512253065259e-12 0.000000000000000000e+00 0.000000000000000000e+00 9.117130756116769577e-13 0.000000000000000000e+00 0.000000000000000000e+00 0.000000000000000000e+00 0.000000000000000000e+00 3.772655390576718852e-12 2.140314367697567457e-12
2.647782087084258933e+02 2.469188767456293813e-14 1.720336360439796258e-12 0.000000000000000000e+00 0.000000000000000000e+00 1.069836607354400292e-12 0.000000000000000000e+00 0.000000000000000000e+00 0.000000000000000000e+00 0.000000000000000000e+00 3.485166895761848457e-12 2.067839246296949660e-12
2.762978617797970742e+02 7.136278987693403938e-14 1.940198458096003655e-12 0.000000000000000000e+00 0.000000000000000000e+00 1.303573402855448085e-12 0.000000000000000000e+00 0.000000000000000000e+00 0.000000000000000000e+00 0.000000000000000000e+00 3.223392631782410848e-12 1.995278641968199829e-12
2.883186981151989698e+02 1.287081116200268313e-13 2.200426327583475737e-12 0.000000000000000000e+00 0.000000000000000000e+00 1.637860268226352873e-12 0.000000000000000000e+00 0.000000000000000000e+00 0.000000000000000000e+00 0.000000000000000000e+00 2.985279935721889993e-12 1.920749613520256652e-12
3.008625225956113809e+02 1.937298268589604908e-13 2.488744868984982240e-12 0.000000000000000000e+00 0.000000000000000000e+00 2.090482410794983225e-12 0.000000000000000000e+00 0.000000000000000000e+00 0.000000000000000000e+00 0.000000000000000000e+00 2.768739587417314592e-12 1.842444790007339038e-12
3.139520887626504759e+02 2.602255340060172055e-13 2.772541087278608461e-12 0.000000000000000000e+00 0.000000000000000000e+00 2.649320145597575900e-12 0.000000000000000000e+00 0.000000000000000000e+00 0.000000000000000000e+00 0.000000000000000000e+00 2.571854858966409401e-12 1.759054692851453598e-12
3.276111400917600349e+02 3.190282999414201059e-13 2.995064418614778072e-12 0.000000000000000000e+00 0.000000000000000000e+00 3.243057486754744882e-12 0.000000000000000000e+00 0.000000000000000000e+00 0.000000000000000000e+00 0.000000000000000000e+00 2.392825121577965546e-12 1.670189947318056843e-12
3.418644530610662855e+02 3.604187892306535408e-13 3.093503214552410323e-12 0.000000000000000000e+00 0.000000000000000000e+00 3.736001710296989437e-12 0.000000000000000000e+00 0.000000000000000000e+00 0.000000000000000000e+00 0.000000000000000000e+00 2.229820660545241616e-12 1.577121489709548756e-12
3.567378820940206197e+02 3.772395021138927006e-13 3.026269649315903042e-12 0.000000000000000000e+00 0.000000000000000000e+00 3.981566126115543278e-12 0.000000000000000000e+00 0.000000000000000000e+00 0.000000000000000000e+00 0.000000000000000000e+00 2.080942343270739062e-12 1.481483929086023131e-12
3.722584064573538853e+02 3.682226742357914897e-13 2.805581866150030693e-12 0.000000000000000000e+00 0.000000000000000000e+00 3.913444829118011134e-12 0.000000000000000000e+00 0.000000000000000000e+00 0.000000000000000000e+00 0.000000000000000000e+00 1.944141627687411626e-12 1.385283486985408158e-12
3.884541791994093956e+02 3.379912683627598008e-13 2.489071199989576536e-12 0.000000000000000000e+00 0.000000000000000000e+00 3.583771354969011020e-12 0.000000000000000000e+00 0.000000000000000000e+00 0.000000000000000000e+00 0.000000000000000000e+00 1.817384285709683208e-12 1.290068081197033257e-12
4.053545782176276475e+02 2.945261829395784245e-13 2.145313217109294035e-12 0.000000000000000000e+00 0.000000000000000000e+00 3.110483848141153599e-12 0.000000000000000000e+00 0.000000000000000000e+00 0.000000000000000000e+00 0.000000000000000000e+00 1.698843622549691027e-12 1.197317532095051409e-12
4.229902595478124567e+02 2.457047798724651739e-13 1.825758150348341821e-12 0.000000000000000000e+00 0.000000000000000000e+00 2.603866948036753608e-12 0.000000000000000000e+00 0.000000000000000000e+00 0.000000000000000000e+00 0.000000000000000000e+00 1.587240239746850287e-12 1.108213117731395701e-12
4.413932129718455144e+02 1.978851207529808082e-13 1.558147844816047338e-12 0.000000000000000000e+00 0.000000000000000000e+00 2.136292003922547335e-12 0.000000000000000000e+00 0.000000000000000000e+00 0.000000000000000000e+00 0.000000000000000000e+00 1.482108633863037554e-12 1.024833081772440235e-12
4.605968200447100571e+02 1.548133197162723362e-13 1.352309277975762974e-12 0.000000000000000000e+00 0.000000000000000000e+00 1.741321495981454755e-12 0.000000000000000000e+00 0.000000000000000000e+00 0.000000000000000000e+00 0.000000000000000000e+00 1.383654557387163186e-12 9.483813375957261717e-13
4.806359146460892475e+02 1.187595514049708482e-13 1.208200122386586179e-12 0.000000000000000000e+00 0.000000000000000000e+00 1.430953972433512357e-12 0.000000000000000000e+00 0.000000000000000000e+00 0.000000000000000000e+00 0.000000000000000000e+00 1.292431795615555625e-12 8.802765301229287300e-13
5.015468461663685957e+02 9.119465331385085043e-14 1.122456232506915371e-12 0.000000000000000000e+00 0.000000000000000000e+00 1.208295790503564297e-12 0.000000000000000000e+00 0.000000000000000000e+00 0.000000000000000000e+00 0.000000000000000000e+00 1.208932706027523076e-12 8.211706828038212316e-13
5.233675454416602406e+02 7.350134976226179590e-14 1.091683760157120775e-12 0.000000000000000000e+00 0.000000000000000000e+00 1.075205236617895379e-12 0.000000000000000000e+00 0.000000000000000000e+00 0.000000000000000000e+00 0.000000000000000000e+00 1.133441378092743746e-12 7.710799848318923563e-13
5.461375935574483265e+02 6.715364508837068808e-14 1.113812503766345287e-12 0.000000000000000000e+00 0.000000000000000000e+00 1.037131405029401957e-12 0.000000000000000000e+00 0.000000000000000000e+00 0.000000000000000000e+00 0.000000000000000000e+00 1.066140774574637498e-12 7.296446998342435832e-13
5.698982936456619655e+02 7.316385579899035348e-14 1.185852720739021209e-12 0.000000000000000000e+00 0.000000000000000000e+00 1.104237209607621175e-12 0.000000000000000000e+00 0.000000000000000000e+00 0.000000000000000000e+00 0.000000000000000000e+00 1.007035082905532431e-12 6.954513091833147051e-13
5.946927458054085491e+02 9.077159252961671754e-14 1.298333452900291476e-12 0.000000000000000000e+00 0.000000000000000000e+00 1.286428810625525452e-12 0.000000000000000000e+00 0.000000000000000000e+00 0.000000000000000000e+00 0.000000000000000000e+00 9.557410876682795019e-13 6.665184628206939374e-13
6.205659252832682569e+02 1.154947343597496675e-13 1.423056215831982292e-12 0.000000000000000000e+00 0.000000000000000000e+00 1.566126546625112531e-12 0.000000000000000000e+00 0.000000000000000000e+00 0.000000000000000000e+00 0.000000000000000000e+00 9.112663010345199139e-13 6.402631062942773020e-13
6.475647640549660764e+02 1.386085949182148988e-13 1.507167647580111376e-12 0.000000000000000000e+00 0.000000000000000000e+00 1.858192800402287439e-12 0.000000000000000000e+00 0.000000000000000000e+00 0.000000000000000000e+00 0.000000000000000000e+00 8.719975192993516290e-13 6.145789880156138398e-13
6.757382359563951013e+02 1.497864012730007743e-13 1.495487779846612010e-12 0.000000000000000000e+00 0.000000000000000000e+00 2.021404446331220121e-12 0.000000000000000000e+00 0.000000000000000000e+00 0.000000000000000000e+00 0.000000000000000000e+00 8.357420610492000379e-13 5.881375243398687153e-13
7.051374455184256931e+02 1.430960058107755593e-13 1.379782975202376628e-12 0.000000000000000000e+00 0.000000000000000000e+00 1.970044378142333995e-12 0.000000000000000000e+00 0.000000000000000000e+00 0.000000000000000000e+00 0.000000000000000000e+00 8.004503373065760317e-13 5.604342546097780899e-13
7.358157206666278398e+02 1.208976543827737901e-13 1.204975589911451668e-12 0.000000000000000000e+00 0.000000000000000000e+00 1.736121944001875880e-12 0.000000000000000000e+00 0.000000000000000000e+00 0.000000000000000000e+00 0.000000000000000000e+00 7.653708428901991500e-13 5.312805355933379256e-13
7.678287094540650060e+02 9.167347548677582416e-14 1.029379849508388060e-12 0.000000000000000000e+00 0.000000000000000000e+00 1.415496420517329670e-12 0.000000000000000000e+00 0.000000000000000000e+00 0.000000000000000000e+00 0.000000000000000000e+00 7.315509469860398987e-13 5.016339820616909995e-13
8.012344810026208961e+02 6.451805289502128378e-14 8.943424468374437614e-13 0.000000000000000000e+00 0.000000000000000000e+00 1.109174099094230113e-12 0.000000000000000000e+00 0.000000000000000000e+00 0.000000000000000000e+00 0.000000000000000000e+00 7.008307198956723755e-13 4.735096933512046285e-13
8.360936308359608802e+02 4.620352321568880695e-14 8.182608555556776786e-13 0.000000000000000000e+00 0.000000000000000000e+00 8.988932799015687735e-13 0.000000000000000000e+00 0.000000000000000000e+00 0.000000000000000000e+00 0.000000000000000000e+00 6.747071602543513904e-13 4.495608039610362152e-13
8.724693907951938172e+02 4.131421189913166463e-14 8.036700315373484947e-13 0.000000000000000000e+00 0.000000000000000000e+00 8.341565190654796999e-13 0.000000000000000000e+00 0.000000000000000000e+00 0.000000000000000000e+00 0.000000000000000000e+00 6.543613617399177802e-13 4.316791684222509970e-13
9.104277437366123422e+02 5.142244578014710834e-14 8.388703639294183294e-13 0.000000000000000000e+00 0.000000000000000000e+00 9.247183040491892000e-13 0.000000000000000000e+00 0.000000000000000000e+00 0.000000000000000000e+00 0.000000000000000000e+00 6.406845644847100812e-13 4.197502222041667712e-13
9.500375432195683061e+02 7.146698766594847837e-14 8.919654991365217008e-13 0.000000000000000000e+00 0.000000000000000000e+00 1.124085527378094936e-12 0.000000000000000000e+00 0.000000000000000000e+00 0.000000000000000000e+00 0.000000000000000000e+00 6.329377305290534605e-13 4.115099245185854148e-13
9.913706384015775939e+02 8.769178006379684553e-14 9.105035749067760296e-13 0.000000000000000000e+00 0.000000000000000000e+00 1.278428504272390468e-12 0.000000000000000000e+00 0.000000000000000000e+00 0.000000000000000000e+00 0.000000000000000000e+00 6.282592917030603779e-13 4.040055536370509210e-13
1.034502004367218660e+03 8.656690778081824633e-14 8.658110614759568951e-13 0.000000000000000000e+00 0.000000000000000000e+00 1.262850773201124161e-12 0.000000000000000000e+00 0.000000000000000000e+00 0.000000000000000000e+00 0.000000000000000000e+00 6.225829303544916986e-13 3.949767145851427111e-13
1.079509878127221327e+03 6.761181021975066396e-14 7.831946405541096229e-13 0.000000000000000000e+00 0.000000000000000000e+00 1.102601313281963880e-12 0.000000000000000000e+00 0.000000000000000000e+00 0.000000000000000000e+00 0.000000000000000000e+00 6.137636261694333304e-13 3.834703647611955314e-13
1.126475900534442644e+03 4.364351432200960963e-14 7.053464552467060440e-13 0.000000000000000000e+00 0.000000000000000000e+00 8.698249861671053491e-13 0.000000000000000000e+00 0.000000000000000000e+00 0.000000000000000000e+00 0.000000000000000000e+00 6.041489675968629863e-13 3.708628643923748566e-13
1.175485264374150120e+03 2.996098150305223784e-14 6.664264622208756130e-13 0.000000000000000000e+00 0.000000000000000000e+00 7.069113249470279487e-13 0.000000000000000000e+00 0.000000000000000000e+00 0.000000000000000000e+00 0.000000000000000000e+00 5.980458732209112103e-13 3.609503836495789218e-13
1.226626868897243185e+03 3.597079255970542004e-14 6.753662973906222694e-13 0.000000000000000000e+00 0.000000000000000000e+00 7.454529797604442364e-13 0.000000000000000000e+00 0.000000000000000000e+00 0.000000000000000000e+00 0.000000000000000000e+00 5.991093778741344604e-13 3.563114367357564474e-13
1.279993481076717899e+03 5.598691873307019067e-14 7.062267244799707122e-13 0.000000000000000000e+00 0.000000000000000000e+00 9.333575289629231160e-13 0.000000000000000000e+00 0.000000000000000000e+00 0.000000000000000000e+00 0.000000000000000000e+00 6.075573238346250580e-13 3.555998059625271294e-13
1.335681903879886931e+03 6.431505117230085196e-14 7.015798330378559065e-13 0.000000000000000000e+00 0.000000000000000000e+00 1.002254755743231730e-12 0.000000000000000000e+00 0.000000000000000000e+00 0.000000000000000000e+00 0.000000000000000000e+00 6.186620701697281869e-13 3.545812740478284979e-13
1.393793151861582601e+03 4.512017897457398479e-14 6.503598917687388616e-13 0.000000000000000000e+00 0.000000000000000000e+00 8.465364337621835736e-13 0.000000000000000000e+00 0.000000000000000000e+00 0.000000000000000000e+00 0.000000000000000000e+00 6.277439368964175152e-13 3.499304740142051582e-13
1.454432634396866888e+03 1.651163122240453346e-14 5.889893237416157600e-13 0.000000000000000000e+00 0.000000000000000000e+00 5.722606575508918661e-13 0.000000000000000000e+00 0.000000000000000000e+00 0.000000000000000000e+00 0.000000000000000000e+00 6.360559805858694093e-13 3.424895491789031135e-13
1.517710346885595754e+03 6.828719848838093364e-15 5.592592073750859218e-13 0.000000000000000000e+00 0.000000000000000000e+00 4.804718874000898203e-13 0.000000000000000000e+00 0.000000000000000000e+00 0.000000000000000000e+00 0.000000000000000000e+00 6.502918624152354075e-13 3.385398560212438248e-13
1.583741070275696984e+03 2.805586592013851334e-14 5.862272982532599808e-13 0.000000000000000000e+00 0.000000000000000000e+00 6.560018695247181565e-13 0.000000000000000000e+00 0.000000000000000000e+00 0.000000000000000000e+00 0.000000000000000000e+00 6.761636648430967362e-13 3.426887445437864353e-13
1.652644579267060635e+03 4.730353056675719913e-14 6.242072624693090526e-13 0.000000000000000000e+00 0.000000000000000000e+00 7.936023850387621910e-13 0.000000000000000000e+00 0.000000000000000000e+00 0.000000000000000000e+00 0.000000000000000000e+00 7.096264189558414812e-13 3.532389626671882007e-13
1.724545859573716598e+03 2.669476779363298777e-14 6.360766733925565874e-13 0.000000000000000000e+00 0.000000000000000000e+00 6.695516043697843665e-13 0.000000000000000000e+00 0.000000000000000000e+00 0.000000000000000000e+00 0.000000000000000000e+00 7.406910645469852037e-13 3.651337539477977022e-13
1.799575334638394452e+03 -4.844460371907501727e-15 6.307750957001042033e-13 0.000000000000000000e+00 0.000000000000000000e+00 4.253038723487387453e-13 0.000000000000000000e+00 0.000000000000000000e+00 0.000000000000000000e+00 0.000000000000000000e+00 7.662820409150627250e-13 3.751841617120345364e-13
1.877869102210708206e+03 -4.964132754691302124e-15 6.636245177611725609e-13 0.000000000000000000e+00 0.000000000000000000e+00 4.399966622511147986e-13 0.000000000000000000e+00 0.000000000000000000e+00 0.000000000000000000e+00 0.000000000000000000e+00 7.963973218753166431e-13 3.877807399348889937e-13
1.959569181218102358e+03 -8.445733574789475334e-15 7.271092142176380867e-13 0.000000000000000000e+00 0.000000000000000000e+00 4.154647306839766582e-13 0.000000000000000000e+00 0.000000000000000000e+00 0.000000000000000000e+00 0.000000000000000000e+00 8.355739466504298537e-13 4.036359227131411628e-13
2.044823769377360577e+03 -4.252913269029690792e-14 7.265533346546344799e-13 0.000000000000000000e+00 0.000000000000000000e+00 2.058552119976146078e-13 0.000000000000000000e+00 0.000000000000000000e+00 0.000000000000000000e+00 0.000000000000000000e+00 8.713370465296216129e-13 4.114319656276420086e-13
2.133787512013977448e+03 -4.001530996151734694e-14 6.995238924344637053e-13 0.000000000000000000e+00 0.000000000000000000e+00 1.907352019814181692e-13 0.000000000000000000e+00 0.000000000000000000e+00 0.000000000000000000e+00 0.000000000000000000e+00 8.955532504729104389e-13 4.064374070414296383e-13
2.226621782576980422e+03 -1.831882468453874089e-14 7.073734546740862536e-13 0.000000000000000000e+00 0.000000000000000000e+00 2.808920835902121104e-13 0.000000000000000000e+00 0.000000000000000000e+00 0.000000000000000000e+00 0.000000000000000000e+00 9.111413254344845438e-13 4.089813411628365366e-13
2.323494975358078136e+03 -3.676513595134149664e-14 7.405538117375356575e-13 0.000000000000000000e+00 0.000000000000000000e+00 2.482336663062679408e-13 0.000000000000000000e+00 0.000000000000000000e+00 0.000000000000000000e+00 0.000000000000000000e+00 9.172079321382264850e-13 4.213732235742621203e-13
2.424582810946065820e+03 -3.034684867746258542e-14 7.020193497830450252e-13 0.000000000000000000e+00 0.000000000000000000e+00 2.622027149388392285e-13 0.000000000000000000e+00 0.000000000000000000e+00 0.000000000000000000e+00 0.000000000000000000e+00 9.140689387251366340e-13 4.017047875909958065e-13
2.530068654970585612e+03 -7.211036087899782124e-15 5.716138384752644394e-13 0.000000000000000000e+00 0.000000000000000000e+00 3.079522425212695454e-13 0.000000000000000000e+00 0.000000000000000000e+00 0.000000000000000000e+00 0.000000000000000000e+00 8.990354044432750221e-13 3.494749198548817507e-13
2.640143850713400752e+03 -1.979881188706475192e-14 5.066685027780800726e-13 0.000000000000000000e+00 0.000000000000000000e+00 2.442884675585498632e-13 0.000000000000000000e+00 0.000000000000000000e+00 0.000000000000000000e+00 0.000000000000000000e+00 8.816583856550212829e-13 3.187297264795311084e-13
2.755008066190528098e+03 -1.411601010356750311e-14 4.977006742735457680e-13 0.000000000000000000e+00 0.000000000000000000e+00 3.019353232347350302e-13 0.000000000000000000e+00 0.000000000000000000e+00 0.000000000000000000e+00 0.000000000000000000e+00 8.740443433298538056e-13 3.188589870854932394e-13
2.874869656334801675e+03 2.567824511842553420e-15 4.855364665109165434e-13 0.000000000000000000e+00 0.000000000000000000e+00 4.737051193443818952e-13 0.000000000000000000e+00 0.000000000000000000e+00 0.000000000000000000e+00 0.000000000000000000e+00 8.875855565459946642e-13 3.238790425536953731e-13
2.999946040935837118e+03 -1.010318719002220141e-14 4.910048285090443359e-13 0.000000000000000000e+00 0.000000000000000000e+00 3.803406816243530590e-13 0.000000000000000000e+00 0.000000000000000000e+00 0.000000000000000000e+00 0.000000000000000000e+00 9.207069816705620655e-13 3.312631463794533749e-13
3.130464099022974096e+03 1.667146318180612066e-14 5.425925218464020429e-13 0.000000000000000000e+00 0.000000000000000000e+00 6.000834809912763361e-13 0.000000000000000000e+00 0.000000000000000000e+00 0.000000000000000000e+00 0.000000000000000000e+00 9.929240338808914365e-13 3.584101721032323110e-13
3.266660580406526151e+03 3.479579387449968610e-15 6.346075398457475498e-13 0.000000000000000000e+00 0.000000000000000000e+00 7.035592258939171243e-13 0.000000000000000000e+00 0.000000000000000000e+00 0.000000000000000000e+00 0.000000000000000000e+00 1.103431021409901503e-12 4.058673971371953809e-13
3.408782535123903926e+03 1.709490597878943602e-14 7.665770267772693895e-13 0.000000000000000000e+00 0.000000000000000000e+00 9.222758479122306787e-13 0.000000000000000000e+00 0.000000000000000000e+00 0.000000000000000000e+00 0.000000000000000000e+00 1.293441821946266710e-12 4.904921608158464388e-13
3.557087761569554004e+03 4.416389952258427965e-14 9.168567159438904604e-13 0.000000000000000000e+00 0.000000000000000000e+00 1.417093087849573613e-12 0.000000000000000000e+00 0.000000000000000000e+00 0.000000000000000000e+00 0.000000000000000000e+00 1.594632944113968683e-12 5.902867102147410157e-13
3.711845274121596958e+03 5.262665547810456439e-14 1.160992943495449067e-12 0.000000000000000000e+00 0.000000000000000000e+00 1.764916209779958274e-12 0.000000000000000000e+00 0.000000000000000000e+00 0.000000000000000000e+00 0.000000000000000000e+00 2.025297007604236786e-12 7.419060388258391049e-13
3.873335791113409414e+03 9.535580654530494234e-14 1.433469505621096022e-12 0.000000000000000000e+00 0.000000000000000000e+00 2.611680901985831792e-12 0.000000000000000000e+00 0.000000000000000000e+00 0.000000000000000000e+00 0.000000000000000000e+00 2.769731889721643983e-12 9.628101638559335108e-13
4.041852244035283547e+03 1.123392069300927764e-13 2.070441385874661388e-12 0.000000000000000000e+00 0.000000000000000000e+00 3.691517528134898392e-12 0.000000000000000000e+00 0.000000000000000000e+00 0.000000000000000000e+00 0.000000000000000000e+00 4.162390064460575202e-12 1.345583241200991508e-12
4.217700308889829103e+03 2.181851515119590883e-13 2.786151585803862423e-12 0.000000000000000000e+00 0.000000000000000000e+00 5.820103293412557054e-12 0.000000000000000000e+00 0.000000000000000000e+00 0.000000000000000000e+00 0.000000000000000000e+00 6.864007066413403062e-12 1.944978568883505497e-12
4.401198960664939477e+03 3.430381253482788822e-13 4.086310345881075125e-12 0.000000000000000000e+00 0.000000000000000000e+00 8.820530146349075864e-12 0.000000000000000000e+00 0.000000000000000000e+00 0.000000000000000000e+00 0.000000000000000000e+00 1.268805047412084768e-11 3.030902551276287782e-12
4.592681051930127069e+03 4.961519422270391945e-13 7.751054548139718035e-12 0.000000000000000000e+00 0.000000000000000000e+00 1.663509946911490011e-11 0.000000000000000000e+00 0.000000000000000000e+00 0.000000000000000000e+00 0.000000000000000000e+00 3.001078613585827286e-11 5.666737844305721496e-12
4.792493916605692903e+03 1.954340968233784251e-12 1.697058598986946694e-11 0.000000000000000000e+00 0.000000000000000000e+00 3.870266555023195487e-11 0.000000000000000000e+00 0.000000000000000000e+00 0.000000000000000000e+00 0.000000000000000000e+00 1.718735429531784044e-10 1.604839717328771204e-11
5.001000000000000909e+03 0.000000000000000000e+00 0.000000000000000000e+00 0.000000000000000000e+00 0.000000000000000000e+00 0.000000000000000000e+00 0.000000000000000000e+00 0.000000000000000000e+00 0.000000000000000000e+00 0.000000000000000000e+00 0.000000000000000000e+00 0.000000000000000000e+00
