1.000000000000000000e+00 7.435402991712422834e-06 9.825618327618395977e-07 0.000000000000000000e+00 0.000000000000000000e+00 0.000000000000000000e+00
1.048083990498704487e+00 6.768810888018716886e-06 8.944740956422436940e-07 0.000000000000000000e+00 0.000000000000000000e+00 0.000000000000000000e+00
1.098480051139688385e+00 6.161980978750112756e-06 8.142836833686583608e-07 0.000000000000000000e+00 0.000000000000000000e+00 0.000000000000000000e+00
1.151299355481705478e+00 5.609556051786152845e-06 7.412826500582498822e-07 0.000000000000000000e+00 0.000000000000000000e+00 0.000000000000000000e+00
1.206658422751852200e+00 5.106658100369385780e-06 6.748264011843778266e-07 0.000000000000000000e+00 0.000000000000000000e+00 0.000000000000000000e+00
1.264679374886633845e+00 4.648837839400500053e-06 6.143271989837762218e-07 0.000000000000000000e+00 0.000000000000000000e+00 0.000000000000000000e+00
1.325490205932590149e+00 4.232069334669079408e-06 5.592526492456033001e-07 0.000000000000000000e+00 0.000000000000000000e+00 0.000000000000000000e+00
1.389225064400778642e+00 3.852657016386193143e-06 5.091147741804230376e-07 0.000000000000000000e+00 0.000000000000000000e+00 0.000000000000000000e+00
1.456024549197987739e+00 3.507266244620712751e-06 4.634725545990839644e-07 0.000000000000000000e+00 0.000000000000000000e+00 0.000000000000000000e+00
1.526036019787504028e+00 3.192833400584787082e-06 4.219214808688460879e-07 0.000000000000000000e+00 0.000000000000000000e+00 0.000000000000000000e+00
1.599413921263647120e+00 2.906595308762396324e-06 3.840961037867857736e-07 0.000000000000000000e+00 0.000000000000000000e+00 0.000000000000000000e+00
1.676320125057183974e+00 2.646013337402713499e-06 3.496612244760486253e-07 0.000000000000000000e+00 0.000000000000000000e+00 0.000000000000000000e+00
1.756924286023220594e+00 2.408792846777035639e-06 3.183134724566790753e-07 0.000000000000000000e+00 0.000000000000000000e+00 0.000000000000000000e+00
1.841404216699304097e+00 2.192839451753761551e-06 2.897760834151247828e-07 0.000000000000000000e+00 0.000000000000000000e+00 0.000000000000000000e+00
1.929946279559347611e+00 1.996249868710473974e-06 2.637974663182721925e-07 0.000000000000000000e+00 0.000000000000000000e+00 0.000000000000000000e+00
2.022745798128689376e+00 1.817281536757871392e-06 2.401475131210793044e-07 0.000000000000000000e+00 0.000000000000000000e+00 0.000000000000000000e+00
2.120007487867203277e+00 1.654358735232653391e-06 2.186179043737057235e-07 0.000000000000000000e+00 0.000000000000000000e+00 0.000000000000000000e+00
2.221945907770991990e+00 1.506042133340864812e-06 1.990184482991442963e-07 0.000000000000000000e+00 0.000000000000000000e+00 0.000000000000000000e+00
2.328785933688887866e+00 1.371023229550898547e-06 1.811761971254992673e-07 0.000000000000000000e+00 0.000000000000000000e+00 0.000000000000000000e+00
2.440763254397900539e+00 1.248108097383446312e-06 1.649334478038294681e-07 0.000000000000000000e+00 0.000000000000000000e+00 0.000000000000000000e+00
2.558124891531956102e+00 1.136211476234364423e-06 1.501467615804338610e-07 0.000000000000000000e+00 0.000000000000000000e+00 0.000000000000000000e+00
2.681129744510877710e+00 1.034347482109917632e-06 1.366858363672239588e-07 0.000000000000000000e+00 0.000000000000000000e+00 0.000000000000000000e+00
2.810049161671732687e+00 9.416147527990858582e-07 1.244315821116936600e-07 0.000000000000000000e+00 0.000000000000000000e+00 0.000000000000000000e+00
2.945167538862448531e+00 8.571964762088796494e-07 1.132760400884938209e-07 0.000000000000000000e+00 0.000000000000000000e+00 0.000000000000000000e+00
3.086782946818203310e+00 7.803466153689048441e-07 1.031206280514448649e-07 0.000000000000000000e+00 0.000000000000000000e+00 0.000000000000000000e+00
3.235207788704572263e+00 7.103859004319765333e-07 9.387560806351066979e-08 0.000000000000000000e+00 0.000000000000000000e+00 0.000000000000000000e+00
3.390769489277977389e+00 6.466981114130657983e-07 8.545952403062117352e-08 0.000000000000000000e+00 0.000000000000000000e+00 0.000000000000000000e+00
3.553811217183716842e+00 5.887186163569035287e-07 7.779777096591328590e-08 0.000000000000000000e+00 0.000000000000000000e+00 0.000000000000000000e+00
3.724692641984967079e+00 5.359379116311910712e-07 7.082302112450129165e-08 0.000000000000000000e+00 0.000000000000000000e+00 0.000000000000000000e+00
3.903790727592766796e+00 4.878895440160407892e-07 6.447362589981612472e-08 0.000000000000000000e+00 0.000000000000000000e+00 0.000000000000000000e+00
4.091500563847268346e+00 4.441474561933973680e-07 5.869328841756904571e-08 0.000000000000000000e+00 0.000000000000000000e+00 0.000000000000000000e+00
4.288236238084743412e+00 4.043271023431680838e-07 5.343119680566341482e-08 0.000000000000000000e+00 0.000000000000000000e+00 0.000000000000000000e+00
4.494431748613010313e+00 3.680774339282757452e-07 4.864095981653540234e-08 0.000000000000000000e+00 0.000000000000000000e+00 0.000000000000000000e+00
4.710541962110394110e+00 3.350766226267887988e-07 4.428003694980734085e-08 0.000000000000000000e+00 0.000000000000000000e+00 0.000000000000000000e+00
4.937043617060258072e+00 3.050346197097351524e-07 4.031011424420430858e-08 0.000000000000000000e+00 0.000000000000000000e+00 0.000000000000000000e+00
5.174436375434672719e+00 2.776865375631014996e-07 3.669618260791892606e-08 0.000000000000000000e+00 0.000000000000000000e+00 0.000000000000000000e+00
5.423243924947224848e+00 2.527898184728790167e-07 3.340619578605402707e-08 0.000000000000000000e+00 0.000000000000000000e+00 0.000000000000000000e+00
5.684015134306542372e+00 2.301250774239518939e-07 3.041115066870536211e-08 0.000000000000000000e+00 0.000000000000000000e+00 0.000000000000000000e+00
5.957325264019030620e+00 2.094920794647582195e-07 2.768458687754588953e-08 0.000000000000000000e+00 0.000000000000000000e+00 0.000000000000000000e+00
6.243777235411813287e+00 1.907093264865370570e-07 2.520253872378268763e-08 0.000000000000000000e+00 0.000000000000000000e+00 0.000000000000000000e+00
6.544002960675382674e+00 1.736098536118060483e-07 2.294291461400703803e-08 0.000000000000000000e+00 0.000000000000000000e+00 0.000000000000000000e+00
6.858664736859990008e+00 1.580437029244403368e-07 2.088592804252910681e-08 0.000000000000000000e+00 0.000000000000000000e+00 0.000000000000000000e+00
7.188456706900965720e+00 1.438728372485388144e-07 1.901330637987156364e-08 0.000000000000000000e+00 0.000000000000000000e+00 0.000000000000000000e+00
7.534106390895940031e+00 1.309727678865066871e-07 1.730864424044762855e-08 0.000000000000000000e+00 0.000000000000000000e+00 0.000000000000000000e+00
7.896376291012006554e+00 1.192287459315951480e-07 1.575671307064774704e-08 0.000000000000000000e+00 0.000000000000000000e+00 0.000000000000000000e+00
8.276065573563224476e+00 1.085377941106118317e-07 1.434396548574612280e-08 0.000000000000000000e+00 0.000000000000000000e+00 0.000000000000000000e+00
8.674011831969092867e+00 9.880536749072620685e-08 1.305787972224461372e-08 0.000000000000000000e+00 0.000000000000000000e+00 0.000000000000000000e+00
9.091092934483143040e+00 8.994545779673573959e-08 1.188708957058600131e-08 0.000000000000000000e+00 0.000000000000000000e+00 0.000000000000000000e+00
9.528228960767670230e+00 8.187980194899044414e-08 1.082126410314789991e-08 0.000000000000000000e+00 0.000000000000000000e+00 0.000000000000000000e+00
9.986384231586702853e+00 7.453709275584121195e-08 9.850963788670404976e-09 0.000000000000000000e+00 0.000000000000000000e+00 0.000000000000000000e+00
1.046656943609472812e+01 6.785265308773735755e-08 8.967650346520545665e-09 0.000000000000000000e+00 0.000000000000000000e+00 0.000000000000000000e+00
1.096984386141394019e+01 6.176753558434720682e-08 8.163534495503902817e-09 0.000000000000000000e+00 0.000000000000000000e+00 0.000000000000000000e+00
1.149731772941843744e+01 5.622803347108340830e-08 7.431542529849054492e-09 0.000000000000000000e+00 0.000000000000000000e+00 0.000000000000000000e+00
1.205015464588037766e+01 5.118506503394060585e-08 6.765137328817423682e-09 0.000000000000000000e+00 0.000000000000000000e+00 0.000000000000000000e+00
1.262957416738081129e+01 4.659421389088118133e-08 6.158489483542613206e-09 0.000000000000000000e+00 0.000000000000000000e+00 0.000000000000000000e+00
1.323685449164783101e+01 4.241492192969562472e-08 5.606226782605045396e-09 0.000000000000000000e+00 0.000000000000000000e+00 0.000000000000000000e+00
1.387333527725695603e+01 3.861036343397461030e-08 5.103492223983541861e-09 0.000000000000000000e+00 0.000000000000000000e+00 0.000000000000000000e+00
1.454042059891392391e+01 3.514680459673966190e-08 4.645804213980624886e-09 0.000000000000000000e+00 0.000000000000000000e+00 0.000000000000000000e+00
1.523958204483926515e+01 3.199382248955878350e-08 4.229175397192962438e-09 0.000000000000000000e+00 0.000000000000000000e+00 0.000000000000000000e+00
1.597236196308753975e+01 2.912344962358143018e-08 3.849872160485975402e-09 0.000000000000000000e+00 0.000000000000000000e+00 0.000000000000000000e+00
1.674037686396251345e+01 2.651044839988864278e-08 3.504596774138493751e-09 0.000000000000000000e+00 0.000000000000000000e+00 0.000000000000000000e+00
1.754532098603401380e+01 2.413172428321947041e-08 3.190277219080251148e-09 0.000000000000000000e+00 0.000000000000000000e+00 0.000000000000000000e+00
1.838897003362319182e+01 2.196620972287024887e-08 2.904111502603602963e-09 0.000000000000000000e+00 0.000000000000000000e+00 0.000000000000000000e+00
1.927318509400089397e+01 1.999484852807696280e-08 2.643610445151872378e-09 0.000000000000000000e+00 0.000000000000000000e+00 0.000000000000000000e+00
2.019991674294060147e+01 1.820028449001815401e-08 2.406508122645377879e-09 0.000000000000000000e+00 0.000000000000000000e+00 0.000000000000000000e+00
2.117120934768277252e+01 1.656657295708660925e-08 2.190622966920588379e-09 0.000000000000000000e+00 0.000000000000000000e+00 0.000000000000000000e+00
2.218920557680284134e+01 1.507936665153066213e-08 1.994105965424722471e-09 0.000000000000000000e+00 0.000000000000000000e+00 0.000000000000000000e+00
2.325615112693162345e+01 1.372549648532738751e-08 1.815233921818570882e-09 0.000000000000000000e+00 0.000000000000000000e+00 0.000000000000000000e+00
2.437439967675543429e+01 1.249300729076439490e-08 1.652370533112369869e-09 0.000000000000000000e+00 0.000000000000000000e+00 0.000000000000000000e+00
2.554641807922417485e+01 1.137104190363694921e-08 1.504120172583022118e-09 0.000000000000000000e+00 0.000000000000000000e+00 0.000000000000000000e+00
2.677479180342151466e+01 1.034969605578718379e-08 1.369168349598644966e-09 0.000000000000000000e+00 0.000000000000000000e+00 0.000000000000000000e+00
2.806223063810201879e+01 9.419938477465728596e-09 1.246323238154023061e-09 0.000000000000000000e+00 0.000000000000000000e+00 0.000000000000000000e+00
2.941157466947697685e+01 8.573566550347211889e-09 1.134487388779637316e-09 0.000000000000000000e+00 0.000000000000000000e+00 0.000000000000000000e+00
3.082580054643603873e+01 7.803119558347524271e-09 1.032683747124959402e-09 0.000000000000000000e+00 0.000000000000000000e+00 0.000000000000000000e+00
3.230802804702582165e+01 7.101781862361624088e-09 9.400018889340061442e-10 0.000000000000000000e+00 0.000000000000000000e+00 0.000000000000000000e+00
3.386152696067089352e+01 6.463379466474667469e-09 8.556559742940013259e-10 0.000000000000000000e+00 0.000000000000000000e+00 0.000000000000000000e+00
3.548972430131941280e+01 5.882263465515243711e-09 7.788669561648660351e-10 0.000000000000000000e+00 0.000000000000000000e+00 0.000000000000000000e+00
3.719621186742568852e+01 5.353303957860624703e-09 7.089596931856125027e-10 0.000000000000000000e+00 0.000000000000000000e+00 0.000000000000000000e+00
3.898475416544679462e+01 4.871837744082417838e-09 6.453329364542657475e-10 0.000000000000000000e+00 0.000000000000000000e+00 0.000000000000000000e+00
4.085929671433245147e+01 4.433619955032160518e-09 5.874177941504455212e-10 0.000000000000000000e+00 0.000000000000000000e+00 0.000000000000000000e+00
4.282397474932817261e+01 4.034779107774015576e-09 5.347028332133385133e-10 0.000000000000000000e+00 0.000000000000000000e+00 0.000000000000000000e+00
4.488312234429162118e+01 3.671779887582227209e-09 4.867138966339899879e-10 0.000000000000000000e+00 0.000000000000000000e+00 0.000000000000000000e+00
4.704128197264671485e+01 3.341439923842131158e-09 4.430371258301973568e-10 0.000000000000000000e+00 0.000000000000000000e+00 0.000000000000000000e+00
4.930321452806635563e+01 3.040822167405304197e-09 4.032805564825565028e-10 0.000000000000000000e+00 0.000000000000000000e+00 0.000000000000000000e+00
5.167390982698947255e+01 2.767282151333265681e-09 3.670953727483132789e-10 0.000000000000000000e+00 0.000000000000000000e+00 0.000000000000000000e+00
5.415859761614132850e+01 2.518384037584593681e-09 3.341548923087239001e-10 0.000000000000000000e+00 0.000000000000000000e+00 0.000000000000000000e+00
5.676275910933904356e+01 2.291942682074133666e-09 3.041754296942922841e-10 0.000000000000000000e+00 0.000000000000000000e+00 0.000000000000000000e+00
5.949213907903273935e+01 2.085987812944844577e-09 2.768923269217980530e-10 0.000000000000000000e+00 0.000000000000000000e+00 0.000000000000000000e+00
6.235275852925654050e+01 1.898630097140673733e-09 2.520572807633843984e-10 0.000000000000000000e+00 0.000000000000000000e+00 0.000000000000000000e+00
6.535092797794534647e+01 1.728234907375392199e-09 2.294512838795186473e-10 0.000000000000000000e+00 0.000000000000000000e+00 0.000000000000000000e+00
6.849326137791837255e+01 1.573318263573470296e-09 2.088782532866997144e-10 0.000000000000000000e+00 0.000000000000000000e+00 0.000000000000000000e+00
7.178669070723945822e+01 1.432398508321932313e-09 1.901486645709862219e-10 0.000000000000000000e+00 0.000000000000000000e+00 0.000000000000000000e+00
7.523848126113982460e+01 1.304309823406808743e-09 1.731036606781753165e-10 0.000000000000000000e+00 0.000000000000000000e+00 0.000000000000000000e+00
7.885624767923739853e+01 1.187902013303557185e-09 1.575910580603997966e-10 0.000000000000000000e+00 0.000000000000000000e+00 0.000000000000000000e+00
8.264797074340931715e+01 1.081996845914292547e-09 1.434645872673252639e-10 0.000000000000000000e+00 0.000000000000000000e+00 0.000000000000000000e+00
8.662201498337263672e+01 9.858218762578763849e-10 1.306114760297255634e-10 0.000000000000000000e+00 0.000000000000000000e+00 0.000000000000000000e+00
9.078714712881175330e+01 8.983544567939208614e-10 1.189093465381819854e-10 0.000000000000000000e+00 0.000000000000000000e+00 0.000000000000000000e+00
9.515255544875799387e+01 8.188060281873245580e-10 1.082558071725105193e-10 0.000000000000000000e+00 0.000000000000000000e+00 0.000000000000000000e+00
9.972787002088355734e+01 7.465532984694505373e-10 9.856096402868607515e-11 0.000000000000000000e+00 0.000000000000000000e+00 0.000000000000000000e+00
1.045231839754237768e+02 6.807562017602851797e-10 8.973127868989973837e-11 0.000000000000000000e+00 0.000000000000000000e+00 0.000000000000000000e+00
1.095490757605923164e+02 6.209043201181787856e-10 8.169309947331820392e-11 0.000000000000000000e+00 0.000000000000000000e+00 0.000000000000000000e+00
1.148166324786065218e+02 5.664062337994495913e-10 7.437388509101782128e-11 0.000000000000000000e+00 0.000000000000000000e+00 0.000000000000000000e+00
1.203374743438011052e+02 5.167016937003619322e-10 6.770744554748896249e-11 0.000000000000000000e+00 0.000000000000000000e+00 0.000000000000000000e+00
1.261237803167864371e+02 4.714382006902851396e-10 6.163915047069197371e-11 0.000000000000000000e+00 0.000000000000000000e+00 0.000000000000000000e+00
1.321883149711995316e+02 4.301033288959372109e-10 5.611207334001393026e-11 0.000000000000000000e+00 0.000000000000000000e+00 0.000000000000000000e+00
1.385444566523144658e+02 3.924184999670725382e-10 5.108173471164101875e-11 0.000000000000000000e+00 0.000000000000000000e+00 0.000000000000000000e+00
1.452062269896324267e+02 3.580369769955293393e-10 4.650331776007947861e-11 0.000000000000000000e+00 0.000000000000000000e+00 0.000000000000000000e+00
1.521883218285546775e+02 3.266369085789382512e-10 4.233599033921371327e-11 0.000000000000000000e+00 0.000000000000000000e+00 0.000000000000000000e+00
1.595061436493727172e+02 2.979749122101299299e-10 3.854443812125946243e-11 0.000000000000000000e+00 0.000000000000000000e+00 0.000000000000000000e+00
1.671758355450940314e+02 2.718290705267546364e-10 3.509599862333123411e-11 0.000000000000000000e+00 0.000000000000000000e+00 0.000000000000000000e+00
1.752143168330573531e+02 2.480245823401588552e-10 3.196197746056037702e-11 0.000000000000000000e+00 0.000000000000000000e+00 0.000000000000000000e+00
1.836393203788951212e+02 2.263843449705724474e-10 2.911538530730965988e-11 0.000000000000000000e+00 0.000000000000000000e+00 0.000000000000000000e+00
1.924694317151823384e+02 2.067907742956938934e-10 2.653271585723378178e-11 0.000000000000000000e+00 0.000000000000000000e+00 0.000000000000000000e+00
2.017241300410662461e+02 1.891089273930805063e-10 2.419256263107737791e-11 0.000000000000000000e+00 0.000000000000000000e+00 0.000000000000000000e+00
2.114238311933203818e+02 1.732212803790024594e-10 2.207437048634940717e-11 0.000000000000000000e+00 0.000000000000000000e+00 0.000000000000000000e+00
2.215899326836195087e+02 1.590124790284705664e-10 2.016018981032031996e-11 0.000000000000000000e+00 0.000000000000000000e+00 0.000000000000000000e+00
2.322448609013873124e+02 1.463661825243336997e-10 1.843329392948300747e-11 0.000000000000000000e+00 0.000000000000000000e+00 0.000000000000000000e+00
2.434121205863426098e+02 1.351480753960164924e-10 1.687750413624133958e-11 0.000000000000000000e+00 0.000000000000000000e+00 0.000000000000000000e+00
2.551163466798856234e+02 1.252250272241019125e-10 1.547842633407263632e-11 0.000000000000000000e+00 0.000000000000000000e+00 0.000000000000000000e+00
2.673833586697055011e+02 1.164344724616953328e-10 1.422172260344961416e-11 0.000000000000000000e+00 0.000000000000000000e+00 0.000000000000000000e+00
2.802402175474913975e+02 1.086223109755337989e-10 1.309477198716249646e-11 0.000000000000000000e+00 0.000000000000000000e+00 0.000000000000000000e+00
2.937152855053996063e+02 1.015992997415221238e-10 1.208480227976672770e-11 0.000000000000000000e+00 0.000000000000000000e+00 0.000000000000000000e+00
3.078382885029656109e+02 9.513050260614588540e-11 1.117855189165641632e-11 0.000000000000000000e+00 0.000000000000000000e+00 0.000000000000000000e+00
3.226403818424797691e+02 8.899134664151802027e-11 1.036345305300550903e-11 0.000000000000000000e+00 0.000000000000000000e+00 0.000000000000000000e+00
3.381542188974916598e+02 8.299501971144118916e-11 9.627143152371069921e-12 0.000000000000000000e+00 0.000000000000000000e+00 0.000000000000000000e+00
3.544140231460555697e+02 7.705486900187840544e-11 8.957618250959599539e-12 0.000000000000000000e+00 0.000000000000000000e+00 0.000000000000000000e+00
3.714556636676182393e+02 7.123812852462027468e-11 8.343540358064025877e-12 0.000000000000000000e+00 0.000000000000000000e+00 0.000000000000000000e+00
3.893167342701016764e+02 6.575333376308230672e-11 7.774773018320632199e-12 0.000000000000000000e+00 0.000000000000000000e+00 0.000000000000000000e+00
4.080366364217319983e+02 6.083408685345756037e-11 7.243128237909753133e-12 0.000000000000000000e+00 0.000000000000000000e+00 0.000000000000000000e+00
4.276566661705580259e+02 5.657215898145583586e-11 6.743115143613375726e-12 0.000000000000000000e+00 0.000000000000000000e+00 0.000000000000000000e+00
4.482201052434104440e+02 5.283782956077591225e-11 6.272487149959958515e-12 0.000000000000000000e+00 0.000000000000000000e+00 0.000000000000000000e+00
4.697723165252630224e+02 4.937849379476450706e-11 5.832347703486735684e-12 0.000000000000000000e+00 0.000000000000000000e+00 0.000000000000000000e+00
4.923608441296182718e+02 4.601370697640993229e-11 5.426546550272714504e-12 0.000000000000000000e+00 0.000000000000000000e+00 0.000000000000000000e+00
5.160355182806805487e+02 4.274677253676832913e-11 5.060350373782479960e-12 0.000000000000000000e+00 0.000000000000000000e+00 0.000000000000000000e+00
5.408485652386830225e+02 3.971109086748386363e-11 4.738728625168745610e-12 0.000000000000000000e+00 0.000000000000000000e+00 0.000000000000000000e+00
5.668547225108579823e+02 3.703483127412528715e-11 4.464598133466772664e-12 0.000000000000000000e+00 0.000000000000000000e+00 0.000000000000000000e+00
5.941113596022153160e+02 3.475471822699900004e-11 4.237353807796213307e-12 0.000000000000000000e+00 0.000000000000000000e+00 0.000000000000000000e+00
6.226786045725008307e+02 3.284167045987331141e-11 4.051743983207900095e-12 0.000000000000000000e+00 0.000000000000000000e+00 0.000000000000000000e+00
6.526194766785116599e+02 3.131320681191513867e-11 3.897379876451848618e-12 0.000000000000000000e+00 0.000000000000000000e+00 0.000000000000000000e+00
6.840000253943902635e+02 3.028509065845111784e-11 3.759861791363620002e-12 0.000000000000000000e+00 0.000000000000000000e+00 0.000000000000000000e+00
7.168894761165678347e+02 2.977998891867659075e-11 3.624541519360481194e-12 0.000000000000000000e+00 0.000000000000000000e+00 0.000000000000000000e+00
7.513603828747783382e+02 2.943739426605774428e-11 3.482861783117395759e-12 0.000000000000000000e+00 0.000000000000000000e+00 0.000000000000000000e+00
7.874887883860316151e+02 2.867053731460166317e-11 3.338065705190527723e-12 0.000000000000000000e+00 0.000000000000000000e+00 0.000000000000000000e+00
8.253543918046220824e+02 2.734232213098852084e-11 3.205208033154516824e-12 0.000000000000000000e+00 0.000000000000000000e+00 0.000000000000000000e+00
8.650407245382197061e+02 2.592917617603282688e-11 3.103777401146873441e-12 0.000000000000000000e+00 0.000000000000000000e+00 0.000000000000000000e+00
9.066353345179072676e+02 2.485419170220894999e-11 3.047127218007823477e-12 0.000000000000000000e+00 0.000000000000000000e+00 0.000000000000000000e+00
9.502299793286563272e+02 2.407855288772051419e-11 3.033336879816070387e-12 0.000000000000000000e+00 0.000000000000000000e+00 0.000000000000000000e+00
9.959208286262797856e+02 2.348421520834544734e-11 3.040475620221488152e-12 0.000000000000000000e+00 0.000000000000000000e+00 0.000000000000000000e+00
1.043808676287407025e+03 2.325356949440104340e-11 3.034622461146870707e-12 0.000000000000000000e+00 0.000000000000000000e+00 0.000000000000000000e+00
1.093999162760476111e+03 2.323721774823904247e-11 2.996517282510499343e-12 0.000000000000000000e+00 0.000000000000000000e+00 0.000000000000000000e+00
1.146603008108241966e+03 2.281815069213098930e-11 2.944381956561635186e-12 0.000000000000000000e+00 0.000000000000000000e+00 0.000000000000000000e+00
1.201736256255903754e+03 2.208375963832982270e-11 2.918680233725935924e-12 0.000000000000000000e+00 0.000000000000000000e+00 0.000000000000000000e+00
1.259520530983661502e+03 2.162512911262661463e-11 2.941925946058494732e-12 0.000000000000000000e+00 0.000000000000000000e+00 0.000000000000000000e+00
1.320083304228403449e+03 2.173467378009056610e-11 2.992627134432142109e-12 0.000000000000000000e+00 0.000000000000000000e+00 0.000000000000000000e+00
1.383558177286419323e+03 2.229262676086542512e-11 3.020948475467326648e-12 0.000000000000000000e+00 0.000000000000000000e+00 0.000000000000000000e+00
1.450085175537464920e+03 2.247872703772074917e-11 3.011985979871388273e-12 0.000000000000000000e+00 0.000000000000000000e+00 0.000000000000000000e+00
1.519811057340320986e+03 2.201897394784011438e-11 3.008754012117096128e-12 0.000000000000000000e+00 0.000000000000000000e+00 0.000000000000000000e+00
1.592889637781297779e+03 2.168273631961606401e-11 3.043683537253343298e-12 0.000000000000000000e+00 0.000000000000000000e+00 0.000000000000000000e+00
1.669482127989859009e+03 2.184832670141532640e-11 3.085622173748587993e-12 0.000000000000000000e+00 0.000000000000000000e+00 0.000000000000000000e+00
1.749757490769880633e+03 2.222345772747304405e-11 3.087062717698969015e-12 0.000000000000000000e+00 0.000000000000000000e+00 0.000000000000000000e+00
1.833892813331097159e+03 2.222403285883940894e-11 3.065167927408325820e-12 0.000000000000000000e+00 0.000000000000000000e+00 0.000000000000000000e+00
1.922073697942950503e+03 2.217176841435129528e-11 3.058195033142661331e-12 0.000000000000000000e+00 0.000000000000000000e+00 0.000000000000000000e+00
2.014494671372649691e+03 2.248068138745870305e-11 3.055888397715382990e-12 0.000000000000000000e+00 0.000000000000000000e+00 0.000000000000000000e+00
2.111359614010623318e+03 2.271001226846880785e-11 3.038827605368109467e-12 0.000000000000000000e+00 0.000000000000000000e+00 0.000000000000000000e+00
2.212882209630056877e+03 2.261921023056539136e-11 3.021484816385206871e-12 0.000000000000000000e+00 0.000000000000000000e+00 0.000000000000000000e+00
2.319286416772661596e+03 2.266034668082345145e-11 3.013088330199215751e-12 0.000000000000000000e+00 0.000000000000000000e+00 0.000000000000000000e+00
2.430806962800533256e+03 2.282144930573815985e-11 3.006767502227438145e-12 0.000000000000000000e+00 0.000000000000000000e+00 0.000000000000000000e+00
2.547689861704016494e+03 2.288671654894698380e-11 3.005065748010713636e-12 0.000000000000000000e+00 0.000000000000000000e+00 0.000000000000000000e+00
2.670192956807838982e+03 2.300232025926554551e-11 3.012768788573820186e-12 0.000000000000000000e+00 0.000000000000000000e+00 0.000000000000000000e+00
2.798586489572695427e+03 2.314206889850413023e-11 3.029430690074339487e-12 0.000000000000000000e+00 0.000000000000000000e+00 0.000000000000000000e+00
2.933153695747109396e+03 2.327286806771784406e-11 3.055821715946855532e-12 0.000000000000000000e+00 0.000000000000000000e+00 0.000000000000000000e+00
3.074191430184654109e+03 2.348750011752584307e-11 3.093083375926728157e-12 0.000000000000000000e+00 0.000000000000000000e+00 0.000000000000000000e+00
3.222010821704852788e+03 2.377317841305982657e-11 3.141776227301457398e-12 0.000000000000000000e+00 0.000000000000000000e+00 0.000000000000000000e+00
3.376937959442429474e+03 2.414881218567194702e-11 3.203067465777169783e-12 0.000000000000000000e+00 0.000000000000000000e+00 0.000000000000000000e+00
3.539314612198974373e+03 2.463565534981164779e-11 3.278332417923365264e-12 0.000000000000000000e+00 0.000000000000000000e+00 0.000000000000000000e+00
3.709498982383876864e+03 2.526193175710883600e-11 3.369452664811722494e-12 0.000000000000000000e+00 0.000000000000000000e+00 0.000000000000000000e+00
3.887866496207774162e+03 2.605287747936711712e-11 3.480016844476389729e-12 0.000000000000000000e+00 0.000000000000000000e+00 0.000000000000000000e+00
4.074810631871661371e+03 2.709076310439800758e-11 3.615191142085848035e-12 0.000000000000000000e+00 0.000000000000000000e+00 0.000000000000000000e+00
4.270743787578599040e+03 2.841015241262505356e-11 3.785759706723569230e-12 0.000000000000000000e+00 0.000000000000000000e+00 0.000000000000000000e+00
4.476098191282926564e+03 3.020899492216555468e-11 4.016221807006413108e-12 0.000000000000000000e+00 0.000000000000000000e+00 0.000000000000000000e+00
4.691326854183844262e+03 3.259015942778724790e-11 4.335506586919063968e-12 0.000000000000000000e+00 0.000000000000000000e+00 0.000000000000000000e+00
4.916904570066738415e+03 3.591969533735689073e-11 4.811707978819364654e-12 0.000000000000000000e+00 0.000000000000000000e+00 0.000000000000000000e+00
5.153328962696860799e+03 4.060682736461968207e-11 5.540839102523534917e-12 0.000000000000000000e+00 0.000000000000000000e+00 0.000000000000000000e+00
5.401121583575876684e+03 4.705699856144872039e-11 6.539570313487448019e-12 0.000000000000000000e+00 0.000000000000000000e+00 0.000000000000000000e+00
5.660829062482887821e+03 5.342835445528718497e-11 7.616938060759485720e-12 0.000000000000000000e+00 0.000000000000000000e+00 0.000000000000000000e+00
5.933024313338100910e+03 5.914064061930672211e-11 8.447307727357702014e-12 0.000000000000000000e+00 0.000000000000000000e+00 0.000000000000000000e+00
6.218307798049234407e+03 6.476138226662414538e-11 9.265702693558752580e-12 0.000000000000000000e+00 0.000000000000000000e+00 0.000000000000000000e+00
6.517308851128655078e+03 7.677258381134713014e-11 1.131894796753411376e-11 0.000000000000000000e+00 0.000000000000000000e+00 0.000000000000000000e+00
6.830687068003443528e+03 1.088967150976289002e-10 1.730691315056027553e-11 0.000000000000000000e+00 0.000000000000000000e+00 0.000000000000000000e+00
7.159133760080946558e+03 1.762797481625029603e-10 3.489122601381761781e-11 0.000000000000000000e+00 0.000000000000000000e+00 0.000000000000000000e+00
7.503373479779635090e+03 3.366141083632134635e-10 9.689144552463595746e-11 0.000000000000000000e+00 0.000000000000000000e+00 0.000000000000000000e+00
7.864165618889584039e+03 7.709204086904710656e-10 3.862036453789761828e-10 0.000000000000000000e+00 0.000000000000000000e+00 0.000000000000000000e+00
8.242306083788511387e+03 2.324280566498119728e-09 2.282545094724699723e-09 0.000000000000000000e+00 0.000000000000000000e+00 0.000000000000000000e+00
8.638629051208814417e+03 9.843172381113017723e-09 1.907659885381587817e-08 0.000000000000000000e+00 0.000000000000000000e+00 0.000000000000000000e+00
9.054008808428965494e+03 5.975968090108326212e-08 1.909111896562540808e-07 0.000000000000000000e+00 0.000000000000000000e+00 0.000000000000000000e+00
9.489361681948652404e+03 6.461979773218287089e-07 2.233436458737199015e-06 0.000000000000000000e+00 0.000000000000000000e+00 0.000000000000000000e+00
9.945648058902244884e+03 9.151687571855073722e-06 3.458924041658422067e-05 0.000000000000000000e+00 0.000000000000000000e+00 0.000000000000000000e+00
1.042387450566994994e+04 1.825661906543987897e-04 6.027863655675923769e-04 0.000000000000000000e+00 0.000000000000000000e+00 0.000000000000000000e+00
1.092509598836028636e+04 3.017945464641880269e-03 1.256721506205470650e-02 0.000000000000000000e+00 0.000000000000000000e+00 0.000000000000000000e+00
1.145041820006202761e+04 6.260620248228118134e-01 5.838072433709566855e-01 0.000000000000000000e+00 0.000000000000000000e+00 0.000000000000000000e+00
1.200099999999999454e+04 0.000000000000000000e+00 0.000000000000000000e+00 0.000000000000000000e+00 0.000000000000000000e+00 0.000000000000000000e+00
