1.000000000000000000e+00 3.001410872203203551e-10 5.531273914636609046e-09 0.000000000000000000e+00 0.000000000000000000e+00 8.917993896082812317e-09 0.000000000000000000e+00 0.000000000000000000e+00 0.000000000000000000e+00 0.000000000000000000e+00 3.071007031587453823e-08 1.367712342412914826e-08
1.047129071589127935e+00 2.737421245022108064e-10 5.044672263879110063e-09 0.000000000000000000e+00 0.000000000000000000e+00 8.133346946292845846e-09 0.000000000000000000e+00 0.000000000000000000e+00 0.000000000000000000e+00 0.000000000000000000e+00 2.800789199140043882e-08 1.247373890395654140e-08
1.096479292567109187e+00 2.496668221536465917e-10 4.600861892848303087e-09 0.000000000000000000e+00 0.000000000000000000e+00 7.417758535649375682e-09 0.000000000000000000e+00 0.000000000000000000e+00 0.000000000000000000e+00 0.000000000000000000e+00 2.554348037042956375e-08 1.137623540627442735e-08
1.148155343642500714e+00 2.277099535433419089e-10 4.196100448423839349e-09 0.000000000000000000e+00 0.000000000000000000e+00 6.765135011767723402e-09 0.000000000000000000e+00 0.000000000000000000e+00 0.000000000000000000e+00 0.000000000000000000e+00 2.329591505699742108e-08 1.037530137063082535e-08
1.202266839028468093e+00 2.076838596331767076e-10 3.826945820344987974e-09 0.000000000000000000e+00 0.000000000000000000e+00 6.169928126030598216e-09 0.000000000000000000e+00 0.000000000000000000e+00 0.000000000000000000e+00 0.000000000000000000e+00 2.124611505835939950e-08 9.462433163403112424e-09
1.258928558954275356e+00 1.894181104348024077e-10 3.490262562275927620e-09 0.000000000000000000e+00 0.000000000000000000e+00 5.627082328827262835e-09 0.000000000000000000e+00 0.000000000000000000e+00 0.000000000000000000e+00 0.000000000000000000e+00 1.937666816414081602e-08 8.629877043821817652e-09
1.318260693134829076e+00 1.727583432849246493e-10 3.183193221211889824e-09 0.000000000000000000e+00 0.000000000000000000e+00 5.131995284910210834e-09 0.000000000000000000e+00 0.000000000000000000e+00 0.000000000000000000e+00 0.000000000000000000e+00 1.767172324288999847e-08 7.870571734595610444e-09
1.380389095714713799e+00 1.575630825755704733e-10 2.903139175358890622e-09 0.000000000000000000e+00 0.000000000000000000e+00 4.680460366323166854e-09 0.000000000000000000e+00 0.000000000000000000e+00 0.000000000000000000e+00 0.000000000000000000e+00 1.611678753992488945e-08 7.178069888102973693e-09
1.445445552227504260e+00 1.437038606622727329e-10 2.647719352309932293e-09 0.000000000000000000e+00 0.000000000000000000e+00 4.268650786117411634e-09 0.000000000000000000e+00 0.000000000000000000e+00 0.000000000000000000e+00 0.000000000000000000e+00 1.469867893706062464e-08 6.546497068331865042e-09
1.513568059136620958e+00 1.310629182479352672e-10 2.414767996490410500e-09 0.000000000000000000e+00 0.000000000000000000e+00 3.893068661542140843e-09 0.000000000000000000e+00 0.000000000000000000e+00 0.000000000000000000e+00 0.000000000000000000e+00 1.340534172374277820e-08 5.970488727489199601e-09
1.584901116550688105e+00 1.195336638861219886e-10 2.202312277488804400e-09 0.000000000000000000e+00 0.000000000000000000e+00 3.550529718754862534e-09 0.000000000000000000e+00 0.000000000000000000e+00 0.000000000000000000e+00 0.000000000000000000e+00 1.222581184653447736e-08 5.445161993649888768e-09
1.659596034734294401e+00 1.090180747391371125e-10 2.008545060854216984e-09 0.000000000000000000e+00 0.000000000000000000e+00 3.238126490559218495e-09 0.000000000000000000e+00 0.000000000000000000e+00 0.000000000000000000e+00 0.000000000000000000e+00 1.115006243024008600e-08 4.966052991718696140e-09
1.737811255064319882e+00 9.942709343089856450e-11 1.831823915877330252e-09 0.000000000000000000e+00 0.000000000000000000e+00 2.953207723077093843e-09 0.000000000000000000e+00 0.000000000000000000e+00 0.000000000000000000e+00 0.000000000000000000e+00 1.016896814404369132e-08 4.529097420711237693e-09
1.819712686112638478e+00 9.067967535021947321e-11 1.670650813491546018e-09 0.000000000000000000e+00 0.000000000000000000e+00 2.693356608553389206e-09 0.000000000000000000e+00 0.000000000000000000e+00 0.000000000000000000e+00 0.000000000000000000e+00 9.274200382531965655e-09 4.130587713438388632e-09
1.905474055568085578e+00 8.270149477669719081e-11 1.523656338685622126e-09 0.000000000000000000e+00 0.000000000000000000e+00 2.456367693294200173e-09 0.000000000000000000e+00 0.000000000000000000e+00 0.000000000000000000e+00 0.000000000000000000e+00 8.458167231913543617e-09 3.767141309805362049e-09
1.995277278744179705e+00 7.542496570762076672e-11 1.389593750790076715e-09 0.000000000000000000e+00 0.000000000000000000e+00 2.240229465529167106e-09 0.000000000000000000e+00 0.000000000000000000e+00 0.000000000000000000e+00 0.000000000000000000e+00 7.713932816653639390e-09 3.435671834451647075e-09
2.089312844454274565e+00 6.879195224769275094e-11 1.267345332028651821e-09 0.000000000000000000e+00 0.000000000000000000e+00 2.043126419359200066e-09 0.000000000000000000e+00 0.000000000000000000e+00 0.000000000000000000e+00 0.000000000000000000e+00 7.035184067651352413e-09 3.133384235617487985e-09
2.187780219072644972e+00 6.274376955586186174e-11 1.155853958635211500e-09 0.000000000000000000e+00 0.000000000000000000e+00 1.863374565069924798e-09 0.000000000000000000e+00 0.000000000000000000e+00 0.000000000000000000e+00 0.000000000000000000e+00 6.416158793328337887e-09 2.857698458098883282e-09
2.290888269638597485e+00 5.722771951787506703e-11 1.054172163849986219e-09 0.000000000000000000e+00 0.000000000000000000e+00 1.699438790528932023e-09 0.000000000000000000e+00 0.000000000000000000e+00 0.000000000000000000e+00 0.000000000000000000e+00 5.851604205141013153e-09 2.606270519789786706e-09
2.398855706901088514e+00 5.219647365053016756e-11 9.614349267461565352e-10 0.000000000000000000e+00 0.000000000000000000e+00 1.549924201522163964e-09 0.000000000000000000e+00 0.000000000000000000e+00 0.000000000000000000e+00 0.000000000000000000e+00 5.336722928007319191e-09 2.376962819486112575e-09
2.511911549243617703e+00 4.760706233158840375e-11 8.768531953971651789e-10 0.000000000000000000e+00 0.000000000000000000e+00 1.413560410868158513e-09 0.000000000000000000e+00 0.000000000000000000e+00 0.000000000000000000e+00 0.000000000000000000e+00 4.867144731411240420e-09 2.167827556328408549e-09
2.630295608473477653e+00 4.342113090397274219e-11 7.997131955408257673e-10 0.000000000000000000e+00 0.000000000000000000e+00 1.289192983905959891e-09 0.000000000000000000e+00 0.000000000000000000e+00 0.000000000000000000e+00 0.000000000000000000e+00 4.438886151033320820e-09 1.977093146361587775e-09
2.754258998505793254e+00 3.960269515445028107e-11 7.293567306169152961e-10 0.000000000000000000e+00 0.000000000000000000e+00 1.175763824480176398e-09 0.000000000000000000e+00 0.000000000000000000e+00 0.000000000000000000e+00 0.000000000000000000e+00 4.048308666224354487e-09 1.803137328205922114e-09
2.884064668021372402e+00 3.611991047041572102e-11 6.651899785649594787e-10 0.000000000000000000e+00 0.000000000000000000e+00 1.072313468189897562e-09 0.000000000000000000e+00 0.000000000000000000e+00 0.000000000000000000e+00 0.000000000000000000e+00 3.692099377760603942e-09 1.644486846222890874e-09
3.019987958228226521e+00 3.294331386027755423e-11 6.066712021891198476e-10 0.000000000000000000e+00 0.000000000000000000e+00 9.779631210331097528e-10 0.000000000000000000e+00 0.000000000000000000e+00 0.000000000000000000e+00 0.000000000000000000e+00 3.367231806134621147e-09 1.499795785694930223e-09
3.162317186909868738e+00 3.004807943188246683e-11 5.533068010183107625e-10 0.000000000000000000e+00 0.000000000000000000e+00 8.919263586522453230e-10 0.000000000000000000e+00 0.000000000000000000e+00 0.000000000000000000e+00 0.000000000000000000e+00 3.070950409183196777e-09 1.367843598903521241e-09
3.311354259999273797e+00 2.740806783220049810e-11 5.046406147778703413e-10 0.000000000000000000e+00 0.000000000000000000e+00 8.134623966594229703e-10 0.000000000000000000e+00 0.000000000000000000e+00 0.000000000000000000e+00 0.000000000000000000e+00 2.800739317409363233e-09 1.247504323793854259e-09
3.467415311975743819e+00 2.499982069447668321e-11 4.602514378767082677e-10 0.000000000000000000e+00 0.000000000000000000e+00 7.419003544113232910e-10 0.000000000000000000e+00 0.000000000000000000e+00 0.000000000000000000e+00 0.000000000000000000e+00 2.554303595268093111e-09 1.137750278368285875e-09
3.630831376443087510e+00 2.280312779016751160e-11 4.197680199720147311e-10 0.000000000000000000e+00 0.000000000000000000e+00 6.766324589146447043e-10 0.000000000000000000e+00 0.000000000000000000e+00 0.000000000000000000e+00 0.000000000000000000e+00 2.329552049543808152e-09 1.037652448401320422e-09
3.801949088311525671e+00 2.079908834602727835e-11 3.828439428687128411e-10 0.000000000000000000e+00 0.000000000000000000e+00 6.171038480742132666e-10 0.000000000000000000e+00 0.000000000000000000e+00 0.000000000000000000e+00 0.000000000000000000e+00 2.124575075888039806e-09 9.463591282248043129e-10
3.981131419072778677e+00 1.897087960370480687e-11 3.491661888900591001e-10 0.000000000000000000e+00 0.000000000000000000e+00 5.628106008555622426e-10 0.000000000000000000e+00 0.000000000000000000e+00 0.000000000000000000e+00 0.000000000000000000e+00 1.937635879751117681e-09 8.630967338429137866e-10
4.168758446727986566e+00 1.730456416250834482e-11 3.184573770485547097e-10 0.000000000000000000e+00 0.000000000000000000e+00 5.133000403489608735e-10 0.000000000000000000e+00 0.000000000000000000e+00 0.000000000000000000e+00 0.000000000000000000e+00 1.767143733066967367e-09 7.871651557235945508e-10
4.365228162001612233e+00 1.578534264235348686e-11 2.904508761234593214e-10 0.000000000000000000e+00 0.000000000000000000e+00 4.681490640725627741e-10 0.000000000000000000e+00 0.000000000000000000e+00 0.000000000000000000e+00 0.000000000000000000e+00 1.611654528574005174e-09 7.179164520370868831e-10
4.570957312551463758e+00 1.439947756944888114e-11 2.649075013675434279e-10 0.000000000000000000e+00 0.000000000000000000e+00 4.269690589623125976e-10 0.000000000000000000e+00 0.000000000000000000e+00 0.000000000000000000e+00 0.000000000000000000e+00 1.469845769447141866e-09 6.547594266047094441e-10
4.786382286965549682e+00 1.313514913526697679e-11 2.416103771544832796e-10 0.000000000000000000e+00 0.000000000000000000e+00 3.894099634973107688e-10 0.000000000000000000e+00 0.000000000000000000e+00 0.000000000000000000e+00 0.000000000000000000e+00 1.340514437638693915e-09 5.971578429723796749e-10
5.011960040420881946e+00 1.198148797104079745e-11 2.203608011439505900e-10 0.000000000000000000e+00 0.000000000000000000e+00 3.551524111420590535e-10 0.000000000000000000e+00 0.000000000000000000e+00 0.000000000000000000e+00 0.000000000000000000e+00 1.222564452061049471e-09 5.446224848075783851e-10
5.248169063967726977e+00 1.093038575150797389e-11 2.009862175800230806e-10 0.000000000000000000e+00 0.000000000000000000e+00 3.239149552614422911e-10 0.000000000000000000e+00 0.000000000000000000e+00 0.000000000000000000e+00 0.000000000000000000e+00 1.114992058697047814e-09 4.967144398853158158e-10
5.495510399495309173e+00 9.971713462547132035e-12 1.833150253640984462e-10 0.000000000000000000e+00 0.000000000000000000e+00 2.954260004344525759e-10 0.000000000000000000e+00 0.000000000000000000e+00 0.000000000000000000e+00 0.000000000000000000e+00 1.016884644700136502e-09 4.530210936775503420e-10
5.754508702531921038e+00 9.097160669343092301e-12 1.671979303605136247e-10 0.000000000000000000e+00 0.000000000000000000e+00 2.694425073194689740e-10 0.000000000000000000e+00 0.000000000000000000e+00 0.000000000000000000e+00 0.000000000000000000e+00 9.274100842115624303e-10 4.131714534773883802e-10
6.025713355133808236e+00 8.299034142959119004e-12 1.524969156476132462e-10 0.000000000000000000e+00 0.000000000000000000e+00 2.457422914750113946e-10 0.000000000000000000e+00 0.000000000000000000e+00 0.000000000000000000e+00 0.000000000000000000e+00 8.458086774250011370e-10 3.768260275598037787e-10
6.309699631223472771e+00 7.571803706187136724e-12 1.390922260013477230e-10 0.000000000000000000e+00 0.000000000000000000e+00 2.241312210393445934e-10 0.000000000000000000e+00 0.000000000000000000e+00 0.000000000000000000e+00 0.000000000000000000e+00 7.713869461225609145e-10 3.436814020307174207e-10
6.607069916849297897e+00 6.908556885874158350e-12 1.268662845787694317e-10 0.000000000000000000e+00 0.000000000000000000e+00 2.044218172866202913e-10 0.000000000000000000e+00 0.000000000000000000e+00 0.000000000000000000e+00 0.000000000000000000e+00 7.035132278452854934e-10 3.134527970414023216e-10
6.918454987954862467e+00 6.303254006451683755e-12 1.157148204776484241e-10 0.000000000000000000e+00 0.000000000000000000e+00 1.864442317284634542e-10 0.000000000000000000e+00 0.000000000000000000e+00 0.000000000000000000e+00 0.000000000000000000e+00 6.416125761471498044e-10 2.858825611786193371e-10
7.244515348368347318e+00 5.751491612686676129e-12 1.055463815874900485e-10 0.000000000000000000e+00 0.000000000000000000e+00 1.700498377357190452e-10 0.000000000000000000e+00 0.000000000000000000e+00 0.000000000000000000e+00 0.000000000000000000e+00 5.851577327935643879e-10 2.607395054881013799e-10
7.585942630850135870e+00 5.248343064348844778e-12 9.627212192914005537e-11 0.000000000000000000e+00 0.000000000000000000e+00 1.550986772742349218e-10 0.000000000000000000e+00 0.000000000000000000e+00 0.000000000000000000e+00 0.000000000000000000e+00 5.336711469533168217e-10 2.378089792237416437e-10
7.943461064170490360e+00 4.789186423867526803e-12 8.781281898584065555e-11 0.000000000000000000e+00 0.000000000000000000e+00 1.414614336003495830e-10 0.000000000000000000e+00 0.000000000000000000e+00 0.000000000000000000e+00 0.000000000000000000e+00 4.867143508342782447e-10 2.168948092472606128e-10
8.317829009329230416e+00 4.370609740241616978e-12 8.009883003607994770e-11 0.000000000000000000e+00 0.000000000000000000e+00 1.290250782971487973e-10 0.000000000000000000e+00 0.000000000000000000e+00 0.000000000000000000e+00 0.000000000000000000e+00 4.438891363286805495e-10 1.978216945329025572e-10
8.709840568176032249e+00 3.988877597147712107e-12 7.306306325895965218e-11 0.000000000000000000e+00 0.000000000000000000e+00 1.176832359824585573e-10 0.000000000000000000e+00 0.000000000000000000e+00 0.000000000000000000e+00 0.000000000000000000e+00 4.048326743367329927e-10 1.804267803790562330e-10
9.120327267843492791e+00 3.640564437337982183e-12 6.664637702156388093e-11 0.000000000000000000e+00 0.000000000000000000e+00 1.073381724818242985e-10 0.000000000000000000e+00 0.000000000000000000e+00 0.000000000000000000e+00 0.000000000000000000e+00 3.692124937659007158e-10 1.645618874126313280e-10
9.550159824565964684e+00 3.323143773016811533e-12 6.079507096629487556e-11 0.000000000000000000e+00 0.000000000000000000e+00 9.790491480562993286e-11 0.000000000000000000e+00 0.000000000000000000e+00 0.000000000000000000e+00 0.000000000000000000e+00 3.367266841053437341e-10 1.500939843412546231e-10
1.000024999062554620e+01 3.033376350469878633e-12 5.545734016281136620e-11 0.000000000000000000e+00 0.000000000000000000e+00 8.930015337061479250e-11 0.000000000000000000e+00 0.000000000000000000e+00 0.000000000000000000e+00 0.000000000000000000e+00 3.070990020862296856e-10 1.368978206882509455e-10
1.047155248834291719e+01 2.769311963852396239e-12 5.058997260957219892e-11 0.000000000000000000e+00 0.000000000000000000e+00 8.145377680128414264e-11 0.000000000000000000e+00 0.000000000000000000e+00 0.000000000000000000e+00 0.000000000000000000e+00 2.800782203200525777e-10 1.248636188417763989e-10
1.096506703521533943e+01 2.528352723036914395e-12 4.615044587159543118e-11 0.000000000000000000e+00 0.000000000000000000e+00 7.429690552325773888e-11 0.000000000000000000e+00 0.000000000000000000e+00 0.000000000000000000e+00 0.000000000000000000e+00 2.554347824598190507e-10 1.138876795128372762e-10
1.148184046449759421e+01 2.308775476439429567e-12 4.210255238173374084e-11 0.000000000000000000e+00 0.000000000000000000e+00 6.777080014215795344e-11 0.000000000000000000e+00 0.000000000000000000e+00 0.000000000000000000e+00 0.000000000000000000e+00 2.329607213861046313e-10 1.038785987815035046e-10
1.202296894572384467e+01 2.108297469046336410e-12 3.840964296247392442e-11 0.000000000000000000e+00 0.000000000000000000e+00 6.181780922762345245e-11 0.000000000000000000e+00 0.000000000000000000e+00 0.000000000000000000e+00 0.000000000000000000e+00 2.124634331976235491e-10 9.474907402220655956e-11
1.258960030988072276e+01 1.925611810670281481e-12 3.504245577664796601e-11 0.000000000000000000e+00 0.000000000000000000e+00 5.638942615845305417e-11 0.000000000000000000e+00 0.000000000000000000e+00 0.000000000000000000e+00 0.000000000000000000e+00 1.937698251750284862e-10 8.642355728173488818e-11
1.318293648416360320e+01 1.758919966620788962e-12 3.197112917766380312e-11 0.000000000000000000e+00 0.000000000000000000e+00 5.143821394295798228e-11 0.000000000000000000e+00 0.000000000000000000e+00 0.000000000000000000e+00 0.000000000000000000e+00 1.767211009567998145e-10 7.883022307192993963e-11
1.380423604148067440e+01 1.606908934106138590e-12 2.917010544024751048e-11 0.000000000000000000e+00 0.000000000000000000e+00 4.692280652527608615e-11 0.000000000000000000e+00 0.000000000000000000e+00 0.000000000000000000e+00 0.000000000000000000e+00 1.611722930817152564e-10 7.190508784009052499e-11
1.445481687011284144e+01 1.468332789508196071e-12 2.661584762170319793e-11 0.000000000000000000e+00 0.000000000000000000e+00 4.280504134707244697e-11 0.000000000000000000e+00 0.000000000000000000e+00 0.000000000000000000e+00 0.000000000000000000e+00 1.469920166039927059e-10 6.558961657383660825e-11
1.513605896919212235e+01 1.341807144382892812e-12 2.428566277689104689e-11 0.000000000000000000e+00 0.000000000000000000e+00 3.904878286315996248e-11 0.000000000000000000e+00 0.000000000000000000e+00 0.000000000000000000e+00 0.000000000000000000e+00 1.340593043842113704e-10 5.982918491547212228e-11
1.584940737592843618e+01 1.226559687453553685e-12 2.216116843830189716e-11 0.000000000000000000e+00 0.000000000000000000e+00 3.562391864164118558e-11 0.000000000000000000e+00 0.000000000000000000e+00 0.000000000000000000e+00 0.000000000000000000e+00 1.222646027180764270e-10 5.457627599110536836e-11
1.659637523079382504e+01 1.121385604342248492e-12 2.022336067331301155e-11 0.000000000000000000e+00 0.000000000000000000e+00 3.250002266106612826e-11 0.000000000000000000e+00 0.000000000000000000e+00 0.000000000000000000e+00 0.000000000000000000e+00 1.115074817500518732e-10 4.978524834650377452e-11
1.737854698716593305e+01 1.025438514851270454e-12 1.845578201145292131e-11 0.000000000000000000e+00 0.000000000000000000e+00 2.965087502840084901e-11 0.000000000000000000e+00 0.000000000000000000e+00 0.000000000000000000e+00 0.000000000000000000e+00 1.016971214823715186e-10 4.541566226101371443e-11
1.819758177223910778e+01 9.379751980343357972e-13 1.684413452420723607e-11 0.000000000000000000e+00 0.000000000000000000e+00 2.705265884169058755e-11 0.000000000000000000e+00 0.000000000000000000e+00 0.000000000000000000e+00 0.000000000000000000e+00 9.275005668721606582e-11 4.143083459025093625e-11
1.905521690633197096e+01 8.581588943466276631e-13 1.537400190437148233e-11 0.000000000000000000e+00 0.000000000000000000e+00 2.468279830765815002e-11 0.000000000000000000e+00 0.000000000000000000e+00 0.000000000000000000e+00 0.000000000000000000e+00 8.459002086475171241e-11 3.779634523926062028e-11
1.995327158805684675e+01 7.853799323755079579e-13 1.403327956154983111e-11 0.000000000000000000e+00 0.000000000000000000e+00 2.252157429306136768e-11 0.000000000000000000e+00 0.000000000000000000e+00 0.000000000000000000e+00 0.000000000000000000e+00 7.714836373133332571e-11 3.448180146926667586e-11
2.089365075316769804e+01 7.190107485972676944e-13 1.281052739285708342e-11 0.000000000000000000e+00 0.000000000000000000e+00 2.055060601898454502e-11 0.000000000000000000e+00 0.000000000000000000e+00 0.000000000000000000e+00 0.000000000000000000e+00 7.036126032771946573e-11 3.145888544992213037e-11
2.187834911527197335e+01 6.584907895776040631e-13 1.169552336153181514e-11 0.000000000000000000e+00 0.000000000000000000e+00 1.875309945124438723e-11 0.000000000000000000e+00 0.000000000000000000e+00 0.000000000000000000e+00 0.000000000000000000e+00 6.417139575673766008e-11 2.870204968807325665e-11
2.290945539697756672e+01 6.032717467785800553e-13 1.067848825552878501e-11 0.000000000000000000e+00 0.000000000000000000e+00 1.711368047036126373e-11 0.000000000000000000e+00 0.000000000000000000e+00 0.000000000000000000e+00 0.000000000000000000e+00 5.852633693314159126e-11 2.618771065277814795e-11
2.398915676044964940e+01 5.529092018136815995e-13 9.751034472973744007e-12 0.000000000000000000e+00 0.000000000000000000e+00 1.561849801669081385e-11 0.000000000000000000e+00 0.000000000000000000e+00 0.000000000000000000e+00 0.000000000000000000e+00 5.337791310940151640e-11 2.389462636640321556e-11
2.511974344677568993e+01 5.069585452230974581e-13 8.905074673618300621e-12 0.000000000000000000e+00 0.000000000000000000e+00 1.425481580351186682e-11 0.000000000000000000e+00 0.000000000000000000e+00 0.000000000000000000e+00 0.000000000000000000e+00 4.868241763079353012e-11 2.180321386773455256e-11
2.630361363397931740e+01 4.650532753322316554e-13 8.133590395916390371e-12 0.000000000000000000e+00 0.000000000000000000e+00 1.301116951644279991e-11 0.000000000000000000e+00 0.000000000000000000e+00 0.000000000000000000e+00 0.000000000000000000e+00 4.440046937283020850e-11 1.989593188630403244e-11
2.754327852398788679e+01 4.268330638597521567e-13 7.430044896397845441e-12 0.000000000000000000e+00 0.000000000000000000e+00 1.187696680398555551e-11 0.000000000000000000e+00 0.000000000000000000e+00 0.000000000000000000e+00 0.000000000000000000e+00 4.049497467846081760e-11 1.815643407854267476e-11
2.884136766934421203e+01 3.919733434312640016e-13 6.788400414500770036e-12 0.000000000000000000e+00 0.000000000000000000e+00 1.084263163181440228e-11 0.000000000000000000e+00 0.000000000000000000e+00 0.000000000000000000e+00 0.000000000000000000e+00 3.693333390001894512e-11 1.657004503710587875e-11
3.020063455096109095e+01 3.601650288124876358e-13 6.203219486883119965e-12 0.000000000000000000e+00 0.000000000000000000e+00 9.899232660561353943e-12 0.000000000000000000e+00 0.000000000000000000e+00 0.000000000000000000e+00 0.000000000000000000e+00 3.368508731145472590e-11 1.512321513749956407e-11
3.162396241875041980e+01 3.311455508530923214e-13 5.669518942906658927e-12 0.000000000000000000e+00 0.000000000000000000e+00 9.038861300533388174e-12 0.000000000000000000e+00 0.000000000000000000e+00 0.000000000000000000e+00 0.000000000000000000e+00 3.072272297228775623e-11 1.380368992653735725e-11
3.311437040751560801e+01 3.046768363729009460e-13 5.182842378487102975e-12 0.000000000000000000e+00 0.000000000000000000e+00 8.254238350462579384e-12 0.000000000000000000e+00 0.000000000000000000e+00 0.000000000000000000e+00 0.000000000000000000e+00 2.802101453613784857e-11 1.260030475012411451e-11
3.467501994108030772e+01 2.805249218621369114e-13 4.738943025303508369e-12 0.000000000000000000e+00 0.000000000000000000e+00 7.538646040593294940e-12 0.000000000000000000e+00 0.000000000000000000e+00 0.000000000000000000e+00 0.000000000000000000e+00 2.555703169021359949e-11 1.150277533263469380e-11
3.630922143823793391e+01 2.584798757671992177e-13 4.334144317136377639e-12 0.000000000000000000e+00 0.000000000000000000e+00 6.885973481715896738e-12 0.000000000000000000e+00 0.000000000000000000e+00 0.000000000000000000e+00 0.000000000000000000e+00 2.330994554660363589e-11 1.050181773257777501e-11
3.802044133474613830e+01 2.383640899537925059e-13 3.964986459651588242e-12 0.000000000000000000e+00 0.000000000000000000e+00 6.290764868714024034e-12 0.000000000000000000e+00 0.000000000000000000e+00 0.000000000000000000e+00 0.000000000000000000e+00 2.126066418569904726e-11 9.588958850296855361e-12
3.981230943626162144e+01 2.200071851148065088e-13 3.628312873272059645e-12 0.000000000000000000e+00 0.000000000000000000e+00 5.747949337930186001e-12 0.000000000000000000e+00 0.000000000000000000e+00 0.000000000000000000e+00 0.000000000000000000e+00 1.939169657928071612e-11 8.756415097242246846e-12
4.168862661781172108e+01 2.032570302562629936e-13 3.321339104308963088e-12 0.000000000000000000e+00 0.000000000000000000e+00 5.252944768141935167e-12 0.000000000000000000e+00 0.000000000000000000e+00 0.000000000000000000e+00 0.000000000000000000e+00 1.768724398792112535e-11 7.997172573101087566e-12
4.365337288613498856e+01 1.879597109212875817e-13 3.041381582802205647e-12 0.000000000000000000e+00 0.000000000000000000e+00 4.801483161886284555e-12 0.000000000000000000e+00 0.000000000000000000e+00 0.000000000000000000e+00 0.000000000000000000e+00 1.613281592695927703e-11 7.304720317458851420e-12
4.571071582199255801e+01 1.739903067469580848e-13 2.786104198263072593e-12 0.000000000000000000e+00 0.000000000000000000e+00 4.389758290687858245e-12 0.000000000000000000e+00 0.000000000000000000e+00 0.000000000000000000e+00 0.000000000000000000e+00 1.471511835850433744e-11 6.673187648593711795e-12
4.786501942035751966e+01 1.612284375338274838e-13 2.553291462723576615e-12 0.000000000000000000e+00 0.000000000000000000e+00 4.014261880735841392e-12 0.000000000000000000e+00 0.000000000000000000e+00 0.000000000000000000e+00 0.000000000000000000e+00 1.342229380224737856e-11 6.097225741028730909e-12
5.012085334723456498e+01 1.495664289758439111e-13 2.340998636623843108e-12 0.000000000000000000e+00 0.000000000000000000e+00 3.671822324395454290e-12 0.000000000000000000e+00 0.000000000000000000e+00 0.000000000000000000e+00 0.000000000000000000e+00 1.224314228288003107e-11 5.571916449896102724e-12
5.248300263274455801e+01 1.389162564173758747e-13 2.147478365581745703e-12 0.000000000000000000e+00 0.000000000000000000e+00 3.359586928739859313e-12 0.000000000000000000e+00 0.000000000000000000e+00 0.000000000000000000e+00 0.000000000000000000e+00 1.116790475576863563e-11 5.092896382264441671e-12
5.495647782103555556e+01 1.291743010770930117e-13 1.971009487224723144e-12 0.000000000000000000e+00 0.000000000000000000e+00 3.074837965631564726e-12 0.000000000000000000e+00 0.000000000000000000e+00 0.000000000000000000e+00 0.000000000000000000e+00 1.018728056590249043e-11 4.656000016759388001e-12
5.754652559854947924e+01 1.202680780845074570e-13 1.810167007773330685e-12 0.000000000000000000e+00 0.000000000000000000e+00 2.815218603462898934e-12 0.000000000000000000e+00 0.000000000000000000e+00 0.000000000000000000e+00 0.000000000000000000e+00 9.292905697516162184e-12 4.257565603877778573e-12
6.025863992318909368e+01 1.121117257601274483e-13 1.663496308869072750e-12 0.000000000000000000e+00 0.000000000000000000e+00 2.578455714374892352e-12 0.000000000000000000e+00 0.000000000000000000e+00 0.000000000000000000e+00 0.000000000000000000e+00 8.477242039222119656e-12 3.894157290606291895e-12
6.309857367799257588e+01 1.046487921535423001e-13 1.529851436873693021e-12 0.000000000000000000e+00 0.000000000000000000e+00 2.362625643986805200e-12 0.000000000000000000e+00 0.000000000000000000e+00 0.000000000000000000e+00 0.000000000000000000e+00 7.733379433384474328e-12 3.562763676567806304e-12
6.607235087403454088e+01 9.780743481718403769e-14 1.408030424832961672e-12 0.000000000000000000e+00 0.000000000000000000e+00 2.165841510527619791e-12 0.000000000000000000e+00 0.000000000000000000e+00 0.000000000000000000e+00 0.000000000000000000e+00 7.054908807008795832e-12 3.260500370039932126e-12
6.918627942843887979e+01 9.153330384524171002e-14 1.297033351805152750e-12 0.000000000000000000e+00 0.000000000000000000e+00 1.986457778744260434e-12 0.000000000000000000e+00 0.000000000000000000e+00 0.000000000000000000e+00 0.000000000000000000e+00 6.436191953132768631e-12 2.984849076125063397e-12
7.244696454460721213e+01 8.577148697791310702e-14 1.195895200916762535e-12 0.000000000000000000e+00 0.000000000000000000e+00 1.822939888508600790e-12 0.000000000000000000e+00 0.000000000000000000e+00 0.000000000000000000e+00 0.000000000000000000e+00 5.871884840835841073e-12 2.733431426311624119e-12
7.586132272304500646e+01 8.047888220322873265e-14 1.103793867166382606e-12 0.000000000000000000e+00 0.000000000000000000e+00 1.673939249315673444e-12 0.000000000000000000e+00 0.000000000000000000e+00 0.000000000000000000e+00 0.000000000000000000e+00 5.357246275487113141e-12 2.504151055284380121e-12
7.943659643250535396e+01 7.560891351835366537e-14 1.019929179631060734e-12 0.000000000000000000e+00 0.000000000000000000e+00 1.538182935814237915e-12 0.000000000000000000e+00 0.000000000000000000e+00 0.000000000000000000e+00 0.000000000000000000e+00 4.887826879862428960e-12 2.295025740703364489e-12
8.318036947256955216e+01 7.112168893628867410e-14 9.435903960334064802e-13 0.000000000000000000e+00 0.000000000000000000e+00 1.414520424838245354e-12 0.000000000000000000e+00 0.000000000000000000e+00 0.000000000000000000e+00 0.000000000000000000e+00 4.459677224552624788e-12 2.104285563732986188e-12
8.710058306025237584e+01 6.698157593688830267e-14 8.741439608656988282e-13 0.000000000000000000e+00 0.000000000000000000e+00 1.301916482228980128e-12 0.000000000000000000e+00 0.000000000000000000e+00 0.000000000000000000e+00 0.000000000000000000e+00 4.069152827274455776e-12 1.930311245557638229e-12
9.120555267475383232e+01 6.315532245526909904e-14 8.109937869899752230e-13 0.000000000000000000e+00 0.000000000000000000e+00 1.199428929478089724e-12 0.000000000000000000e+00 0.000000000000000000e+00 0.000000000000000000e+00 0.000000000000000000e+00 3.712956642562845819e-12 1.771624416140712884e-12
9.550398569608826449e+01 5.961383528067216160e-14 7.536175406325442545e-13 0.000000000000000000e+00 0.000000000000000000e+00 1.106197278617366351e-12 0.000000000000000000e+00 0.000000000000000000e+00 0.000000000000000000e+00 0.000000000000000000e+00 3.388072157541193347e-12 1.626879536729481831e-12
1.000049998750062343e+02 5.633094881064585878e-14 7.015393734394042212e-13 0.000000000000000000e+00 0.000000000000000000e+00 1.021452289963200645e-12 0.000000000000000000e+00 0.000000000000000000e+00 0.000000000000000000e+00 0.000000000000000000e+00 3.091702633368278229e-12 1.494837638726679939e-12
1.047181426733861684e+02 5.328297089401361814e-14 6.543294746992906654e-13 0.000000000000000000e+00 0.000000000000000000e+00 9.444876021399903348e-13 0.000000000000000000e+00 0.000000000000000000e+00 0.000000000000000000e+00 0.000000000000000000e+00 2.821363238367962734e-12 1.374381748789764331e-12
1.096534115161207410e+02 5.044897442882029856e-14 6.115841113411324385e-13 0.000000000000000000e+00 0.000000000000000000e+00 8.746704136111567896e-13 0.000000000000000000e+00 0.000000000000000000e+00 0.000000000000000000e+00 0.000000000000000000e+00 2.574743153685912966e-12 1.264474276731169072e-12
1.148212749974560154e+02 4.781227133039749749e-14 5.729540764606436711e-13 0.000000000000000000e+00 0.000000000000000000e+00 8.114456823624735819e-13 0.000000000000000000e+00 0.000000000000000000e+00 0.000000000000000000e+00 0.000000000000000000e+00 2.349767441942392188e-12 1.164184171295526738e-12
1.202326950867661139e+02 4.536107581251188049e-14 5.381569223474290216e-13 0.000000000000000000e+00 0.000000000000000000e+00 7.543059325357338374e-13 0.000000000000000000e+00 0.000000000000000000e+00 0.000000000000000000e+00 0.000000000000000000e+00 2.144512026042977489e-12 1.072660396773621627e-12
1.258991503808641426e+02 4.308091292051997059e-14 5.068869376040317179e-13 0.000000000000000000e+00 0.000000000000000000e+00 7.027890280295430561e-13 0.000000000000000000e+00 0.000000000000000000e+00 0.000000000000000000e+00 0.000000000000000000e+00 1.957264838227317181e-12 9.891112219704973672e-13
1.318326604521743093e+02 4.096812019423668829e-14 4.789203012867096488e-13 0.000000000000000000e+00 0.000000000000000000e+00 6.565239756489987051e-13 0.000000000000000000e+00 0.000000000000000000e+00 0.000000000000000000e+00 0.000000000000000000e+00 1.786442903511325021e-12 9.128322530465101797e-13
1.380458113444099411e+02 3.901994936207768001e-14 4.540551261924875816e-13 0.000000000000000000e+00 0.000000000000000000e+00 6.151730262532970934e-13 0.000000000000000000e+00 0.000000000000000000e+00 0.000000000000000000e+00 0.000000000000000000e+00 1.630594794532451631e-12 8.431665463557106696e-13
1.445517822698399470e+02 3.723816970935563697e-14 4.321214111979317242e-13 0.000000000000000000e+00 0.000000000000000000e+00 5.784562328394851895e-13 0.000000000000000000e+00 0.000000000000000000e+00 0.000000000000000000e+00 0.000000000000000000e+00 1.488421734412432068e-12 7.795208970809225414e-13
1.513643735647713129e+02 3.562865046501166049e-14 4.129765150701102726e-13 0.000000000000000000e+00 0.000000000000000000e+00 5.461456667959746994e-13 0.000000000000000000e+00 0.000000000000000000e+00 0.000000000000000000e+00 0.000000000000000000e+00 1.358712483727279911e-12 7.213382681028859078e-13
1.584980359625488120e+02 3.420512373779064443e-14 3.965317574065892686e-13 0.000000000000000000e+00 0.000000000000000000e+00 5.180865911585563525e-13 0.000000000000000000e+00 0.000000000000000000e+00 0.000000000000000000e+00 0.000000000000000000e+00 1.240382851293081854e-12 6.681234253730739484e-13
1.659679012461640184e+02 3.298496586606504109e-14 3.827243408232747894e-13 0.000000000000000000e+00 0.000000000000000000e+00 4.941770154559020629e-13 0.000000000000000000e+00 0.000000000000000000e+00 0.000000000000000000e+00 0.000000000000000000e+00 1.132434426814217899e-12 6.194116628802303844e-13
1.737898143454918340e+02 3.199119519294952463e-14 3.715161606611645457e-13 0.000000000000000000e+00 0.000000000000000000e+00 4.744048860597519039e-13 0.000000000000000000e+00 0.000000000000000000e+00 0.000000000000000000e+00 0.000000000000000000e+00 1.033960423766526296e-12 5.747725400429970902e-13
1.819803669472416630e+02 3.125250451086180025e-14 3.629290804398063009e-13 0.000000000000000000e+00 0.000000000000000000e+00 4.588253081024273523e-13 0.000000000000000000e+00 0.000000000000000000e+00 0.000000000000000000e+00 0.000000000000000000e+00 9.441476178108333592e-13 5.338194880315010538e-13
1.905569326889140314e+02 3.080466207115023526e-14 3.570427174829902958e-13 0.000000000000000000e+00 0.000000000000000000e+00 4.476151174248711732e-13 0.000000000000000000e+00 0.000000000000000000e+00 0.000000000000000000e+00 0.000000000000000000e+00 8.622442094061834327e-13 4.961965481639862710e-13
1.995377040114145757e+02 3.068057195271309573e-14 3.539322996773286291e-13 0.000000000000000000e+00 0.000000000000000000e+00 4.410524827512737846e-13 0.000000000000000000e+00 0.000000000000000000e+00 0.000000000000000000e+00 0.000000000000000000e+00 7.875683813474987853e-13 4.615577414250104886e-13
2.089417307484988271e+02 3.091534234352751927e-14 3.537351545154730849e-13 0.000000000000000000e+00 0.000000000000000000e+00 4.395759284329559020e-13 0.000000000000000000e+00 0.000000000000000000e+00 0.000000000000000000e+00 0.000000000000000000e+00 7.195022177020913929e-13 4.295912585083054685e-13
2.187889605349009798e+02 3.153944382362148972e-14 3.566299276980866282e-13 0.000000000000000000e+00 0.000000000000000000e+00 4.437954354710074727e-13 0.000000000000000000e+00 0.000000000000000000e+00 0.000000000000000000e+00 0.000000000000000000e+00 6.574791861520533299e-13 4.000092913283245769e-13
2.291002811188612895e+02 3.256724096469738750e-14 3.627691023210969339e-13 0.000000000000000000e+00 0.000000000000000000e+00 4.545010211231886136e-13 0.000000000000000000e+00 0.000000000000000000e+00 0.000000000000000000e+00 0.000000000000000000e+00 6.009898097549667451e-13 3.725396017285367353e-13
2.398975646688014933e+02 3.399030702580956974e-14 3.722576394620597109e-13 0.000000000000000000e+00 0.000000000000000000e+00 4.726586365047829254e-13 0.000000000000000000e+00 0.000000000000000000e+00 0.000000000000000000e+00 0.000000000000000000e+00 5.495586034535427040e-13 3.469289365069056162e-13
2.512037141681347236e+02 3.576267694332485122e-14 3.850368899139911747e-13 0.000000000000000000e+00 0.000000000000000000e+00 4.992998560570646870e-13 0.000000000000000000e+00 0.000000000000000000e+00 0.000000000000000000e+00 0.000000000000000000e+00 5.027539251987022706e-13 3.229451026034891322e-13
2.630427119966196869e+02 3.778610809118250973e-14 4.007005628829229492e-13 0.000000000000000000e+00 0.000000000000000000e+00 5.352660498980189319e-13 0.000000000000000000e+00 0.000000000000000000e+00 0.000000000000000000e+00 0.000000000000000000e+00 4.601808084023533626e-13 3.003777118578545213e-13
2.754396708013068178e+02 3.989914451378093784e-14 4.182430432908910646e-13 0.000000000000000000e+00 0.000000000000000000e+00 5.806487591845528170e-13 0.000000000000000000e+00 0.000000000000000000e+00 0.000000000000000000e+00 0.000000000000000000e+00 4.214762245557072063e-13 2.790450029882150034e-13
2.884208867649872445e+02 4.187399651377647661e-14 4.357384507583550690e-13 0.000000000000000000e+00 0.000000000000000000e+00 6.338358723543424743e-13 0.000000000000000000e+00 0.000000000000000000e+00 0.000000000000000000e+00 0.000000000000000000e+00 3.863150052094216920e-13 2.588089940822736251e-13
3.020138953851341626e+02 4.343064076786958398e-14 4.501034143803394777e-13 0.000000000000000000e+00 0.000000000000000000e+00 6.902696761713372856e-13 0.000000000000000000e+00 0.000000000000000000e+00 0.000000000000000000e+00 0.000000000000000000e+00 3.543812717325725420e-13 2.395712426901078631e-13
3.162475298816517011e+02 4.427112475331534706e-14 4.572139879731181362e-13 0.000000000000000000e+00 0.000000000000000000e+00 7.415488750916858447e-13 0.000000000000000000e+00 0.000000000000000000e+00 0.000000000000000000e+00 0.000000000000000000e+00 3.253858046378166480e-13 2.212878340031264215e-13
3.311519823573290182e+02 4.414723688423294443e-14 4.529333842008640463e-13 0.000000000000000000e+00 0.000000000000000000e+00 7.762032423809689504e-13 0.000000000000000000e+00 0.000000000000000000e+00 0.000000000000000000e+00 0.000000000000000000e+00 2.990558894091614183e-13 2.039726422209872578e-13
3.467588678407289535e+02 4.292285368907759188e-14 4.347893410699649895e-13 0.000000000000000000e+00 0.000000000000000000e+00 7.832630879407114723e-13 0.000000000000000000e+00 0.000000000000000000e+00 0.000000000000000000e+00 0.000000000000000000e+00 2.751300615206161309e-13 1.876646745659054724e-13
3.631012913473597905e+02 4.062795421523820706e-14 4.036158285894495605e-13 0.000000000000000000e+00 0.000000000000000000e+00 7.574825605447993702e-13 0.000000000000000000e+00 0.000000000000000000e+00 0.000000000000000000e+00 0.000000000000000000e+00 2.533541725239503636e-13 1.723993839493182110e-13
3.802139181013744178e+02 3.745418911394071271e-14 3.635505492452807578e-13 0.000000000000000000e+00 0.000000000000000000e+00 7.024301079712438340e-13 0.000000000000000000e+00 0.000000000000000000e+00 0.000000000000000000e+00 0.000000000000000000e+00 2.334819468117316830e-13 1.581754303708545337e-13
3.981330470667566601e+02 3.371391057456786781e-14 3.203471727850048243e-13 0.000000000000000000e+00 0.000000000000000000e+00 6.286267972916984809e-13 0.000000000000000000e+00 0.000000000000000000e+00 0.000000000000000000e+00 0.000000000000000000e+00 2.152848097169621824e-13 1.449689666035724320e-13
4.168966879439635704e+02 2.975474663824305213e-14 2.790933361333632650e-13 0.000000000000000000e+00 0.000000000000000000e+00 5.484570034953524026e-13 0.000000000000000000e+00 0.000000000000000000e+00 0.000000000000000000e+00 0.000000000000000000e+00 1.985700615824944773e-13 1.327480368865941980e-13
4.365446417953451146e+02 2.589232360424191530e-14 2.430308387627554289e-13 0.000000000000000000e+00 0.000000000000000000e+00 4.718809864369140494e-13 0.000000000000000000e+00 0.000000000000000000e+00 0.000000000000000000e+00 0.000000000000000000e+00 1.831966635696169142e-13 1.214953639642264468e-13
4.571185854703683162e+02 2.236285656715782616e-14 2.134935882756507875e-13 0.000000000000000000e+00 0.000000000000000000e+00 4.048934108981087085e-13 0.000000000000000000e+00 0.000000000000000000e+00 0.000000000000000000e+00 0.000000000000000000e+00 1.690738169161653092e-13 1.112010058946030373e-13
4.786621600097219016e+02 1.932205865643531910e-14 1.905639152990930211e-13 0.000000000000000000e+00 0.000000000000000000e+00 3.501055894332659763e-13 0.000000000000000000e+00 0.000000000000000000e+00 0.000000000000000000e+00 0.000000000000000000e+00 1.561405149345904240e-13 1.018581707617509578e-13
5.012210632158268595e+02 1.685424317390709251e-14 1.736402858223017143e-13 0.000000000000000000e+00 0.000000000000000000e+00 3.079761354768901075e-13 0.000000000000000000e+00 0.000000000000000000e+00 0.000000000000000000e+00 0.000000000000000000e+00 1.443422105711937971e-13 9.344439237188399568e-14
5.248431465861045808e+02 1.498681528391077488e-14 1.618177552028153488e-13 0.000000000000000000e+00 0.000000000000000000e+00 2.778532546272321711e-13 0.000000000000000000e+00 0.000000000000000000e+00 0.000000000000000000e+00 0.000000000000000000e+00 1.336206713581884931e-13 8.591021639887080141e-14
5.495785168146238675e+02 1.369482130320337886e-14 1.540163708208373316e-13 0.000000000000000000e+00 0.000000000000000000e+00 2.585061273132690580e-13 0.000000000000000000e+00 0.000000000000000000e+00 0.000000000000000000e+00 0.000000000000000000e+00 1.239155085237737699e-13 7.917502299907568528e-14
5.754796420774272292e+02 1.289476330474003790e-14 1.489322706104158583e-13 0.000000000000000000e+00 0.000000000000000000e+00 2.481560622137133895e-13 0.000000000000000000e+00 0.000000000000000000e+00 0.000000000000000000e+00 0.000000000000000000e+00 1.151613369531356203e-13 7.313145341166873913e-14
6.026014633269801379e+02 1.243177828409595569e-14 1.449026468820183445e-13 0.000000000000000000e+00 0.000000000000000000e+00 2.440789304563722494e-13 0.000000000000000000e+00 0.000000000000000000e+00 0.000000000000000000e+00 0.000000000000000000e+00 1.072763413198645879e-13 6.765357411452519272e-14
6.310015108318302737e+02 1.208652968873840833e-14 1.399640637071550832e-13 0.000000000000000000e+00 0.000000000000000000e+00 2.421364433869417586e-13 0.000000000000000000e+00 0.000000000000000000e+00 0.000000000000000000e+00 0.000000000000000000e+00 1.001551677671042399e-13 6.261780961300965959e-14
6.607400262086716793e+02 1.162144778069575791e-14 1.323594515551673699e-13 0.000000000000000000e+00 0.000000000000000000e+00 2.370972026428986215e-13 0.000000000000000000e+00 0.000000000000000000e+00 0.000000000000000000e+00 0.000000000000000000e+00 9.367225611684693957e-14 5.792563701049471087e-14
6.918800902056626683e+02 1.086314712627467256e-14 1.214221475247513092e-13 0.000000000000000000e+00 0.000000000000000000e+00 2.246002684853436547e-13 0.000000000000000000e+00 0.000000000000000000e+00 0.000000000000000000e+00 0.000000000000000000e+00 8.770275339737734442e-14 5.351257263607660468e-14
7.244877565080579416e+02 9.781726733074741859e-15 1.081570444332602489e-13 0.000000000000000000e+00 0.000000000000000000e+00 2.038173794929257143e-13 0.000000000000000000e+00 0.000000000000000000e+00 0.000000000000000000e+00 0.000000000000000000e+00 8.216370341692019169e-14 4.934718908116126681e-14
7.586321918499722869e+02 8.501932480022240386e-15 9.469081527750797255e-14 0.000000000000000000e+00 0.000000000000000000e+00 1.780131197042019341e-13 0.000000000000000000e+00 0.000000000000000000e+00 0.000000000000000000e+00 0.000000000000000000e+00 7.703884889247009675e-14 4.542840976965777575e-14
7.943858227294870176e+02 7.233626875226417806e-15 8.297955790046893455e-14 0.000000000000000000e+00 0.000000000000000000e+00 1.522292403139227257e-13 0.000000000000000000e+00 0.000000000000000000e+00 0.000000000000000000e+00 0.000000000000000000e+00 7.234938853796500578e-14 4.178625255845612079e-14
8.318244890382935637e+02 6.173887373656227812e-15 7.396207229787318407e-14 0.000000000000000000e+00 0.000000000000000000e+00 1.305752813052209068e-13 0.000000000000000000e+00 0.000000000000000000e+00 0.000000000000000000e+00 0.000000000000000000e+00 6.811077631166561376e-14 3.846739978273203702e-14
8.710276049317684510e+02 5.435419108478557538e-15 6.752529356169882668e-14 0.000000000000000000e+00 0.000000000000000000e+00 1.150341530582590503e-13 0.000000000000000000e+00 0.000000000000000000e+00 0.000000000000000000e+00 0.000000000000000000e+00 6.432861364723457947e-14 3.549770645542478953e-14
9.120783272807046842e+02 5.010312229492861391e-15 6.282270515897936829e-14 0.000000000000000000e+00 0.000000000000000000e+00 1.053685236067495293e-13 0.000000000000000000e+00 0.000000000000000000e+00 0.000000000000000000e+00 0.000000000000000000e+00 6.098905271369697060e-14 3.284954462007620088e-14
9.550637320620094215e+02 4.765037570442216749e-15 5.861830918798361187e-14 0.000000000000000000e+00 0.000000000000000000e+00 9.932913390339592567e-14 0.000000000000000000e+00 0.000000000000000000e+00 0.000000000000000000e+00 0.000000000000000000e+00 5.802416522318030181e-14 3.044142243396875793e-14
1.000074999062538950e+03 4.495986073252206712e-15 5.378581897520379727e-14 0.000000000000000000e+00 0.000000000000000000e+00 9.339718713389529881e-14 0.000000000000000000e+00 0.000000000000000000e+00 0.000000000000000000e+00 0.000000000000000000e+00 5.531964979504559177e-14 2.817618819130151276e-14
1.047207605287854676e+03 4.056631930292322129e-15 4.799414950719503622e-14 0.000000000000000000e+00 0.000000000000000000e+00 8.476176675336833091e-14 0.000000000000000000e+00 0.000000000000000000e+00 0.000000000000000000e+00 0.000000000000000000e+00 5.277237254364588555e-14 2.598936661109741944e-14
1.096561527486145678e+03 3.471406704843287200e-15 4.199400069799201007e-14 0.000000000000000000e+00 0.000000000000000000e+00 7.348619984369888721e-14 0.000000000000000000e+00 0.000000000000000000e+00 0.000000000000000000e+00 0.000000000000000000e+00 5.036174521180369499e-14 2.388074890378951343e-14
1.148241454216924012e+03 2.906883767024124911e-15 3.685548597484628532e-14 0.000000000000000000e+00 0.000000000000000000e+00 6.221884819037711931e-14 0.000000000000000000e+00 0.000000000000000000e+00 0.000000000000000000e+00 0.000000000000000000e+00 4.814068434245597992e-14 2.190213138764185783e-14
1.202357007914316910e+03 2.519131000885606996e-15 3.299312570361371080e-14 0.000000000000000000e+00 0.000000000000000000e+00 5.365485803945685969e-14 0.000000000000000000e+00 0.000000000000000000e+00 0.000000000000000000e+00 0.000000000000000000e+00 4.616521459679294965e-14 2.010652753500592612e-14
1.259022977416000913e+03 2.322867234984756763e-15 3.000559024786851053e-14 0.000000000000000000e+00 0.000000000000000000e+00 4.841404328808934881e-14 0.000000000000000000e+00 0.000000000000000000e+00 0.000000000000000000e+00 0.000000000000000000e+00 4.444151024162640140e-14 1.848826266630538326e-14
1.318359561450997035e+03 2.176719347185575147e-15 2.711599544705453426e-14 0.000000000000000000e+00 0.000000000000000000e+00 4.466457240556700354e-14 0.000000000000000000e+00 0.000000000000000000e+00 0.000000000000000000e+00 0.000000000000000000e+00 4.289416071604595412e-14 1.697078772050283830e-14
1.380492623602831372e+03 1.926331523965720530e-15 2.387411874847549330e-14 0.000000000000000000e+00 0.000000000000000000e+00 3.988296129237397719e-14 0.000000000000000000e+00 0.000000000000000000e+00 0.000000000000000000e+00 0.000000000000000000e+00 4.144012099556007782e-14 1.548785214443903137e-14
1.445553959288872875e+03 1.586404185032310695e-15 2.063067245680076353e-14 0.000000000000000000e+00 0.000000000000000000e+00 3.367959934759141770e-14 0.000000000000000000e+00 0.000000000000000000e+00 0.000000000000000000e+00 0.000000000000000000e+00 4.006762243110655768e-14 1.405110297593702806e-14
1.513681575322146045e+03 1.310883203782941775e-15 1.799075995399069714e-14 0.000000000000000000e+00 0.000000000000000000e+00 2.804892437170814322e-14 0.000000000000000000e+00 0.000000000000000000e+00 0.000000000000000000e+00 0.000000000000000000e+00 3.880889611233576576e-14 1.272848340090812236e-14
1.585019982648646192e+03 1.176703880908589936e-15 1.598788064415861561e-14 0.000000000000000000e+00 0.000000000000000000e+00 2.452479361368552268e-14 0.000000000000000000e+00 0.000000000000000000e+00 0.000000000000000000e+00 0.000000000000000000e+00 3.767944564543971554e-14 1.154918120578272064e-14
1.659720502881093125e+03 1.084175284831015600e-15 1.418462905847877372e-14 0.000000000000000000e+00 0.000000000000000000e+00 2.221228367744977030e-14 0.000000000000000000e+00 0.000000000000000000e+00 0.000000000000000000e+00 0.000000000000000000e+00 3.662457149541068491e-14 1.045164278019750223e-14
1.737941589279320169e+03 9.174865753132790203e-16 1.227951460945762478e-14 0.000000000000000000e+00 0.000000000000000000e+00 1.924747756025925733e-14 0.000000000000000000e+00 0.000000000000000000e+00 0.000000000000000000e+00 0.000000000000000000e+00 3.558188109793389485e-14 9.378826892184272190e-15
1.819849162858188720e+03 7.366788075608156432e-16 1.053884151994488584e-14 0.000000000000000000e+00 0.000000000000000000e+00 1.585787657813160371e-14 0.000000000000000000e+00 0.000000000000000000e+00 0.000000000000000000e+00 0.000000000000000000e+00 3.453850358355061087e-14 8.367494949392357512e-15
1.905616964335945568e+03 6.447746224877685924e-16 9.187147470515223068e-15 0.000000000000000000e+00 0.000000000000000000e+00 1.357660091814015195e-14 0.000000000000000000e+00 0.000000000000000000e+00 0.000000000000000000e+00 0.000000000000000000e+00 3.351022235450476812e-14 7.467768444695643798e-15
1.995426922669591704e+03 5.841188793036977404e-16 8.023605621756696436e-15 0.000000000000000000e+00 0.000000000000000000e+00 1.217473270961034692e-14 0.000000000000000000e+00 0.000000000000000000e+00 0.000000000000000000e+00 0.000000000000000000e+00 3.250162593467276659e-14 6.638883345638181079e-15
2.089469540958960806e+03 4.708413302398721225e-16 6.834512903944609982e-15 0.000000000000000000e+00 0.000000000000000000e+00 1.024109789585100213e-14 0.000000000000000000e+00 0.000000000000000000e+00 0.000000000000000000e+00 0.000000000000000000e+00 3.148784678548530295e-14 5.841041581371087251e-15
2.187944300538116295e+03 3.760083241551660373e-16 5.822948090555774629e-15 0.000000000000000000e+00 0.000000000000000000e+00 8.314800292773136466e-15 0.000000000000000000e+00 0.000000000000000000e+00 0.000000000000000000e+00 0.000000000000000000e+00 3.044244453447928562e-14 5.129297453706994271e-15
2.291060084111202286e+03 3.365791386500877053e-16 5.046041815567306083e-15 0.000000000000000000e+00 0.000000000000000000e+00 7.306524895530836491e-15 0.000000000000000000e+00 0.000000000000000000e+00 0.000000000000000000e+00 0.000000000000000000e+00 2.938177750982561796e-14 4.519468500012962096e-15
2.399035618830273506e+03 2.759854806481964541e-16 4.325070427435928926e-15 0.000000000000000000e+00 0.000000000000000000e+00 6.290769982346352640e-15 0.000000000000000000e+00 0.000000000000000000e+00 0.000000000000000000e+00 0.000000000000000000e+00 2.833532720233045070e-14 3.947548441813317788e-15
2.512099940254994181e+03 2.174904881919567593e-16 3.669630006669106250e-15 0.000000000000000000e+00 0.000000000000000000e+00 5.113208217098828769e-15 0.000000000000000000e+00 0.000000000000000000e+00 0.000000000000000000e+00 0.000000000000000000e+00 2.729038938621472097e-14 3.434554375838422047e-15
2.630492878178314186e+03 1.907760396281404739e-16 3.164524891325068894e-15 0.000000000000000000e+00 0.000000000000000000e+00 4.473391676534513923e-15 0.000000000000000000e+00 0.000000000000000000e+00 0.000000000000000000e+00 0.000000000000000000e+00 2.626869895638316312e-14 2.998362350614015057e-15
2.754465565348672044e+03 1.473002091525185539e-16 2.694376815500827272e-15 0.000000000000000000e+00 0.000000000000000000e+00 3.728709346552291221e-15 0.000000000000000000e+00 0.000000000000000000e+00 0.000000000000000000e+00 0.000000000000000000e+00 2.533159544941950813e-14 2.591422139968697428e-15
2.884280970167778378e+03 1.184486694142413926e-16 2.310506459658597167e-15 0.000000000000000000e+00 0.000000000000000000e+00 3.040786689625392891e-15 0.000000000000000000e+00 0.000000000000000000e+00 0.000000000000000000e+00 0.000000000000000000e+00 2.447786742510732135e-14 2.259453467540625774e-15
3.020214454493972880e+03 9.523160898948380128e-17 2.021445805477832877e-15 0.000000000000000000e+00 0.000000000000000000e+00 2.630949805817384459e-15 0.000000000000000000e+00 0.000000000000000000e+00 0.000000000000000000e+00 0.000000000000000000e+00 2.374781957979593222e-14 1.980882136274865452e-15
3.162554357734339192e+03 7.008899331229053505e-17 1.752602715459255122e-15 0.000000000000000000e+00 0.000000000000000000e+00 2.137755198790812240e-15 0.000000000000000000e+00 0.000000000000000000e+00 0.000000000000000000e+00 0.000000000000000000e+00 2.320348949513837131e-14 1.731707147669086430e-15
3.311602608464510467e+03 4.974915538514581155e-17 1.539598788672107314e-15 0.000000000000000000e+00 0.000000000000000000e+00 1.793425231907883081e-15 0.000000000000000000e+00 0.000000000000000000e+00 0.000000000000000000e+00 0.000000000000000000e+00 2.283167095133066904e-14 1.536001172042513230e-15
3.467675364873574836e+03 3.347060107478071890e-17 1.366738335015013899e-15 0.000000000000000000e+00 0.000000000000000000e+00 1.525534206506145890e-15 0.000000000000000000e+00 0.000000000000000000e+00 0.000000000000000000e+00 0.000000000000000000e+00 2.277394672640949467e-14 1.364538104447193324e-15
3.631103685392558418e+03 2.192387429402709130e-17 1.274723899547025440e-15 0.000000000000000000e+00 0.000000000000000000e+00 1.250144158994428233e-15 0.000000000000000000e+00 0.000000000000000000e+00 0.000000000000000000e+00 0.000000000000000000e+00 2.300899354043442189e-14 1.266696286818574586e-15
3.802234230928971556e+03 1.537961568030646922e-17 1.178822520470780783e-15 0.000000000000000000e+00 0.000000000000000000e+00 1.041571828265638761e-15 0.000000000000000000e+00 0.000000000000000000e+00 0.000000000000000000e+00 0.000000000000000000e+00 2.370775364743906371e-14 1.177404312334394405e-15
3.981430000197057325e+03 -1.223160918637193557e-18 1.153696605962833934e-15 0.000000000000000000e+00 0.000000000000000000e+00 8.598811160312429328e-16 0.000000000000000000e+00 0.000000000000000000e+00 0.000000000000000000e+00 0.000000000000000000e+00 2.481547979607285943e-14 1.146257510692148992e-15
4.169071099703442997e+03 2.306223094381005858e-18 1.165099597180290662e-15 0.000000000000000000e+00 0.000000000000000000e+00 8.476425384802954976e-16 0.000000000000000000e+00 0.000000000000000000e+00 0.000000000000000000e+00 0.000000000000000000e+00 2.668478197511411439e-14 1.151075961581245946e-15
4.365555550021532326e+03 -7.259093984565276945e-18 1.211661303449885375e-15 0.000000000000000000e+00 0.000000000000000000e+00 6.983987431774968180e-16 0.000000000000000000e+00 0.000000000000000000e+00 0.000000000000000000e+00 0.000000000000000000e+00 2.882931086838910946e-14 1.265073068639264148e-15
4.571300130064813857e+03 2.819487763569695738e-18 1.343863311178329921e-15 0.000000000000000000e+00 0.000000000000000000e+00 6.952617927259926293e-16 0.000000000000000000e+00 0.000000000000000000e+00 0.000000000000000000e+00 0.000000000000000000e+00 3.093794284049849369e-14 1.342679667062577041e-15
4.786741261150024911e+03 2.171276748744245933e-17 1.366046772410383202e-15 0.000000000000000000e+00 0.000000000000000000e+00 7.992565771872579871e-16 0.000000000000000000e+00 0.000000000000000000e+00 0.000000000000000000e+00 0.000000000000000000e+00 3.228447353561744374e-14 1.386504746298201651e-15
5.012335932725398379e+03 2.164537291204087479e-17 1.182597696648994357e-15 0.000000000000000000e+00 0.000000000000000000e+00 8.170138428731836041e-16 0.000000000000000000e+00 0.000000000000000000e+00 0.000000000000000000e+00 0.000000000000000000e+00 3.278605107309384714e-14 1.208138992108740895e-15
5.248562671727574525e+03 2.646702692154238435e-17 1.062126443380725349e-15 0.000000000000000000e+00 0.000000000000000000e+00 8.943131306930456227e-16 0.000000000000000000e+00 0.000000000000000000e+00 0.000000000000000000e+00 0.000000000000000000e+00 3.360529056340838765e-14 1.122159075383347593e-15
5.495922557623443936e+03 3.946267369603363456e-17 1.120766403255043744e-15 0.000000000000000000e+00 0.000000000000000000e+00 1.228242260940454534e-15 0.000000000000000000e+00 0.000000000000000000e+00 0.000000000000000000e+00 0.000000000000000000e+00 3.668079868384111779e-14 1.198261413688931133e-15
5.754940285289983876e+03 5.716669117892621272e-17 1.461600717131866220e-15 0.000000000000000000e+00 0.000000000000000000e+00 1.749671279826935215e-15 0.000000000000000000e+00 0.000000000000000000e+00 0.000000000000000000e+00 0.000000000000000000e+00 4.456428369888550063e-14 1.537711033861711682e-15
6.026165277986574438e+03 9.380940371697819499e-17 2.292994064553996848e-15 0.000000000000000000e+00 0.000000000000000000e+00 3.239228590966557975e-15 0.000000000000000000e+00 0.000000000000000000e+00 0.000000000000000000e+00 0.000000000000000000e+00 6.149799214826051126e-14 2.230628413938631443e-15
6.310172852780722678e+03 1.431788034053388656e-16 3.267955866554239306e-15 0.000000000000000000e+00 0.000000000000000000e+00 4.516184692883901030e-15 0.000000000000000000e+00 0.000000000000000000e+00 0.000000000000000000e+00 0.000000000000000000e+00 9.510140591929181041e-14 3.355981647455261582e-15
6.607565440899192254e+03 2.566167490438451261e-16 5.189887306159698995e-15 0.000000000000000000e+00 0.000000000000000000e+00 6.973160838586192185e-15 0.000000000000000000e+00 0.000000000000000000e+00 0.000000000000000000e+00 0.000000000000000000e+00 1.647888105658825392e-13 5.806931074450967480e-15
6.918973865593180562e+03 4.654069611047274760e-16 9.124773074507696760e-15 0.000000000000000000e+00 0.000000000000000000e+00 1.295332910997054350e-14 0.000000000000000000e+00 0.000000000000000000e+00 0.000000000000000000e+00 0.000000000000000000e+00 3.183256465592650784e-13 1.042290225457190117e-14
7.245058680228029516e+03 9.059393649382625630e-16 1.851831826200754002e-14 0.000000000000000000e+00 0.000000000000000000e+00 2.847345994294942098e-14 0.000000000000000000e+00 0.000000000000000000e+00 0.000000000000000000e+00 0.000000000000000000e+00 6.796387396118872197e-13 2.099767864456825909e-14
7.586511569435923775e+03 1.824416921186990657e-15 3.838108028283410982e-14 0.000000000000000000e+00 0.000000000000000000e+00 6.905707750983022651e-14 0.000000000000000000e+00 0.000000000000000000e+00 0.000000000000000000e+00 0.000000000000000000e+00 1.644132117760125112e-12 4.378092314743378192e-14
7.944056816303618689e+03 3.976207327663654781e-15 8.797615180593367252e-14 0.000000000000000000e+00 0.000000000000000000e+00 2.105062474392346007e-13 0.000000000000000000e+00 0.000000000000000000e+00 0.000000000000000000e+00 0.000000000000000000e+00 4.461226642045977087e-12 1.030550241480365690e-13
8.318452838707295086e+03 9.164654243878092628e-15 2.173789898507426157e-13 0.000000000000000000e+00 0.000000000000000000e+00 8.419944612712382261e-13 0.000000000000000000e+00 0.000000000000000000e+00 0.000000000000000000e+00 0.000000000000000000e+00 1.316089003813822487e-11 2.581799902168246987e-13
8.710493798053517821e+03 2.348777266424787059e-14 5.953969343345976139e-13 0.000000000000000000e+00 0.000000000000000000e+00 4.702144282971234257e-12 0.000000000000000000e+00 0.000000000000000000e+00 0.000000000000000000e+00 0.000000000000000000e+00 4.930706276335468367e-11 7.440203661857619167e-13
9.121011283838632153e+03 6.216738311726923441e-14 1.967923059426227651e-12 0.000000000000000000e+00 0.000000000000000000e+00 2.943670639109174547e-11 0.000000000000000000e+00 0.000000000000000000e+00 0.000000000000000000e+00 0.000000000000000000e+00 2.029227194834319132e-10 2.701743540557494389e-12
9.550876077599908967e+03 2.247039081410961613e-13 8.619251000976647286e-12 0.000000000000000000e+00 0.000000000000000000e+00 2.083015406875499703e-10 0.000000000000000000e+00 0.000000000000000000e+00 0.000000000000000000e+00 0.000000000000000000e+00 1.892018830230934978e-09 1.405536490471627285e-11
1.000099999999999818e+04 0.000000000000000000e+00 0.000000000000000000e+00 0.000000000000000000e+00 0.000000000000000000e+00 0.000000000000000000e+00 0.000000000000000000e+00 0.000000000000000000e+00 0.000000000000000000e+00 0.000000000000000000e+00 0.000000000000000000e+00 0.000000000000000000e+00
