1.000000000000000000e+00 -2.476279232837241223e-09 5.380424240057732847e-09 0.000000000000000000e+00 0.000000000000000000e+00 2.470415039569893116e-08 0.000000000000000000e+00 0.000000000000000000e+00 0.000000000000000000e+00 0.000000000000000000e+00 8.426199291590466002e-07 7.787365349784729233e-08
1.048083990498704487e+00 -2.254263275664258539e-09 4.898109432269650320e-09 0.000000000000000000e+00 0.000000000000000000e+00 2.248952635407822072e-08 0.000000000000000000e+00 0.000000000000000000e+00 0.000000000000000000e+00 0.000000000000000000e+00 7.670781520032116086e-07 7.089252659602267365e-08
1.098480051139688385e+00 -2.052146325054876256e-09 4.459051795474357947e-09 0.000000000000000000e+00 0.000000000000000000e+00 2.047345936074914996e-08 0.000000000000000000e+00 0.000000000000000000e+00 0.000000000000000000e+00 0.000000000000000000e+00 6.983089127605354066e-07 6.453741022369935902e-08
1.151299355481705478e+00 -1.868146972293622483e-09 4.059360826628346173e-09 0.000000000000000000e+00 0.000000000000000000e+00 1.863812371320235771e-08 0.000000000000000000e+00 0.000000000000000000e+00 0.000000000000000000e+00 0.000000000000000000e+00 6.357050938820277498e-07 5.875205523193771477e-08
1.206658422751852200e+00 -1.700642814682199959e-09 3.695500966830624692e-09 0.000000000000000000e+00 0.000000000000000000e+00 1.696730388323301086e-08 0.000000000000000000e+00 0.000000000000000000e+00 0.000000000000000000e+00 0.000000000000000000e+00 5.787139100092184921e-07 5.348532085424196684e-08
1.264679374886633845e+00 -1.548155987747767395e-09 3.364256424186997491e-09 0.000000000000000000e+00 0.000000000000000000e+00 1.544624532136614661e-08 0.000000000000000000e+00 0.000000000000000000e+00 0.000000000000000000e+00 0.000000000000000000e+00 5.268313631158375070e-07 4.869067753105389261e-08
1.325490205932590149e+00 -1.409340380354653328e-09 3.062702676858086097e-09 0.000000000000000000e+00 0.000000000000000000e+00 1.406153618173872554e-08 0.000000000000000000e+00 0.000000000000000000e+00 0.000000000000000000e+00 0.000000000000000000e+00 4.796008321132646968e-07 4.432583651839893055e-08
1.389225064400778642e+00 -1.282970496890889798e-09 2.788180385552082407e-09 0.000000000000000000e+00 0.000000000000000000e+00 1.280094477804774378e-08 0.000000000000000000e+00 0.000000000000000000e+00 0.000000000000000000e+00 0.000000000000000000e+00 4.366038929136058344e-07 4.035223733929037185e-08
1.456024549197987739e+00 -1.167931057098284620e-09 2.538263857359155699e-09 0.000000000000000000e+00 0.000000000000000000e+00 1.165335682460445566e-08 0.000000000000000000e+00 0.000000000000000000e+00 0.000000000000000000e+00 0.000000000000000000e+00 3.974622884943867690e-07 3.673483694050442767e-08
1.526036019787504028e+00 -1.063206308634176944e-09 2.310747437412541695e-09 0.000000000000000000e+00 0.000000000000000000e+00 1.060863678290219752e-08 0.000000000000000000e+00 0.000000000000000000e+00 0.000000000000000000e+00 0.000000000000000000e+00 3.618291690467613087e-07 3.344168084914552669e-08
1.599413921263647120e+00 -9.678709597609367633e-10 2.103626848641894268e-09 0.000000000000000000e+00 0.000000000000000000e+00 9.657570643847222958e-09 0.000000000000000000e+00 0.000000000000000000e+00 0.000000000000000000e+00 0.000000000000000000e+00 3.293910918535773890e-07 3.044373637287738284e-08
1.676320125057183974e+00 -8.810838869449800275e-10 1.915069452875684213e-09 0.000000000000000000e+00 0.000000000000000000e+00 8.791762247541382376e-09 0.000000000000000000e+00 0.000000000000000000e+00 0.000000000000000000e+00 0.000000000000000000e+00 2.998606371560399010e-07 2.771451925055494898e-08
1.756924286023220594e+00 -8.020786518860761962e-10 1.743412569310507481e-09 0.000000000000000000e+00 0.000000000000000000e+00 8.003569279524532033e-09 0.000000000000000000e+00 0.000000000000000000e+00 0.000000000000000000e+00 0.000000000000000000e+00 2.729776223402453027e-07 2.522994899477825221e-08
1.841404216699304097e+00 -7.301568524873107176e-10 1.587142860008240046e-09 0.000000000000000000e+00 0.000000000000000000e+00 7.286036263021946878e-09 0.000000000000000000e+00 0.000000000000000000e+00 0.000000000000000000e+00 0.000000000000000000e+00 2.485047015571805902e-07 2.296810598795128551e-08
1.929946279559347611e+00 -6.646845279755560396e-10 1.444878776384383019e-09 0.000000000000000000e+00 0.000000000000000000e+00 6.632829482481510711e-09 0.000000000000000000e+00 0.000000000000000000e+00 0.000000000000000000e+00 0.000000000000000000e+00 2.262261057700836442e-07 2.090902072029561464e-08
2.022745798128689376e+00 -6.050815781381629041e-10 1.315367345365462084e-09 0.000000000000000000e+00 0.000000000000000000e+00 6.038188413110045621e-09 0.000000000000000000e+00 0.000000000000000000e+00 0.000000000000000000e+00 0.000000000000000000e+00 2.059445231528059603e-07 1.903453514438361364e-08
2.120007487867203277e+00 -5.508146465483335197e-10 1.197478614770303129e-09 0.000000000000000000e+00 0.000000000000000000e+00 5.496894811854381512e-09 0.000000000000000000e+00 0.000000000000000000e+00 0.000000000000000000e+00 0.000000000000000000e+00 1.874812893927284928e-07 1.732823467497963779e-08
2.221945907770991990e+00 -5.014100857406433494e-10 1.090162204585700476e-09 0.000000000000000000e+00 0.000000000000000000e+00 5.004133315073114234e-09 0.000000000000000000e+00 0.000000000000000000e+00 0.000000000000000000e+00 0.000000000000000000e+00 1.706733045761196764e-07 1.577493914682682625e-08
2.328785933688887866e+00 -4.564354523578216999e-10 9.924645684264077839e-10 0.000000000000000000e+00 0.000000000000000000e+00 4.555541118320809494e-09 0.000000000000000000e+00 0.000000000000000000e+00 0.000000000000000000e+00 0.000000000000000000e+00 1.553722505020958560e-07 1.436088052784027591e-08
2.440763254397900539e+00 -4.154930334334767792e-10 9.035266521468989401e-10 0.000000000000000000e+00 0.000000000000000000e+00 4.147159707367462264e-09 0.000000000000000000e+00 0.000000000000000000e+00 0.000000000000000000e+00 0.000000000000000000e+00 1.414428900919205740e-07 1.307357989803303256e-08
2.558124891531956102e+00 -3.782227062969214554e-10 8.225596539601843542e-10 0.000000000000000000e+00 0.000000000000000000e+00 3.775379650185135571e-09 0.000000000000000000e+00 0.000000000000000000e+00 0.000000000000000000e+00 0.000000000000000000e+00 1.287622154881237107e-07 1.190165356296993810e-08
2.681129744510877710e+00 -3.442951753729771884e-10 7.488478359504281731e-10 0.000000000000000000e+00 0.000000000000000000e+00 3.436923507333294899e-09 0.000000000000000000e+00 0.000000000000000000e+00 0.000000000000000000e+00 0.000000000000000000e+00 1.172184749650337392e-07 1.083476494693826484e-08
2.810049161671732687e+00 -3.134103609197630686e-10 6.817430622329154873e-10 0.000000000000000000e+00 0.000000000000000000e+00 3.128803692100847975e-09 0.000000000000000000e+00 0.000000000000000000e+00 0.000000000000000000e+00 0.000000000000000000e+00 1.067095479932236128e-07 9.863501029205947088e-09
2.945167538862448531e+00 -2.852961264923001469e-10 6.206509808330897265e-10 0.000000000000000000e+00 0.000000000000000000e+00 2.848303868322223619e-09 0.000000000000000000e+00 0.000000000000000000e+00 0.000000000000000000e+00 0.000000000000000000e+00 9.714284441911030250e-08 8.979289704694025217e-09
3.086782946818203310e+00 -2.597010932589180489e-10 5.650376696836561553e-10 0.000000000000000000e+00 0.000000000000000000e+00 2.592960918108790156e-09 0.000000000000000000e+00 0.000000000000000000e+00 0.000000000000000000e+00 0.000000000000000000e+00 8.843382575262230764e-08 8.174373877009978335e-09
3.235207788704572263e+00 -2.363963953017418380e-10 5.144176668295787667e-10 0.000000000000000000e+00 0.000000000000000000e+00 2.360527488877207889e-09 0.000000000000000000e+00 0.000000000000000000e+00 0.000000000000000000e+00 0.000000000000000000e+00 8.050553733034387615e-08 7.441687598375000619e-09
3.390769489277977389e+00 -2.151811946804441790e-10 4.683353455043443266e-10 0.000000000000000000e+00 0.000000000000000000e+00 2.148928732052301968e-09 0.000000000000000000e+00 0.000000000000000000e+00 0.000000000000000000e+00 0.000000000000000000e+00 7.328811921796804289e-08 6.774681359439635053e-09
3.553811217183716842e+00 -1.958689249949226728e-10 4.263830521083730255e-10 0.000000000000000000e+00 0.000000000000000000e+00 1.956292900784915165e-09 0.000000000000000000e+00 0.000000000000000000e+00 0.000000000000000000e+00 0.000000000000000000e+00 6.671760199420049887e-08 6.167452041238836377e-09
3.724692641984967079e+00 -1.782890320087062012e-10 3.881894889756346082e-10 0.000000000000000000e+00 0.000000000000000000e+00 1.780921623454305688e-09 0.000000000000000000e+00 0.000000000000000000e+00 0.000000000000000000e+00 0.000000000000000000e+00 6.073623668301895782e-08 5.614642329057492004e-09
3.903790727592766796e+00 -1.622865063859974758e-10 3.534185242318684519e-10 0.000000000000000000e+00 0.000000000000000000e+00 1.621267543419884697e-09 0.000000000000000000e+00 0.000000000000000000e+00 0.000000000000000000e+00 0.000000000000000000e+00 5.529115737093764028e-08 5.111373298765755658e-09
4.091500563847268346e+00 -1.477190441328325908e-10 3.217632060907789216e-10 0.000000000000000000e+00 0.000000000000000000e+00 1.475927706928036932e-09 0.000000000000000000e+00 0.000000000000000000e+00 0.000000000000000000e+00 0.000000000000000000e+00 5.033409316889878572e-08 4.653218877320404819e-09
4.288236238084743412e+00 -1.344541306644374585e-10 2.929517024475139338e-10 0.000000000000000000e+00 0.000000000000000000e+00 1.343632047452731708e-09 0.000000000000000000e+00 0.000000000000000000e+00 0.000000000000000000e+00 0.000000000000000000e+00 4.582146183906324920e-08 4.236193931037901524e-09
4.494431748613010313e+00 -1.223790342421091669e-10 2.667217201335718799e-10 0.000000000000000000e+00 0.000000000000000000e+00 1.223193764714090308e-09 0.000000000000000000e+00 0.000000000000000000e+00 0.000000000000000000e+00 0.000000000000000000e+00 4.171347722743940496e-08 3.856546415717792739e-09
4.710541962110394110e+00 -1.113874305560713062e-10 2.428424838541448688e-10 0.000000000000000000e+00 0.000000000000000000e+00 1.113546812094534431e-09 0.000000000000000000e+00 0.000000000000000000e+00 0.000000000000000000e+00 0.000000000000000000e+00 3.797366593787647863e-08 3.510916360255284923e-09
4.937043617060258072e+00 -1.013825207659643977e-10 2.211010632834486273e-10 0.000000000000000000e+00 0.000000000000000000e+00 1.013725448328157316e-09 0.000000000000000000e+00 0.000000000000000000e+00 0.000000000000000000e+00 0.000000000000000000e+00 3.456916470298904157e-08 3.196252429365281434e-09
5.174436375434672719e+00 -9.227374895047294303e-11 2.013108757513744936e-10 0.000000000000000000e+00 0.000000000000000000e+00 9.228585768161991291e-10 0.000000000000000000e+00 0.000000000000000000e+00 0.000000000000000000e+00 0.000000000000000000e+00 3.146994931033987208e-08 2.909815177157672814e-09
5.423243924947224848e+00 -8.398018063859298840e-11 1.832964535797183564e-10 0.000000000000000000e+00 0.000000000000000000e+00 8.401422573779317494e-10 0.000000000000000000e+00 0.000000000000000000e+00 0.000000000000000000e+00 0.000000000000000000e+00 2.864854232070857118e-08 2.649075787311475010e-09
5.684015134306542372e+00 -7.643069277039244054e-11 1.668970396285054425e-10 0.000000000000000000e+00 0.000000000000000000e+00 7.648387177444530078e-10 0.000000000000000000e+00 0.000000000000000000e+00 0.000000000000000000e+00 0.000000000000000000e+00 2.608007001726406514e-08 2.411703076106985625e-09
5.957325264019030620e+00 -6.955938454737432054e-11 1.519655445312767359e-10 0.000000000000000000e+00 0.000000000000000000e+00 6.962805874027690339e-10 0.000000000000000000e+00 0.000000000000000000e+00 0.000000000000000000e+00 0.000000000000000000e+00 2.374184109617905001e-08 2.195589539821780920e-09
6.243777235411813287e+00 -6.330327600709454207e-11 1.383733619715653029e-10 0.000000000000000000e+00 0.000000000000000000e+00 6.338732812198713065e-10 0.000000000000000000e+00 0.000000000000000000e+00 0.000000000000000000e+00 0.000000000000000000e+00 2.161329986330739069e-08 1.998865898433973476e-09
6.544002960675382674e+00 -5.760713858753998905e-11 1.260012904695361623e-10 0.000000000000000000e+00 0.000000000000000000e+00 5.770636597265913088e-10 0.000000000000000000e+00 0.000000000000000000e+00 0.000000000000000000e+00 0.000000000000000000e+00 1.967550690237576887e-08 1.819790531424235508e-09
6.858664736859990008e+00 -5.242288601206136962e-11 1.147363739316773468e-10 0.000000000000000000e+00 0.000000000000000000e+00 5.253422307246947700e-10 0.000000000000000000e+00 0.000000000000000000e+00 0.000000000000000000e+00 0.000000000000000000e+00 1.791148854630675116e-08 1.656751943274913976e-09
7.188456706900965720e+00 -4.770328412773197302e-11 1.044823292075845720e-10 0.000000000000000000e+00 0.000000000000000000e+00 4.782581175849637536e-10 0.000000000000000000e+00 0.000000000000000000e+00 0.000000000000000000e+00 0.000000000000000000e+00 1.630557817341906232e-08 1.508331468585751972e-09
7.534106390895940031e+00 -4.340604746518127139e-11 9.514784314415090856e-11 0.000000000000000000e+00 0.000000000000000000e+00 4.353988170690504517e-10 0.000000000000000000e+00 0.000000000000000000e+00 0.000000000000000000e+00 0.000000000000000000e+00 1.484370312021581285e-08 1.373229092093251990e-09
7.896376291012006554e+00 -3.949464068907853184e-11 8.665006757598112383e-11 0.000000000000000000e+00 0.000000000000000000e+00 3.963785386646827922e-10 0.000000000000000000e+00 0.000000000000000000e+00 0.000000000000000000e+00 0.000000000000000000e+00 1.351280908762211927e-08 1.250228443496995388e-09
8.276065573563224476e+00 -3.593394318885403255e-11 7.891383966876063756e-11 0.000000000000000000e+00 0.000000000000000000e+00 3.608569544670352415e-10 0.000000000000000000e+00 0.000000000000000000e+00 0.000000000000000000e+00 0.000000000000000000e+00 1.230127365980626171e-08 1.138255735351066703e-09
8.674011831969092867e+00 -3.269202019912896144e-11 7.187117276583586207e-11 0.000000000000000000e+00 0.000000000000000000e+00 3.285216305650581310e-10 0.000000000000000000e+00 0.000000000000000000e+00 0.000000000000000000e+00 0.000000000000000000e+00 1.119835983276671944e-08 1.036327917011601295e-09
9.091092934483143040e+00 -2.974144096037535741e-11 6.545951413201265224e-11 0.000000000000000000e+00 0.000000000000000000e+00 2.990820914145214674e-10 0.000000000000000000e+00 0.000000000000000000e+00 0.000000000000000000e+00 0.000000000000000000e+00 1.019432054600828504e-08 9.435274330423705778e-10
9.528228960767670230e+00 -2.705471480232127305e-11 5.962381561488001206e-11 0.000000000000000000e+00 0.000000000000000000e+00 2.722851414255407951e-10 0.000000000000000000e+00 0.000000000000000000e+00 0.000000000000000000e+00 0.000000000000000000e+00 9.280296305777503740e-09 8.590579986288424751e-10
9.986384231586702853e+00 -2.460943148430699855e-11 5.431026504887158402e-11 0.000000000000000000e+00 0.000000000000000000e+00 2.478878346017845325e-10 0.000000000000000000e+00 0.000000000000000000e+00 0.000000000000000000e+00 0.000000000000000000e+00 8.448192798906133903e-09 7.821513298777076153e-10
1.046656943609472812e+01 -2.238299400514763948e-11 4.947336242183451200e-11 0.000000000000000000e+00 0.000000000000000000e+00 2.256799936669479008e-10 0.000000000000000000e+00 0.000000000000000000e+00 0.000000000000000000e+00 0.000000000000000000e+00 7.690686946644342806e-09 7.121466201412268254e-10
1.096984386141394019e+01 -2.035633511487125548e-11 4.506992854633280296e-11 0.000000000000000000e+00 0.000000000000000000e+00 2.054607165828348010e-10 0.000000000000000000e+00 0.000000000000000000e+00 0.000000000000000000e+00 0.000000000000000000e+00 7.001098476262446026e-09 6.484128118767393689e-10
1.149731772941843744e+01 -1.851103968655752511e-11 4.106205562680387889e-11 0.000000000000000000e+00 0.000000000000000000e+00 1.870568107033738844e-10 0.000000000000000000e+00 0.000000000000000000e+00 0.000000000000000000e+00 0.000000000000000000e+00 6.373360814283977587e-09 5.903999991632676726e-10
1.205015464588037766e+01 -1.683175470349269252e-11 3.741237381353784816e-11 0.000000000000000000e+00 0.000000000000000000e+00 1.703004146251731186e-10 0.000000000000000000e+00 0.000000000000000000e+00 0.000000000000000000e+00 0.000000000000000000e+00 5.801869458235268084e-09 5.375792520665415890e-10
1.262957416738081129e+01 -1.530256472398893778e-11 3.409102512568225437e-11 0.000000000000000000e+00 0.000000000000000000e+00 1.550476337389357900e-10 0.000000000000000000e+00 0.000000000000000000e+00 0.000000000000000000e+00 0.000000000000000000e+00 5.281624165999469565e-09 4.895012375130980914e-10
1.323685449164783101e+01 -1.391071380584699440e-11 3.106671202293734130e-11 0.000000000000000000e+00 0.000000000000000000e+00 1.411617143782244587e-10 0.000000000000000000e+00 0.000000000000000000e+00 0.000000000000000000e+00 0.000000000000000000e+00 4.808018208593220339e-09 4.457296304242423518e-10
1.387333527725695603e+01 -1.264363189580694292e-11 2.831367782441187431e-11 0.000000000000000000e+00 0.000000000000000000e+00 1.285205041820581806e-10 0.000000000000000000e+00 0.000000000000000000e+00 0.000000000000000000e+00 0.000000000000000000e+00 4.376885847608271045e-09 4.058829658544345827e-10
1.454042059891392391e+01 -1.148996549740419252e-11 2.580773861317748077e-11 0.000000000000000000e+00 0.000000000000000000e+00 1.170136337149249028e-10 0.000000000000000000e+00 0.000000000000000000e+00 0.000000000000000000e+00 0.000000000000000000e+00 3.984384779648161250e-09 3.696113424952652828e-10
1.523958204483926515e+01 -1.044010225263339006e-11 2.352596192887949278e-11 0.000000000000000000e+00 0.000000000000000000e+00 1.065365329629357524e-10 0.000000000000000000e+00 0.000000000000000000e+00 0.000000000000000000e+00 0.000000000000000000e+00 3.627094427701289706e-09 3.365863919020656500e-10
1.597236196308753975e+01 -9.484126035915385321e-12 2.144890846157126727e-11 0.000000000000000000e+00 0.000000000000000000e+00 9.699990744850932780e-11 0.000000000000000000e+00 0.000000000000000000e+00 0.000000000000000000e+00 0.000000000000000000e+00 3.301813905577442502e-09 3.065254322318122226e-10
1.674037686396251345e+01 -8.613894667134872735e-12 1.955838119203116897e-11 0.000000000000000000e+00 0.000000000000000000e+00 8.831808996861408665e-11 0.000000000000000000e+00 0.000000000000000000e+00 0.000000000000000000e+00 0.000000000000000000e+00 3.005714433611770449e-09 2.791600833261811727e-10
1.754532098603401380e+01 -7.821842561525508926e-12 1.783678026195357491e-11 0.000000000000000000e+00 0.000000000000000000e+00 8.041394769566400744e-11 0.000000000000000000e+00 0.000000000000000000e+00 0.000000000000000000e+00 0.000000000000000000e+00 2.736161699355981902e-09 2.542455335537777753e-10
1.838897003362319182e+01 -7.100702658843662721e-12 1.626987587241385473e-11 0.000000000000000000e+00 0.000000000000000000e+00 7.321894781396819862e-11 0.000000000000000000e+00 0.000000000000000000e+00 0.000000000000000000e+00 0.000000000000000000e+00 2.490753279670240352e-09 2.315665037678934622e-10
1.927318509400089397e+01 -6.444258639303208366e-12 1.484348837338886428e-11 0.000000000000000000e+00 0.000000000000000000e+00 6.666864452767052629e-11 0.000000000000000000e+00 0.000000000000000000e+00 0.000000000000000000e+00 0.000000000000000000e+00 2.267354032387801590e-09 2.109205170894479396e-10
2.019991674294060147e+01 -5.846762344138355602e-12 1.354507332366860076e-11 0.000000000000000000e+00 0.000000000000000000e+00 6.070539400787642023e-11 0.000000000000000000e+00 0.000000000000000000e+00 0.000000000000000000e+00 0.000000000000000000e+00 2.064020304328395193e-09 1.921251771684489091e-10
2.117120934768277252e+01 -5.302897065876635546e-12 1.236268661044465426e-11 0.000000000000000000e+00 0.000000000000000000e+00 5.527657391563123692e-11 0.000000000000000000e+00 0.000000000000000000e+00 0.000000000000000000e+00 0.000000000000000000e+00 1.878882188204470130e-09 1.750139403813883700e-10
2.218920557680284134e+01 -4.807759624522577734e-12 1.128662122598035213e-11 0.000000000000000000e+00 0.000000000000000000e+00 5.033454102264158115e-11 0.000000000000000000e+00 0.000000000000000000e+00 0.000000000000000000e+00 0.000000000000000000e+00 1.710353334097931688e-09 1.594380323520093936e-10
2.325615112693162345e+01 -4.357077400487572447e-12 1.030672778619376668e-11 0.000000000000000000e+00 0.000000000000000000e+00 4.583549158699637375e-11 0.000000000000000000e+00 0.000000000000000000e+00 0.000000000000000000e+00 0.000000000000000000e+00 1.556956189846126780e-09 1.452583180064777510e-10
2.437439967675543429e+01 -3.946813357065413020e-12 9.414896695131359422e-12 0.000000000000000000e+00 0.000000000000000000e+00 4.173984278269376195e-11 0.000000000000000000e+00 0.000000000000000000e+00 0.000000000000000000e+00 0.000000000000000000e+00 1.417287642060061062e-09 1.323503745814039881e-10
2.554641807922417485e+01 -3.573399012930995366e-12 8.603042393954949378e-12 0.000000000000000000e+00 0.000000000000000000e+00 3.801114762555455906e-11 0.000000000000000000e+00 0.000000000000000000e+00 0.000000000000000000e+00 0.000000000000000000e+00 1.290150575738956127e-09 1.205996983349624423e-10
2.677479180342151466e+01 -3.233514613581387451e-12 7.863977206755723993e-12 0.000000000000000000e+00 0.000000000000000000e+00 3.461660288135841800e-11 0.000000000000000000e+00 0.000000000000000000e+00 0.000000000000000000e+00 0.000000000000000000e+00 1.174417683396644479e-09 1.099025992624565219e-10
2.806223063810201879e+01 -2.924206724675588331e-12 7.191153063306730773e-12 0.000000000000000000e+00 0.000000000000000000e+00 3.152617785185298357e-11 0.000000000000000000e+00 0.000000000000000000e+00 0.000000000000000000e+00 0.000000000000000000e+00 1.069067008474607429e-09 1.001642395980142603e-10
2.941157466947697685e+01 -2.642691209732772894e-12 6.578543739358122804e-12 0.000000000000000000e+00 0.000000000000000000e+00 2.871269353602167126e-11 0.000000000000000000e+00 0.000000000000000000e+00 0.000000000000000000e+00 0.000000000000000000e+00 9.731573357882201950e-10 9.129902817652955019e-11
3.082580054643603873e+01 -2.386496025183328454e-12 6.020929656421059857e-12 0.000000000000000000e+00 0.000000000000000000e+00 2.615118343499916484e-11 0.000000000000000000e+00 0.000000000000000000e+00 0.000000000000000000e+00 0.000000000000000000e+00 8.858506462990234336e-10 8.322861574753603293e-11
3.230802804702582165e+01 -2.153344943914112570e-12 5.513263320899554811e-12 0.000000000000000000e+00 0.000000000000000000e+00 2.381930208203350067e-11 0.000000000000000000e+00 0.000000000000000000e+00 0.000000000000000000e+00 0.000000000000000000e+00 8.063662690710380266e-10 7.588207951195083633e-11
3.386152696067089352e+01 -1.941233908611460731e-12 5.051117967062699202e-12 0.000000000000000000e+00 0.000000000000000000e+00 2.169606183444999949e-11 0.000000000000000000e+00 0.000000000000000000e+00 0.000000000000000000e+00 0.000000000000000000e+00 7.340300867403823878e-10 6.919385701334498808e-11
3.548972430131941280e+01 -1.748201263499164997e-12 4.630526596654327978e-12 0.000000000000000000e+00 0.000000000000000000e+00 1.976331873706246177e-11 0.000000000000000000e+00 0.000000000000000000e+00 0.000000000000000000e+00 0.000000000000000000e+00 6.681741235178156451e-10 6.310637264786812346e-11
3.719621186742568852e+01 -1.572635993811114795e-12 4.247460001949803400e-12 0.000000000000000000e+00 0.000000000000000000e+00 1.800332755480874259e-11 0.000000000000000000e+00 0.000000000000000000e+00 0.000000000000000000e+00 0.000000000000000000e+00 6.082193445667664008e-10 5.756365919768755061e-11
3.898475416544679462e+01 -1.412932844983858169e-12 3.898928064431946883e-12 0.000000000000000000e+00 0.000000000000000000e+00 1.640106550828803383e-11 0.000000000000000000e+00 0.000000000000000000e+00 0.000000000000000000e+00 0.000000000000000000e+00 5.536500308621584361e-10 5.251871081838824010e-11
4.085929671433245147e+01 -1.267683616811695070e-12 3.581534940008378770e-12 0.000000000000000000e+00 0.000000000000000000e+00 1.494224214835192258e-11 0.000000000000000000e+00 0.000000000000000000e+00 0.000000000000000000e+00 0.000000000000000000e+00 5.039781962634235436e-10 4.792620545926798504e-11
4.282397474932817261e+01 -1.135614918047259842e-12 3.292628125298392082e-12 0.000000000000000000e+00 0.000000000000000000e+00 1.361398119037987453e-11 0.000000000000000000e+00 0.000000000000000000e+00 0.000000000000000000e+00 0.000000000000000000e+00 4.587652159142891351e-10 4.374573027225799542e-11
4.488312234429162118e+01 -1.015578971853016820e-12 3.029662093311802720e-12 0.000000000000000000e+00 0.000000000000000000e+00 1.240454695154389540e-11 0.000000000000000000e+00 0.000000000000000000e+00 0.000000000000000000e+00 0.000000000000000000e+00 4.176046018775179627e-10 3.994017296465615849e-11
4.704128197264671485e+01 -9.065067964484941958e-13 2.790313385496191709e-12 0.000000000000000000e+00 0.000000000000000000e+00 1.130326794084133205e-11 0.000000000000000000e+00 0.000000000000000000e+00 0.000000000000000000e+00 0.000000000000000000e+00 3.801410878337942375e-10 3.647601413130576437e-11
4.930321452806635563e+01 -8.074231826684060626e-13 2.572425576206047555e-12 0.000000000000000000e+00 0.000000000000000000e+00 1.030046343733596043e-11 0.000000000000000000e+00 0.000000000000000000e+00 0.000000000000000000e+00 0.000000000000000000e+00 3.460387199694540415e-10 3.332271817386454977e-11
5.167390982698947255e+01 -7.174540437914570253e-13 2.374100716513316914e-12 0.000000000000000000e+00 0.000000000000000000e+00 9.387370467658113799e-12 0.000000000000000000e+00 0.000000000000000000e+00 0.000000000000000000e+00 0.000000000000000000e+00 3.149981884240644925e-10 3.045265630893238164e-11
5.415859761614132850e+01 -6.358333191378150526e-13 2.193604077440001248e-12 0.000000000000000000e+00 0.000000000000000000e+00 8.555853642110008638e-12 0.000000000000000000e+00 0.000000000000000000e+00 0.000000000000000000e+00 0.000000000000000000e+00 2.867394935826030751e-10 2.784003990546182646e-11
5.676275910933904356e+01 -5.618087778842150218e-13 2.029295235514191708e-12 0.000000000000000000e+00 0.000000000000000000e+00 7.798669432276623839e-12 0.000000000000000000e+00 0.000000000000000000e+00 0.000000000000000000e+00 0.000000000000000000e+00 2.610191343748537724e-10 2.546219167311835589e-11
5.949213907903273935e+01 -4.947549060184456631e-13 1.879803454191334766e-12 0.000000000000000000e+00 0.000000000000000000e+00 7.109053950594989382e-12 0.000000000000000000e+00 0.000000000000000000e+00 0.000000000000000000e+00 0.000000000000000000e+00 2.376096557134140510e-10 2.329780551221223879e-11
6.235275852925654050e+01 -4.340701475906241404e-13 1.743726912637500114e-12 0.000000000000000000e+00 0.000000000000000000e+00 6.481038408295254660e-12 0.000000000000000000e+00 0.000000000000000000e+00 0.000000000000000000e+00 0.000000000000000000e+00 2.162989854252213649e-10 2.132784537254754196e-11
6.535092797794534647e+01 -3.792120550857463497e-13 1.619956736937477633e-12 0.000000000000000000e+00 0.000000000000000000e+00 5.909152802415877227e-12 0.000000000000000000e+00 0.000000000000000000e+00 0.000000000000000000e+00 0.000000000000000000e+00 1.968989305755568999e-10 1.953516879551182540e-11
6.849326137791837255e+01 -3.297109657814852323e-13 1.507359187254232530e-12 0.000000000000000000e+00 0.000000000000000000e+00 5.388319917069261850e-12 0.000000000000000000e+00 0.000000000000000000e+00 0.000000000000000000e+00 0.000000000000000000e+00 1.792409399592510339e-10 1.790370987905592926e-11
7.178669070723945822e+01 -2.851242852832054882e-13 1.404988692652054766e-12 0.000000000000000000e+00 0.000000000000000000e+00 4.914057687084663287e-12 0.000000000000000000e+00 0.000000000000000000e+00 0.000000000000000000e+00 0.000000000000000000e+00 1.631638923277433630e-10 1.641917793428799057e-11
7.523848126113982460e+01 -2.450682947561607668e-13 1.311894538874392466e-12 0.000000000000000000e+00 0.000000000000000000e+00 4.482166196625590505e-12 0.000000000000000000e+00 0.000000000000000000e+00 0.000000000000000000e+00 0.000000000000000000e+00 1.485303520314024380e-10 1.506835174999381827e-11
7.885624767923739853e+01 -2.091850025074738860e-13 1.227266658866112136e-12 0.000000000000000000e+00 0.000000000000000000e+00 4.088881275487971302e-12 0.000000000000000000e+00 0.000000000000000000e+00 0.000000000000000000e+00 0.000000000000000000e+00 1.352099286363567415e-10 1.383927114554572622e-11
8.264797074340931715e+01 -1.771594974179544442e-13 1.150433084573159274e-12 0.000000000000000000e+00 0.000000000000000000e+00 3.730877328095981555e-12 0.000000000000000000e+00 0.000000000000000000e+00 0.000000000000000000e+00 0.000000000000000000e+00 1.230790875074230119e-10 1.272120861559322906e-11
8.662201498337263672e+01 -1.487091747968257642e-13 1.080673775160932912e-12 0.000000000000000000e+00 0.000000000000000000e+00 3.404986106446343100e-12 0.000000000000000000e+00 0.000000000000000000e+00 0.000000000000000000e+00 0.000000000000000000e+00 1.120387703965316925e-10 1.170419643216185465e-11
9.078714712881175330e+01 -1.235793495398638387e-13 1.017417613545038252e-12 0.000000000000000000e+00 0.000000000000000000e+00 3.108472280976493504e-12 0.000000000000000000e+00 0.000000000000000000e+00 0.000000000000000000e+00 0.000000000000000000e+00 1.019862500984390246e-10 1.077928395846354476e-11
9.515255544875799387e+01 -1.015459088876315272e-13 9.601242849978763936e-13 0.000000000000000000e+00 0.000000000000000000e+00 2.838783517922691714e-12 0.000000000000000000e+00 0.000000000000000000e+00 0.000000000000000000e+00 0.000000000000000000e+00 9.283379663033292487e-11 9.938246127867434287e-12
9.972787002088355734e+01 -8.241566448034314994e-14 9.083155534391573489e-13 0.000000000000000000e+00 0.000000000000000000e+00 2.593649101527776182e-12 0.000000000000000000e+00 0.000000000000000000e+00 0.000000000000000000e+00 0.000000000000000000e+00 8.450314052256697913e-11 9.173717420372273782e-12
1.045231839754237768e+02 -6.600421461237956390e-14 8.615610860934141419e-13 0.000000000000000000e+00 0.000000000000000000e+00 2.371026213541792461e-12 0.000000000000000000e+00 0.000000000000000000e+00 0.000000000000000000e+00 0.000000000000000000e+00 7.691662526427545683e-11 8.478866893023816831e-12
1.095490757605923164e+02 -5.215469508574937381e-14 8.194866005232061071e-13 0.000000000000000000e+00 0.000000000000000000e+00 2.169073565111687279e-12 0.000000000000000000e+00 0.000000000000000000e+00 0.000000000000000000e+00 0.000000000000000000e+00 7.001004498344429598e-11 7.847545995106431134e-12
1.148166324786065218e+02 -4.072070206883003451e-14 7.817894031631041301e-13 0.000000000000000000e+00 0.000000000000000000e+00 1.986174009450725194e-12 0.000000000000000000e+00 0.000000000000000000e+00 0.000000000000000000e+00 0.000000000000000000e+00 6.372191385032786609e-11 7.274177144155705208e-12
1.203374743438011052e+02 -3.157148176798331939e-14 7.481738939504996724e-13 0.000000000000000000e+00 0.000000000000000000e+00 1.820878028982929461e-12 0.000000000000000000e+00 0.000000000000000000e+00 0.000000000000000000e+00 0.000000000000000000e+00 5.799631399450888265e-11 6.753632862380908416e-12
1.261237803167864371e+02 -2.458276542226285552e-14 7.184259319308710961e-13 0.000000000000000000e+00 0.000000000000000000e+00 1.671888904974649693e-12 0.000000000000000000e+00 0.000000000000000000e+00 0.000000000000000000e+00 0.000000000000000000e+00 5.278522529453279433e-11 6.281251869292031692e-12
1.321883149711995316e+02 -1.963129392581599814e-14 6.923754314480075832e-13 0.000000000000000000e+00 0.000000000000000000e+00 1.538157709854293985e-12 0.000000000000000000e+00 0.000000000000000000e+00 0.000000000000000000e+00 0.000000000000000000e+00 4.804102902535692678e-11 5.852834240236423564e-12
1.385444566523144658e+02 -1.658898030263602838e-14 6.699046609278850530e-13 0.000000000000000000e+00 0.000000000000000000e+00 1.418727577615375226e-12 0.000000000000000000e+00 0.000000000000000000e+00 0.000000000000000000e+00 0.000000000000000000e+00 4.372434754539199267e-11 5.464511987848373540e-12
1.452062269896324267e+02 -1.532548432739337313e-14 6.509554084791397288e-13 0.000000000000000000e+00 0.000000000000000000e+00 1.312824886147635478e-12 0.000000000000000000e+00 0.000000000000000000e+00 0.000000000000000000e+00 0.000000000000000000e+00 3.979670676047842805e-11 5.112755925542285743e-12
1.521883218285546775e+02 -1.568409817582862002e-14 6.355387280397393166e-13 0.000000000000000000e+00 0.000000000000000000e+00 1.219843011076961876e-12 0.000000000000000000e+00 0.000000000000000000e+00 0.000000000000000000e+00 0.000000000000000000e+00 3.622313241351071327e-11 4.794308171389322045e-12
1.595061436493727172e+02 -1.747652271298242882e-14 6.237385091703883873e-13 0.000000000000000000e+00 0.000000000000000000e+00 1.139396244109239354e-12 0.000000000000000000e+00 0.000000000000000000e+00 0.000000000000000000e+00 0.000000000000000000e+00 3.297264084478356766e-11 4.506183211316474914e-12
1.671758355450940314e+02 -2.047595160661442342e-14 6.157247943792106711e-13 0.000000000000000000e+00 0.000000000000000000e+00 1.071273367319120181e-12 0.000000000000000000e+00 0.000000000000000000e+00 0.000000000000000000e+00 0.000000000000000000e+00 3.001650136045100209e-11 4.245561371140527048e-12
1.752143168330573531e+02 -2.439894784556478476e-14 6.117694513771328474e-13 0.000000000000000000e+00 0.000000000000000000e+00 1.015532632302057538e-12 0.000000000000000000e+00 0.000000000000000000e+00 0.000000000000000000e+00 0.000000000000000000e+00 2.732930125065520439e-11 4.009852940627977431e-12
1.836393203788951212e+02 -2.889049257483408454e-14 6.122666420276679510e-13 0.000000000000000000e+00 0.000000000000000000e+00 9.725246217310452515e-13 0.000000000000000000e+00 0.000000000000000000e+00 0.000000000000000000e+00 0.000000000000000000e+00 2.488735544378350918e-11 3.796537213406209383e-12
1.924694317151823384e+02 -3.350580974962547337e-14 6.177625147875206488e-13 0.000000000000000000e+00 0.000000000000000000e+00 9.430475465334677102e-13 0.000000000000000000e+00 0.000000000000000000e+00 0.000000000000000000e+00 0.000000000000000000e+00 2.266972119959514835e-11 3.603189063971061537e-12
2.017241300410662461e+02 -3.769270513976961196e-14 6.289763213273623178e-13 0.000000000000000000e+00 0.000000000000000000e+00 9.284821497407529193e-13 0.000000000000000000e+00 0.000000000000000000e+00 0.000000000000000000e+00 0.000000000000000000e+00 2.065783143819205801e-11 3.427398240885927229e-12
2.114238311933203818e+02 -4.077055965296545876e-14 6.468492574847361861e-13 0.000000000000000000e+00 0.000000000000000000e+00 9.311274948773397978e-13 0.000000000000000000e+00 0.000000000000000000e+00 0.000000000000000000e+00 0.000000000000000000e+00 1.883387283435842097e-11 3.266696312956613085e-12
2.215899326836195087e+02 -4.192049005956593374e-14 6.725692766558468749e-13 0.000000000000000000e+00 0.000000000000000000e+00 9.547158282228521849e-13 0.000000000000000000e+00 0.000000000000000000e+00 0.000000000000000000e+00 0.000000000000000000e+00 1.718225314278904576e-11 3.118547209653271535e-12
2.322448609013873124e+02 -4.018836086036156844e-14 7.075861018994387124e-13 0.000000000000000000e+00 0.000000000000000000e+00 1.005233529683272026e-12 0.000000000000000000e+00 0.000000000000000000e+00 0.000000000000000000e+00 0.000000000000000000e+00 1.568827446288661475e-11 2.980252406324640857e-12
2.434121205863426098e+02 -3.451729923881080280e-14 7.535767898641977752e-13 0.000000000000000000e+00 0.000000000000000000e+00 1.092358993063292899e-12 0.000000000000000000e+00 0.000000000000000000e+00 0.000000000000000000e+00 0.000000000000000000e+00 1.433763335168442213e-11 2.848935720396189513e-12
2.551163466798856234e+02 -2.384161914489793444e-14 8.122471636778511460e-13 0.000000000000000000e+00 0.000000000000000000e+00 1.231459606072355956e-12 0.000000000000000000e+00 0.000000000000000000e+00 0.000000000000000000e+00 0.000000000000000000e+00 1.311767131873943157e-11 2.721584496914135652e-12
2.673833586697055011e+02 -7.288775612174338185e-15 8.848462834427718792e-13 0.000000000000000000e+00 0.000000000000000000e+00 1.446064649670999875e-12 0.000000000000000000e+00 0.000000000000000000e+00 0.000000000000000000e+00 0.000000000000000000e+00 1.201647303376922573e-11 2.595099177357511242e-12
2.802402175474913975e+02 1.544513446905451250e-14 9.710044595794511905e-13 0.000000000000000000e+00 0.000000000000000000e+00 1.769038287430283299e-12 0.000000000000000000e+00 0.000000000000000000e+00 0.000000000000000000e+00 0.000000000000000000e+00 1.102396021568087693e-11 2.466538901092773323e-12
2.937152855053996063e+02 4.355362160170605923e-14 1.066731471384258119e-12 0.000000000000000000e+00 0.000000000000000000e+00 2.235975015028536318e-12 0.000000000000000000e+00 0.000000000000000000e+00 0.000000000000000000e+00 0.000000000000000000e+00 1.013069548270367022e-11 2.333473141900617364e-12
3.078382885029656109e+02 7.442302786462538249e-14 1.160902502490531227e-12 0.000000000000000000e+00 0.000000000000000000e+00 2.863355609714127914e-12 0.000000000000000000e+00 0.000000000000000000e+00 0.000000000000000000e+00 0.000000000000000000e+00 9.327900318964764692e-12 2.194365739263749027e-12
3.226403818424797691e+02 1.034114974423862915e-13 1.232685499802771444e-12 0.000000000000000000e+00 0.000000000000000000e+00 3.598921267711222611e-12 0.000000000000000000e+00 0.000000000000000000e+00 0.000000000000000000e+00 0.000000000000000000e+00 8.607727619499236769e-12 2.049215597743090519e-12
3.381542188974916598e+02 1.247589161733326164e-13 1.254626713044054215e-12 0.000000000000000000e+00 0.000000000000000000e+00 4.273869736255593297e-12 0.000000000000000000e+00 0.000000000000000000e+00 0.000000000000000000e+00 0.000000000000000000e+00 7.962318278199698347e-12 1.899780811009807746e-12
3.544140231460555697e+02 1.339288330609885584e-13 1.206910296306053041e-12 0.000000000000000000e+00 0.000000000000000000e+00 4.642638928818413818e-12 0.000000000000000000e+00 0.000000000000000000e+00 0.000000000000000000e+00 0.000000000000000000e+00 7.382760085383321136e-12 1.749150696516832988e-12
3.714556636676182393e+02 1.300144082664267846e-13 1.094763588518148185e-12 0.000000000000000000e+00 0.000000000000000000e+00 4.550075119187932100e-12 0.000000000000000000e+00 0.000000000000000000e+00 0.000000000000000000e+00 0.000000000000000000e+00 6.858139068410068920e-12 1.600754170559357831e-12
3.893167342701016764e+02 1.159975233421385756e-13 9.481116224456042855e-13 0.000000000000000000e+00 0.000000000000000000e+00 4.059644190494133961e-12 0.000000000000000000e+00 0.000000000000000000e+00 0.000000000000000000e+00 0.000000000000000000e+00 6.375861675631127916e-12 1.457606777566271348e-12
4.080366364217319983e+02 9.670222435209882377e-14 8.013662962796409246e-13 0.000000000000000000e+00 0.000000000000000000e+00 3.378851336206454969e-12 0.000000000000000000e+00 0.000000000000000000e+00 0.000000000000000000e+00 0.000000000000000000e+00 5.924195050103052356e-12 1.322278766613343396e-12
4.276566661705580259e+02 7.642795407666266224e-14 6.764215485793806549e-13 0.000000000000000000e+00 0.000000000000000000e+00 2.699815100445834699e-12 0.000000000000000000e+00 0.000000000000000000e+00 0.000000000000000000e+00 0.000000000000000000e+00 5.496080516440111710e-12 1.197018322116926523e-12
4.482201052434104440e+02 5.785967021303687475e-14 5.808024789241654489e-13 0.000000000000000000e+00 0.000000000000000000e+00 2.126476271050264186e-12 0.000000000000000000e+00 0.000000000000000000e+00 0.000000000000000000e+00 0.000000000000000000e+00 5.091274853171138592e-12 1.083576381570399044e-12
4.697723165252630224e+02 4.227267580729235998e-14 5.136663109221337593e-13 0.000000000000000000e+00 0.000000000000000000e+00 1.690046053966086473e-12 0.000000000000000000e+00 0.000000000000000000e+00 0.000000000000000000e+00 0.000000000000000000e+00 4.714494600433298720e-12 9.829416792699788292e-13
4.923608441296182718e+02 3.026270011370378720e-14 4.712589795974026637e-13 0.000000000000000000e+00 0.000000000000000000e+00 1.386531722670583196e-12 0.000000000000000000e+00 0.000000000000000000e+00 0.000000000000000000e+00 0.000000000000000000e+00 4.370962252424823292e-12 8.952026783932209810e-13
5.160355182806805487e+02 2.233079085085450910e-14 4.496338380989905596e-13 0.000000000000000000e+00 0.000000000000000000e+00 1.202778837453705134e-12 0.000000000000000000e+00 0.000000000000000000e+00 0.000000000000000000e+00 0.000000000000000000e+00 4.063442883525222624e-12 8.195592783921936568e-13
5.408485652386830225e+02 1.904850799570466690e-14 4.452656434258644903e-13 0.000000000000000000e+00 0.000000000000000000e+00 1.128652872897907968e-12 0.000000000000000000e+00 0.000000000000000000e+00 0.000000000000000000e+00 0.000000000000000000e+00 3.792779845158639743e-12 7.544199252643407387e-13
5.668547225108579823e+02 2.076413021813215013e-14 4.542977678683637182e-13 0.000000000000000000e+00 0.000000000000000000e+00 1.161564766182241423e-12 0.000000000000000000e+00 0.000000000000000000e+00 0.000000000000000000e+00 0.000000000000000000e+00 3.559168239381495673e-12 6.975695323609878330e-13
5.941113596022153160e+02 2.687449355043058270e-14 4.708119934587222919e-13 0.000000000000000000e+00 0.000000000000000000e+00 1.299848779538596900e-12 0.000000000000000000e+00 0.000000000000000000e+00 0.000000000000000000e+00 0.000000000000000000e+00 3.361157794323484891e-12 6.464500170253779484e-13
6.226786045725008307e+02 3.502861803286340216e-14 4.847763358581668316e-13 0.000000000000000000e+00 0.000000000000000000e+00 1.516068368477952584e-12 0.000000000000000000e+00 0.000000000000000000e+00 0.000000000000000000e+00 0.000000000000000000e+00 3.193820833261724345e-12 5.986224054299542277e-13
6.526194766785116599e+02 4.129693606552391724e-14 4.825097950444569933e-13 0.000000000000000000e+00 0.000000000000000000e+00 1.718759830791292749e-12 0.000000000000000000e+00 0.000000000000000000e+00 0.000000000000000000e+00 0.000000000000000000e+00 3.047308100390244649e-12 5.523719231526433598e-13
6.840000253943902635e+02 4.214382961587683782e-14 4.539658021248359325e-13 0.000000000000000000e+00 0.000000000000000000e+00 1.769205145231292781e-12 0.000000000000000000e+00 0.000000000000000000e+00 0.000000000000000000e+00 0.000000000000000000e+00 2.907168117511591822e-12 5.070498974268491092e-13
7.168894761165678347e+02 3.697978799685829291e-14 4.031535828599444950e-13 0.000000000000000000e+00 0.000000000000000000e+00 1.603161299341985446e-12 0.000000000000000000e+00 0.000000000000000000e+00 0.000000000000000000e+00 0.000000000000000000e+00 2.761473573598115855e-12 4.628696568352778717e-13
7.513603828747783382e+02 2.836254718834990717e-14 3.467693728492588049e-13 0.000000000000000000e+00 0.000000000000000000e+00 1.302646949384553960e-12 0.000000000000000000e+00 0.000000000000000000e+00 0.000000000000000000e+00 0.000000000000000000e+00 2.612384066165078305e-12 4.206118779196130691e-13
7.874887883860316151e+02 1.975133413734332854e-14 3.002514083932552209e-13 0.000000000000000000e+00 0.000000000000000000e+00 1.002359231314895250e-12 0.000000000000000000e+00 0.000000000000000000e+00 0.000000000000000000e+00 0.000000000000000000e+00 2.475189645192565501e-12 3.814818332873644816e-13
8.253543918046220824e+02 1.364845645194272535e-14 2.696643474475390075e-13 0.000000000000000000e+00 0.000000000000000000e+00 7.874102163004227550e-13 0.000000000000000000e+00 0.000000000000000000e+00 0.000000000000000000e+00 0.000000000000000000e+00 2.361316021060636350e-12 3.466196917360409526e-13
8.650407245382197061e+02 1.131477766975497906e-14 2.533874251353382609e-13 0.000000000000000000e+00 0.000000000000000000e+00 6.820965509871843428e-13 0.000000000000000000e+00 0.000000000000000000e+00 0.000000000000000000e+00 0.000000000000000000e+00 2.273713355508104749e-12 3.163851627385240852e-13
9.066353345179072676e+02 1.267599330973937111e-14 2.455149612905476094e-13 0.000000000000000000e+00 0.000000000000000000e+00 6.739148838729345842e-13 0.000000000000000000e+00 0.000000000000000000e+00 0.000000000000000000e+00 0.000000000000000000e+00 2.214952742332416536e-12 2.900628052915036395e-13
9.502299793286563272e+02 1.569502008499080027e-14 2.379362563308045029e-13 0.000000000000000000e+00 0.000000000000000000e+00 7.175920031417004454e-13 0.000000000000000000e+00 0.000000000000000000e+00 0.000000000000000000e+00 0.000000000000000000e+00 2.183100461374419355e-12 2.662256660903676925e-13
9.959208286262797856e+02 1.696804439873307470e-14 2.233988932618935693e-13 0.000000000000000000e+00 0.000000000000000000e+00 7.318239931038701485e-13 0.000000000000000000e+00 0.000000000000000000e+00 0.000000000000000000e+00 0.000000000000000000e+00 2.163120208901122036e-12 2.435478373735407460e-13
1.043808676287407025e+03 1.466306856008143304e-14 2.006263366963475166e-13 0.000000000000000000e+00 0.000000000000000000e+00 6.564390949805266421e-13 0.000000000000000000e+00 0.000000000000000000e+00 0.000000000000000000e+00 0.000000000000000000e+00 2.128488009277974413e-12 2.214964524972477789e-13
1.093999162760476111e+03 1.031205940948446745e-14 1.760491995805361608e-13 0.000000000000000000e+00 0.000000000000000000e+00 5.224717364671970370e-13 0.000000000000000000e+00 0.000000000000000000e+00 0.000000000000000000e+00 0.000000000000000000e+00 2.071500309238146123e-12 2.004489205125012830e-13
1.146603008108241966e+03 6.999463676769879330e-15 1.570786416449659454e-13 0.000000000000000000e+00 0.000000000000000000e+00 4.096486486307265473e-13 0.000000000000000000e+00 0.000000000000000000e+00 0.000000000000000000e+00 0.000000000000000000e+00 2.016145073071163881e-12 1.812867863712950566e-13
1.201736256255903754e+03 6.517784859793068265e-15 1.451700412876098890e-13 0.000000000000000000e+00 0.000000000000000000e+00 3.598854338860626823e-13 0.000000000000000000e+00 0.000000000000000000e+00 0.000000000000000000e+00 0.000000000000000000e+00 1.984048738183410211e-12 1.645201342887790596e-13
1.259520530983661502e+03 7.968809742181793092e-15 1.362781734947375073e-13 0.000000000000000000e+00 0.000000000000000000e+00 3.587808990318748353e-13 0.000000000000000000e+00 0.000000000000000000e+00 0.000000000000000000e+00 0.000000000000000000e+00 1.981436071718754893e-12 1.497100004126220145e-13
1.320083304228403449e+03 8.382095417280452026e-15 1.257255416638732273e-13 0.000000000000000000e+00 0.000000000000000000e+00 3.500557928687878126e-13 0.000000000000000000e+00 0.000000000000000000e+00 0.000000000000000000e+00 0.000000000000000000e+00 1.990973240110384708e-12 1.359158839533669350e-13
1.383558177286419323e+03 6.271429943235155884e-15 1.124726020763924928e-13 0.000000000000000000e+00 0.000000000000000000e+00 2.936015945764842866e-13 0.000000000000000000e+00 0.000000000000000000e+00 0.000000000000000000e+00 0.000000000000000000e+00 1.985590088610213176e-12 1.226451555176999605e-13
1.450085175537464920e+03 3.729249883365137469e-15 9.971914322862502934e-14 0.000000000000000000e+00 0.000000000000000000e+00 2.240053531263959330e-13 0.000000000000000000e+00 0.000000000000000000e+00 0.000000000000000000e+00 0.000000000000000000e+00 1.968430077037728306e-12 1.102646991907704171e-13
1.519811057340320986e+03 3.060014313105319214e-15 9.028220979615331961e-14 0.000000000000000000e+00 0.000000000000000000e+00 1.873208188093467724e-13 0.000000000000000000e+00 0.000000000000000000e+00 0.000000000000000000e+00 0.000000000000000000e+00 1.961844140922675076e-12 9.934341670227101337e-14
1.592889637781297779e+03 3.571169845475185389e-15 8.289687429272607451e-14 0.000000000000000000e+00 0.000000000000000000e+00 1.764708767684214542e-13 0.000000000000000000e+00 0.000000000000000000e+00 0.000000000000000000e+00 0.000000000000000000e+00 1.980952315187497368e-12 8.977080005498925968e-14
1.669482127989859009e+03 3.032636543562787867e-15 7.517665383373930742e-14 0.000000000000000000e+00 0.000000000000000000e+00 1.545920100886821827e-13 0.000000000000000000e+00 0.000000000000000000e+00 0.000000000000000000e+00 0.000000000000000000e+00 2.010226866567586158e-12 8.094565351897219466e-14
1.749757490769880633e+03 1.662087358385956309e-15 6.715707950716772898e-14 0.000000000000000000e+00 0.000000000000000000e+00 1.216217022945625046e-13 0.000000000000000000e+00 0.000000000000000000e+00 0.000000000000000000e+00 0.000000000000000000e+00 2.022065562153059074e-12 7.269248210653291239e-14
1.833892813331097159e+03 1.423205088108813662e-15 6.050719152973690376e-14 0.000000000000000000e+00 0.000000000000000000e+00 1.036935129166985001e-13 0.000000000000000000e+00 0.000000000000000000e+00 0.000000000000000000e+00 0.000000000000000000e+00 2.016431089645888206e-12 6.536896148267135522e-14
1.922073697942950503e+03 1.659555967781316109e-15 5.513648889268406305e-14 0.000000000000000000e+00 0.000000000000000000e+00 9.322434276488640643e-14 0.000000000000000000e+00 0.000000000000000000e+00 0.000000000000000000e+00 0.000000000000000000e+00 2.020861472176708550e-12 5.900108448621007224e-14
2.014494671372649691e+03 8.795154138405017506e-16 4.997855018429185566e-14 0.000000000000000000e+00 0.000000000000000000e+00 7.573092255193690191e-14 0.000000000000000000e+00 0.000000000000000000e+00 0.000000000000000000e+00 0.000000000000000000e+00 2.043262271388279050e-12 5.318159192910102918e-14
2.111359614010623318e+03 4.106287465178593056e-16 4.496721901635167807e-14 0.000000000000000000e+00 0.000000000000000000e+00 6.123718533921207771e-14 0.000000000000000000e+00 0.000000000000000000e+00 0.000000000000000000e+00 0.000000000000000000e+00 2.054067486605447904e-12 4.787814028791767755e-14
2.212882209630056877e+03 5.801141997980089177e-16 4.089323806921863860e-14 0.000000000000000000e+00 0.000000000000000000e+00 5.523053910675486062e-14 0.000000000000000000e+00 0.000000000000000000e+00 0.000000000000000000e+00 0.000000000000000000e+00 2.047946337737048920e-12 4.333817418703867646e-14
2.319286416772661596e+03 3.593131302504049183e-17 3.746981532901797899e-14 0.000000000000000000e+00 0.000000000000000000e+00 4.470720068007824739e-14 0.000000000000000000e+00 0.000000000000000000e+00 0.000000000000000000e+00 0.000000000000000000e+00 2.053420297553185733e-12 3.938069300951471013e-14
2.430806962800533256e+03 -1.092181971871265244e-17 3.424487101951650209e-14 0.000000000000000000e+00 0.000000000000000000e+00 3.744904565817898617e-14 0.000000000000000000e+00 0.000000000000000000e+00 0.000000000000000000e+00 0.000000000000000000e+00 2.064116382112659739e-12 3.582704269593974829e-14
2.547689861704016494e+03 2.657177191755902348e-16 3.157858378568964565e-14 0.000000000000000000e+00 0.000000000000000000e+00 3.597195093683614646e-14 0.000000000000000000e+00 0.000000000000000000e+00 0.000000000000000000e+00 0.000000000000000000e+00 2.066727842923178640e-12 3.281508897725313259e-14
2.670192956807838982e+03 -2.112177981076068355e-16 2.933493170580675944e-14 0.000000000000000000e+00 0.000000000000000000e+00 2.843421737442770081e-14 0.000000000000000000e+00 0.000000000000000000e+00 0.000000000000000000e+00 0.000000000000000000e+00 2.074776412784733217e-12 3.020284558870435641e-14
2.798586489572695427e+03 1.715498542431701740e-16 2.733349260361056062e-14 0.000000000000000000e+00 0.000000000000000000e+00 2.809628228600029875e-14 0.000000000000000000e+00 0.000000000000000000e+00 0.000000000000000000e+00 0.000000000000000000e+00 2.084759923097137696e-12 2.790929310471117415e-14
2.933153695747109396e+03 -2.320746628597264803e-17 2.573227718759360803e-14 0.000000000000000000e+00 0.000000000000000000e+00 2.358396610651819479e-14 0.000000000000000000e+00 0.000000000000000000e+00 0.000000000000000000e+00 0.000000000000000000e+00 2.094345304315595096e-12 2.603464875903502408e-14
3.074191430184654109e+03 3.160142869439808190e-17 2.425140070154219888e-14 0.000000000000000000e+00 0.000000000000000000e+00 2.134876291800658684e-14 0.000000000000000000e+00 0.000000000000000000e+00 0.000000000000000000e+00 0.000000000000000000e+00 2.111570600084838521e-12 2.437476370395624336e-14
3.222010821704852788e+03 8.353554085635302110e-17 2.271912640083634984e-14 0.000000000000000000e+00 0.000000000000000000e+00 2.021095184529167781e-14 0.000000000000000000e+00 0.000000000000000000e+00 0.000000000000000000e+00 0.000000000000000000e+00 2.135151423436269840e-12 2.287969866747384182e-14
3.376937959442429474e+03 2.992162689437344787e-17 2.102871923764510820e-14 0.000000000000000000e+00 0.000000000000000000e+00 1.894261654466602230e-14 0.000000000000000000e+00 0.000000000000000000e+00 0.000000000000000000e+00 0.000000000000000000e+00 2.166957601380824669e-12 2.147837808433773362e-14
3.539314612198974373e+03 2.591670999465025184e-16 1.986719486644425365e-14 0.000000000000000000e+00 0.000000000000000000e+00 1.842777738515723449e-14 0.000000000000000000e+00 0.000000000000000000e+00 0.000000000000000000e+00 0.000000000000000000e+00 2.208851250445492234e-12 2.020794657661382754e-14
3.709498982383876864e+03 2.492736058820786730e-16 1.896766327169164560e-14 0.000000000000000000e+00 0.000000000000000000e+00 1.692973123984203973e-14 0.000000000000000000e+00 0.000000000000000000e+00 0.000000000000000000e+00 0.000000000000000000e+00 2.263276150066183965e-12 1.917565911194810526e-14
3.887866496207774162e+03 2.769006887540356124e-16 1.804065018162314853e-14 0.000000000000000000e+00 0.000000000000000000e+00 1.614690726720179600e-14 0.000000000000000000e+00 0.000000000000000000e+00 0.000000000000000000e+00 0.000000000000000000e+00 2.333178448537822835e-12 1.831698012140399775e-14
4.074810631871661371e+03 3.094227198230228131e-16 1.713721868201028488e-14 0.000000000000000000e+00 0.000000000000000000e+00 1.612772854584196794e-14 0.000000000000000000e+00 0.000000000000000000e+00 0.000000000000000000e+00 0.000000000000000000e+00 2.424386589013681129e-12 1.764375081929345303e-14
4.270743787578599040e+03 2.349789666568060166e-16 1.656433294944030808e-14 0.000000000000000000e+00 0.000000000000000000e+00 1.496303397460414385e-14 0.000000000000000000e+00 0.000000000000000000e+00 0.000000000000000000e+00 0.000000000000000000e+00 2.542865284729787228e-12 1.728079446945169798e-14
4.476098191282926564e+03 2.784233663699958819e-16 1.642133100197021597e-14 0.000000000000000000e+00 0.000000000000000000e+00 1.546781497786379137e-14 0.000000000000000000e+00 0.000000000000000000e+00 0.000000000000000000e+00 0.000000000000000000e+00 2.706377906376800395e-12 1.721079265437089297e-14
4.691326854183844262e+03 2.206671692160256060e-16 1.677950453124462508e-14 0.000000000000000000e+00 0.000000000000000000e+00 1.508333577149673207e-14 0.000000000000000000e+00 0.000000000000000000e+00 0.000000000000000000e+00 0.000000000000000000e+00 2.925940309215736458e-12 1.763997706481779647e-14
4.916904570066738415e+03 1.765865692327616512e-16 1.737504487236412298e-14 0.000000000000000000e+00 0.000000000000000000e+00 1.539643816726900940e-14 0.000000000000000000e+00 0.000000000000000000e+00 0.000000000000000000e+00 0.000000000000000000e+00 3.237971028322208131e-12 1.853117574429102534e-14
5.153328962696860799e+03 1.574835917160351513e-16 1.870913645538315131e-14 0.000000000000000000e+00 0.000000000000000000e+00 1.658083718229398342e-14 0.000000000000000000e+00 0.000000000000000000e+00 0.000000000000000000e+00 0.000000000000000000e+00 3.682871806324613943e-12 2.014412190372427474e-14
5.401121583575876684e+03 1.191940461874429667e-16 2.053240286925017507e-14 0.000000000000000000e+00 0.000000000000000000e+00 1.740355080440400692e-14 0.000000000000000000e+00 0.000000000000000000e+00 0.000000000000000000e+00 0.000000000000000000e+00 4.221876324471553645e-12 2.275825079971600853e-14
5.660829062482887821e+03 7.704501791624706597e-17 2.359254630836085533e-14 0.000000000000000000e+00 0.000000000000000000e+00 1.944401586652037075e-14 0.000000000000000000e+00 0.000000000000000000e+00 0.000000000000000000e+00 0.000000000000000000e+00 4.778550225040771965e-12 2.612308273832014946e-14
5.933024313338100910e+03 4.680318710564222413e-17 2.807621850058231302e-14 0.000000000000000000e+00 0.000000000000000000e+00 2.611448697515973429e-14 0.000000000000000000e+00 0.000000000000000000e+00 0.000000000000000000e+00 0.000000000000000000e+00 5.201920872997148767e-12 3.104274658058950039e-14
6.218307798049234407e+03 2.684104311175976999e-17 3.239590835557140842e-14 0.000000000000000000e+00 0.000000000000000000e+00 3.488260516099658053e-14 0.000000000000000000e+00 0.000000000000000000e+00 0.000000000000000000e+00 0.000000000000000000e+00 5.657212999158329993e-12 3.621239317087324471e-14
6.517308851128655078e+03 1.994506937400379465e-17 4.870436012783190655e-14 0.000000000000000000e+00 0.000000000000000000e+00 6.684137953626111166e-14 0.000000000000000000e+00 0.000000000000000000e+00 0.000000000000000000e+00 0.000000000000000000e+00 6.593451871767177645e-12 4.895046686132111817e-14
6.830687068003443528e+03 1.657859571152685526e-17 6.720205679775306129e-14 0.000000000000000000e+00 0.000000000000000000e+00 9.722090196448309947e-14 0.000000000000000000e+00 0.000000000000000000e+00 0.000000000000000000e+00 0.000000000000000000e+00 8.729346105942813607e-12 7.597431507910977642e-14
7.159133760080946558e+03 1.898014700544420008e-17 1.107880233563706496e-13 0.000000000000000000e+00 0.000000000000000000e+00 1.969243980914754132e-13 0.000000000000000000e+00 0.000000000000000000e+00 0.000000000000000000e+00 0.000000000000000000e+00 1.400893253642877366e-11 1.310756055915372430e-13
7.503373479779635090e+03 2.486777459028677961e-17 2.112773636271821192e-13 0.000000000000000000e+00 0.000000000000000000e+00 5.210931457549167249e-13 0.000000000000000000e+00 0.000000000000000000e+00 0.000000000000000000e+00 0.000000000000000000e+00 2.635353112725957323e-11 2.610098039605242649e-13
7.864165618889584039e+03 4.521157835336051327e-17 4.391623348647159676e-13 0.000000000000000000e+00 0.000000000000000000e+00 1.798421669186650065e-12 0.000000000000000000e+00 0.000000000000000000e+00 0.000000000000000000e+00 0.000000000000000000e+00 6.116991505600792417e-11 5.830117536077671816e-13
8.242306083788511387e+03 9.423566328913284867e-17 1.047324547258814555e-12 0.000000000000000000e+00 0.000000000000000000e+00 8.281159107959520919e-12 0.000000000000000000e+00 0.000000000000000000e+00 0.000000000000000000e+00 0.000000000000000000e+00 1.665863855606661120e-10 1.583219453333571067e-12
8.638629051208814417e+03 2.618504289500446995e-16 2.817810525372928388e-12 0.000000000000000000e+00 0.000000000000000000e+00 5.283884303258126095e-11 0.000000000000000000e+00 0.000000000000000000e+00 0.000000000000000000e+00 0.000000000000000000e+00 5.132627631992100803e-10 5.321357081681773323e-12
9.054008808428965494e+03 7.818249877908216988e-16 7.449128285750389015e-12 0.000000000000000000e+00 0.000000000000000000e+00 2.710539331338763638e-10 0.000000000000000000e+00 0.000000000000000000e+00 0.000000000000000000e+00 0.000000000000000000e+00 1.677681868666199797e-09 2.647755885418992493e-11
9.489361681948652404e+03 2.163462238300793459e-15 2.023427921789719561e-11 0.000000000000000000e+00 0.000000000000000000e+00 9.546828435812814514e-10 0.000000000000000000e+00 0.000000000000000000e+00 0.000000000000000000e+00 0.000000000000000000e+00 6.160120738637369672e-09 2.144317705044977177e-10
9.945648058902244884e+03 7.461683077767311069e-15 6.805518150886887147e-11 0.000000000000000000e+00 0.000000000000000000e+00 4.135123393561473371e-09 0.000000000000000000e+00 0.000000000000000000e+00 0.000000000000000000e+00 0.000000000000000000e+00 2.653459429159665272e-08 2.168798139119214965e-09
1.042387450566994994e+04 2.738917921198612301e-14 2.827903885038765058e-10 0.000000000000000000e+00 0.000000000000000000e+00 1.994631420641631061e-08 0.000000000000000000e+00 0.000000000000000000e+00 0.000000000000000000e+00 0.000000000000000000e+00 1.198466744522298414e-07 2.807879452343564986e-08
1.092509598836028636e+04 1.053201121331636634e-13 1.247015923820137331e-09 0.000000000000000000e+00 0.000000000000000000e+00 1.024991826209457935e-07 0.000000000000000000e+00 0.000000000000000000e+00 0.000000000000000000e+00 0.000000000000000000e+00 7.117646070964021416e-07 3.718963380386333238e-07
1.145041820006202761e+04 5.526646566197890651e-13 -1.257950794000006167e-08 0.000000000000000000e+00 0.000000000000000000e+00 -1.378952692212887088e-06 0.000000000000000000e+00 0.000000000000000000e+00 0.000000000000000000e+00 0.000000000000000000e+00 -1.455155210480831300e-05 3.990354603038131427e-06
1.200099999999999454e+04 0.000000000000000000e+00 0.000000000000000000e+00 0.000000000000000000e+00 0.000000000000000000e+00 0.000000000000000000e+00 0.000000000000000000e+00 0.000000000000000000e+00 0.000000000000000000e+00 0.000000000000000000e+00 0.000000000000000000e+00 0.000000000000000000e+00
