1.000000000000000000e+00 3.221595664683507562e-07 3.326981461330612983e-08 0.000000000000000000e+00 0.000000000000000000e+00 0.000000000000000000e+00
1.045961553325497784e+00 2.944690439812512322e-07 3.041017996603899828e-08 0.000000000000000000e+00 0.000000000000000000e+00 0.000000000000000000e+00
1.094035571035088195e+00 2.691586346691384300e-07 2.779634159363963547e-08 0.000000000000000000e+00 0.000000000000000000e+00 0.000000000000000000e+00
1.144319145273208882e+00 2.460237730402491035e-07 2.540717347024965304e-08 0.000000000000000000e+00 0.000000000000000000e+00 0.000000000000000000e+00
1.196913830690071512e+00 2.248774528767982486e-07 2.322336369940352737e-08 0.000000000000000000e+00 0.000000000000000000e+00 0.000000000000000000e+00
1.251925849545358904e+00 2.055485569401076412e-07 2.122724752795976009e-08 0.000000000000000000e+00 0.000000000000000000e+00 0.000000000000000000e+00
1.309466306238806999e+00 1.878812022905819895e-07 1.940271501185994381e-08 0.000000000000000000e+00 0.000000000000000000e+00 0.000000000000000000e+00
1.369651411700944621e+00 1.717322443382013867e-07 1.773499504571293686e-08 0.000000000000000000e+00 0.000000000000000000e+00 0.000000000000000000e+00
1.432602718097180983e+00 1.569714851855181311e-07 1.621063086918552223e-08 0.000000000000000000e+00 0.000000000000000000e+00 0.000000000000000000e+00
1.498447364319257513e+00 1.434793092898262127e-07 1.481728006857195709e-08 0.000000000000000000e+00 0.000000000000000000e+00 0.000000000000000000e+00
1.567318332759868760e+00 1.311468379618624451e-07 1.354369216109107491e-08 0.000000000000000000e+00 0.000000000000000000e+00 0.000000000000000000e+00
1.639354717889041746e+00 1.198744644382908401e-07 1.237957985833643863e-08 0.000000000000000000e+00 0.000000000000000000e+00 0.000000000000000000e+00
1.714702007174705223e+00 1.095708857473112442e-07 1.131551904936860304e-08 0.000000000000000000e+00 0.000000000000000000e+00 0.000000000000000000e+00
1.793512374914803642e+00 1.001529377376146009e-07 1.034291750930244062e-08 0.000000000000000000e+00 0.000000000000000000e+00 0.000000000000000000e+00
1.875944989574390709e+00 9.154454780238271852e-08 9.453918640820600911e-09 0.000000000000000000e+00 0.000000000000000000e+00 0.000000000000000000e+00
1.962166335248414217e+00 8.367600729140769612e-08 8.641326814641413851e-09 0.000000000000000000e+00 0.000000000000000000e+00 0.000000000000000000e+00
2.052350547899430833e+00 7.648379846865138552e-08 7.898580164062827574e-09 0.000000000000000000e+00 0.000000000000000000e+00 0.000000000000000000e+00
2.146679767049325172e+00 6.990979004621541584e-08 7.219675223550914149e-09 0.000000000000000000e+00 0.000000000000000000e+00 0.000000000000000000e+00
2.245344503635329669e+00 6.390083872610372649e-08 6.599124604990192116e-09 0.000000000000000000e+00 0.000000000000000000e+00 0.000000000000000000e+00
2.348544024773278505e+00 5.840839232959571527e-08 6.031913306583728528e-09 0.000000000000000000e+00 0.000000000000000000e+00 0.000000000000000000e+00
2.456486756205174871e+00 5.338802075655244556e-08 5.513454516977123971e-09 0.000000000000000000e+00 0.000000000000000000e+00 0.000000000000000000e+00
2.569390703243878082e+00 4.879916855698331587e-08 5.039558957056166601e-09 0.000000000000000000e+00 0.000000000000000000e+00 0.000000000000000000e+00
2.687483891065059805e+00 4.460471973860683500e-08 4.606394417972900123e-09 0.000000000000000000e+00 0.000000000000000000e+00 0.000000000000000000e+00
2.811004825235662974e+00 4.077080007402180299e-08 4.210461755207637241e-09 0.000000000000000000e+00 0.000000000000000000e+00 0.000000000000000000e+00
2.940202973408962972e+00 3.726642911418591634e-08 3.848561876269634531e-09 0.000000000000000000e+00 0.000000000000000000e+00 0.000000000000000000e+00
3.075339269159086619e+00 3.406326784454357807e-08 3.517768051099568439e-09 0.000000000000000000e+00 0.000000000000000000e+00 0.000000000000000000e+00
3.216686638972539480e+00 3.113543040940103878e-08 3.215407345997965105e-09 0.000000000000000000e+00 0.000000000000000000e+00 0.000000000000000000e+00
3.364530553461092310e+00 2.845925974426549713e-08 2.939036354206400659e-09 0.000000000000000000e+00 0.000000000000000000e+00 0.000000000000000000e+00
3.519169603909261035e+00 2.601308739068042153e-08 2.686417898272936699e-09 0.000000000000000000e+00 0.000000000000000000e+00 0.000000000000000000e+00
3.680916105320806597e+00 2.377718680093755471e-08 2.455514326639020401e-09 0.000000000000000000e+00 0.000000000000000000e+00 0.000000000000000000e+00
3.850096727182192424e+00 2.173345338073772538e-08 2.244456097040389871e-09 0.000000000000000000e+00 0.000000000000000000e+00 0.000000000000000000e+00
4.027053153216901826e+00 1.986540618729708658e-08 2.051540997214494970e-09 0.000000000000000000e+00 0.000000000000000000e+00 0.000000000000000000e+00
4.212142771463094348e+00 1.815790208554805928e-08 1.875205517484786616e-09 0.000000000000000000e+00 0.000000000000000000e+00 0.000000000000000000e+00
4.405739396068305780e+00 1.659717825327101731e-08 1.714028117037381731e-09 0.000000000000000000e+00 0.000000000000000000e+00 0.000000000000000000e+00
4.608234022258945295e+00 1.517058940988901251e-08 1.566703145282441055e-09 0.000000000000000000e+00 0.000000000000000000e+00 0.000000000000000000e+00
4.820035616009373136e+00 1.386662268472527275e-08 1.432041367965002777e-09 0.000000000000000000e+00 0.000000000000000000e+00 0.000000000000000000e+00
5.041571940005385777e+00 1.267474418410969056e-08 1.308954921753175715e-09 0.000000000000000000e+00 0.000000000000000000e+00 0.000000000000000000e+00
5.273290417570277278e+00 1.158530240969887594e-08 1.196447463758184680e-09 0.000000000000000000e+00 0.000000000000000000e+00 0.000000000000000000e+00
5.515659036298269591e+00 1.058950292609849915e-08 1.093610290224873144e-09 0.000000000000000000e+00 0.000000000000000000e+00 0.000000000000000000e+00
5.769167293220356818e+00 9.679292547164694487e-09 9.996123021059821254e-10 0.000000000000000000e+00 0.000000000000000000e+00 0.000000000000000000e+00
6.034327183411422268e+00 8.847322711768301925e-09 9.136942157520402856e-10 0.000000000000000000e+00 0.000000000000000000e+00 0.000000000000000000e+00
6.311674234035287157e+00 8.086860315036775403e-09 8.351605631240621864e-10 0.000000000000000000e+00 0.000000000000000000e+00 0.000000000000000000e+00
6.601768585916069298e+00 7.391756079488116269e-09 7.633766607746220887e-10 0.000000000000000000e+00 0.000000000000000000e+00 0.000000000000000000e+00
6.905196124820247583e+00 6.756407069866860953e-09 6.977637947633394160e-10 0.000000000000000000e+00 0.000000000000000000e+00 0.000000000000000000e+00
7.222569664734193928e+00 6.175659156695442129e-09 6.377895674053430482e-10 0.000000000000000000e+00 0.000000000000000000e+00 0.000000000000000000e+00
7.554530185526997954e+00 5.644835493732641026e-09 5.829712193538226977e-10 0.000000000000000000e+00 0.000000000000000000e+00 0.000000000000000000e+00
7.901748127498179564e+00 5.159630465756001514e-09 5.328636690342973127e-10 0.000000000000000000e+00 0.000000000000000000e+00 0.000000000000000000e+00
8.264924745424840680e+00 4.716133840719473086e-09 4.870636100204663346e-10 0.000000000000000000e+00 0.000000000000000000e+00 0.000000000000000000e+00
8.644793524842908639e+00 4.310757989849016844e-09 4.452003132531509147e-10 0.000000000000000000e+00 0.000000000000000000e+00 0.000000000000000000e+00
9.042121663422893363e+00 3.940224654611079964e-09 4.069350487022930680e-10 0.000000000000000000e+00 0.000000000000000000e+00 0.000000000000000000e+00
9.457711620431943800e+00 3.601537741137580775e-09 3.719587605261965056e-10 0.000000000000000000e+00 0.000000000000000000e+00 0.000000000000000000e+00
9.892402737411607916e+00 3.291963639174158134e-09 3.399891001602809303e-10 0.000000000000000000e+00 0.000000000000000000e+00 0.000000000000000000e+00
1.034707293334445133e+01 3.008995249264595476e-09 3.107668783084916044e-10 0.000000000000000000e+00 0.000000000000000000e+00 0.000000000000000000e+00
1.082264047773317550e+01 2.750347917339904980e-09 2.840561296835576894e-10 0.000000000000000000e+00 0.000000000000000000e+00 0.000000000000000000e+00
1.132006584517320391e+01 2.513937111547153091e-09 2.596421606989330319e-10 0.000000000000000000e+00 0.000000000000000000e+00 0.000000000000000000e+00
1.184035365516427518e+01 2.297841766074494693e-09 2.373259121100023698e-10 0.000000000000000000e+00 0.000000000000000000e+00 0.000000000000000000e+00
1.238455470107886391e+01 2.100321647833923083e-09 2.169279098850617445e-10 0.000000000000000000e+00 0.000000000000000000e+00 0.000000000000000000e+00
1.295376807238504213e+01 1.919781108984425637e-09 1.982837444476200277e-10 0.000000000000000000e+00 0.000000000000000000e+00 0.000000000000000000e+00
1.354914337441009486e+01 1.754755015243215989e-09 1.812414279421537181e-10 0.000000000000000000e+00 0.000000000000000000e+00 0.000000000000000000e+00
1.417188305012786387e+01 1.603916611709823452e-09 1.656646377851029246e-10 0.000000000000000000e+00 0.000000000000000000e+00 0.000000000000000000e+00
1.482324480865903027e+01 1.466039914375737720e-09 1.514259349796742595e-10 0.000000000000000000e+00 0.000000000000000000e+00 0.000000000000000000e+00
1.550454416538912561e+01 1.340016356533216165e-09 1.384116841174162778e-10 0.000000000000000000e+00 0.000000000000000000e+00 0.000000000000000000e+00
1.621715709883418910e+01 1.224823440479376328e-09 1.265157331239471521e-10 0.000000000000000000e+00 0.000000000000000000e+00 0.000000000000000000e+00
1.696252282962023727e+01 1.119533106131267961e-09 1.156426184932571567e-10 0.000000000000000000e+00 0.000000000000000000e+00 0.000000000000000000e+00
1.774214672718879626e+01 1.023292094990191308e-09 1.057040192917666167e-10 0.000000000000000000e+00 0.000000000000000000e+00 0.000000000000000000e+00
1.855760335009928852e+01 9.353227633939869075e-10 9.661930150710700551e-11 0.000000000000000000e+00 0.000000000000000000e+00 0.000000000000000000e+00
1.941053962606831718e+01 8.549153266804250032e-10 8.831579815240505784e-11 0.000000000000000000e+00 0.000000000000000000e+00 0.000000000000000000e+00
2.030267817816854148e+01 7.814194830803828982e-10 8.072619752815206550e-11 0.000000000000000000e+00 0.000000000000000000e+00 0.000000000000000000e+00
2.123582080390486126e+01 7.142409019782858603e-10 7.378879918915689276e-11 0.000000000000000000e+00 0.000000000000000000e+00 0.000000000000000000e+00
2.221185211419424377e+01 6.528362595096808116e-10 6.744750477520650622e-11 0.000000000000000000e+00 0.000000000000000000e+00 0.000000000000000000e+00
2.323274333959886206e+01 5.967098534029472699e-10 6.165159403191237370e-11 0.000000000000000000e+00 0.000000000000000000e+00 0.000000000000000000e+00
2.430055631149943096e+01 5.454080969253736912e-10 5.635382169129342368e-11 0.000000000000000000e+00 0.000000000000000000e+00 0.000000000000000000e+00
2.541744762624967180e+01 4.985159908570519396e-10 5.151122763823408712e-11 0.000000000000000000e+00 0.000000000000000000e+00 0.000000000000000000e+00
2.658567300072159867e+01 4.556551905064584251e-10 4.708516782939187078e-11 0.000000000000000000e+00 0.000000000000000000e+00 0.000000000000000000e+00
2.780759182803850749e+01 4.164783941056902461e-10 4.303945677369343734e-11 0.000000000000000000e+00 0.000000000000000000e+00 0.000000000000000000e+00
2.908567194269658174e+01 3.806696913526058970e-10 3.934156135150401611e-11 0.000000000000000000e+00 0.000000000000000000e+00 0.000000000000000000e+00
3.042249460469875899e+01 3.479392995998997420e-10 3.596152859717963213e-11 0.000000000000000000e+00 0.000000000000000000e+00 0.000000000000000000e+00
3.182075971276728410e+01 3.180229316311170127e-10 3.287212768797798547e-11 0.000000000000000000e+00 0.000000000000000000e+00 0.000000000000000000e+00
3.328329125716349779e+01 2.906786177078706089e-10 3.004827738712384465e-11 0.000000000000000000e+00 0.000000000000000000e+00 0.000000000000000000e+00
3.481304302312768328e+01 2.656855768623457352e-10 2.746721058597339697e-11 0.000000000000000000e+00 0.000000000000000000e+00 0.000000000000000000e+00
3.641310455645803046e+01 2.428415704326060253e-10 2.510798602934512246e-11 0.000000000000000000e+00 0.000000000000000000e+00 0.000000000000000000e+00
3.808670740327659132e+01 2.219622889775632154e-10 2.295172596770606442e-11 0.000000000000000000e+00 0.000000000000000000e+00 0.000000000000000000e+00
3.983723163658493149e+01 2.028786721567327969e-10 2.098078444859428120e-11 0.000000000000000000e+00 0.000000000000000000e+00 0.000000000000000000e+00
4.166821268279002766e+01 1.854368349377538802e-10 1.917929077381010109e-11 0.000000000000000000e+00 0.000000000000000000e+00 0.000000000000000000e+00
4.358334846198825829e+01 1.694953841727814934e-10 1.753271414506805949e-11 0.000000000000000000e+00 0.000000000000000000e+00 0.000000000000000000e+00
4.558650685642769673e+01 1.549255504190286359e-10 1.602764949103519301e-11 0.000000000000000000e+00 0.000000000000000000e+00 0.000000000000000000e+00
4.768173352223256245e+01 1.416100880465654752e-10 1.465209653723907113e-11 0.000000000000000000e+00 0.000000000000000000e+00 0.000000000000000000e+00
4.987326006016684232e+01 1.294405491697015000e-10 1.339471545741901028e-11 0.000000000000000000e+00 0.000000000000000000e+00 0.000000000000000000e+00
5.216551256193860553e+01 1.183193322510714563e-10 1.224553520355037632e-11 0.000000000000000000e+00 0.000000000000000000e+00 0.000000000000000000e+00
5.456312054930609179e+01 1.081559961477659873e-10 1.119514885919293813e-11 0.000000000000000000e+00 0.000000000000000000e+00 0.000000000000000000e+00
5.707092632403857380e+01 9.886902631978320082e-11 1.023511851249382933e-11 0.000000000000000000e+00 0.000000000000000000e+00 0.000000000000000000e+00
5.969399474761641500e+01 9.038205906923263441e-11 9.357595646422377960e-12 0.000000000000000000e+00 0.000000000000000000e+00 0.000000000000000000e+00
6.243762347042098781e+01 8.262743309224785517e-11 8.555552043626203616e-12 0.000000000000000000e+00 0.000000000000000000e+00 0.000000000000000000e+00
6.530735363107407920e+01 7.554202130769897587e-11 7.822450557641918963e-12 0.000000000000000000e+00 0.000000000000000000e+00 0.000000000000000000e+00
6.830898104753585187e+01 6.906754805398377792e-11 7.152333479024881193e-12 0.000000000000000000e+00 0.000000000000000000e+00 0.000000000000000000e+00
7.144856792256257449e+01 6.315383351563197128e-11 6.539908401468440704e-12 0.000000000000000000e+00 0.000000000000000000e+00 0.000000000000000000e+00
7.473245508716587437e+01 5.775037919470718154e-11 5.980098072289102177e-12 0.000000000000000000e+00 0.000000000000000000e+00 0.000000000000000000e+00
7.816727480680003737e+01 5.281352405077707159e-11 5.468365704159631186e-12 0.000000000000000000e+00 0.000000000000000000e+00 0.000000000000000000e+00
8.175996417614160805e+01 4.830352777015449451e-11 5.000617969578730355e-12 0.000000000000000000e+00 0.000000000000000000e+00 0.000000000000000000e+00
8.551777912951415317e+01 4.418387668551861511e-11 4.573063513271893517e-12 0.000000000000000000e+00 0.000000000000000000e+00 0.000000000000000000e+00
8.944830909525343543e+01 4.041939346681245066e-11 4.182194844888047995e-12 0.000000000000000000e+00 0.000000000000000000e+00 0.000000000000000000e+00
9.355949232361055579e+01 3.698058981954186645e-11 3.824909192604073583e-12 0.000000000000000000e+00 0.000000000000000000e+00 0.000000000000000000e+00
9.785963191914866854e+01 3.383807169950370900e-11 3.498284710171019881e-12 0.000000000000000000e+00 0.000000000000000000e+00 0.000000000000000000e+00
1.023574126100142365e+02 3.096707683072395973e-11 3.199702606786397019e-12 0.000000000000000000e+00 0.000000000000000000e+00 0.000000000000000000e+00
1.070619182879493678e+02 2.834254710279903962e-11 2.926705113040907218e-12 0.000000000000000000e+00 0.000000000000000000e+00 0.000000000000000000e+00
1.119826503544710050e+02 2.594306043307550398e-11 2.677100957657045046e-12 0.000000000000000000e+00 0.000000000000000000e+00 0.000000000000000000e+00
1.171295469102685729e+02 2.374852062208552627e-11 2.448865074137724624e-12 0.000000000000000000e+00 0.000000000000000000e+00 0.000000000000000000e+00
1.225130028265763826e+02 2.174145336448987257e-11 2.240180732731224882e-12 0.000000000000000000e+00 0.000000000000000000e+00 0.000000000000000000e+00
1.281438907390569000e+02 1.990520148198487029e-11 2.049356363568795692e-12 0.000000000000000000e+00 0.000000000000000000e+00 0.000000000000000000e+00
1.340335830065968139e+02 1.822428986822369928e-11 1.874848977945281228e-12 0.000000000000000000e+00 0.000000000000000000e+00 0.000000000000000000e+00
1.401939746793620145e+02 1.668586280802326637e-11 1.715272549412859566e-12 0.000000000000000000e+00 0.000000000000000000e+00 0.000000000000000000e+00
1.466375075225009539e+02 1.527781469906863966e-11 1.569354794697500165e-12 0.000000000000000000e+00 0.000000000000000000e+00 0.000000000000000000e+00
1.533771951440145926e+02 1.398834164668315023e-11 1.435909901510468584e-12 0.000000000000000000e+00 0.000000000000000000e+00 0.000000000000000000e+00
1.604266492775414576e+02 1.280759269791355191e-11 1.313877246269033835e-12 0.000000000000000000e+00 0.000000000000000000e+00 0.000000000000000000e+00
1.678001072731420891e+02 1.172718702880784854e-11 1.202301859209466740e-12 0.000000000000000000e+00 0.000000000000000000e+00 0.000000000000000000e+00
1.755124608516008209e+02 1.073845905016280486e-11 1.100284682573067018e-12 0.000000000000000000e+00 0.000000000000000000e+00 0.000000000000000000e+00
1.835792861803209632e+02 9.834861936748402074e-12 1.007032637718810587e-12 0.000000000000000000e+00 0.000000000000000000e+00 0.000000000000000000e+00
1.920168753315547576e+02 9.009845851367426136e-12 9.218144170829259350e-13 0.000000000000000000e+00 0.000000000000000000e+00 0.000000000000000000e+00
2.008422691865014258e+02 8.257688247434732708e-12 8.439621334129608675e-13 0.000000000000000000e+00 0.000000000000000000e+00 0.000000000000000000e+00
2.100732918517307724e+02 7.572780407653471046e-12 7.728589421313823243e-13 0.000000000000000000e+00 0.000000000000000000e+00 0.000000000000000000e+00
2.197285866574368924e+02 6.950266576584044887e-12 7.079537053679281448e-13 0.000000000000000000e+00 0.000000000000000000e+00 0.000000000000000000e+00
2.298276538102291227e+02 6.385273010034980404e-12 6.487359132669538300e-13 0.000000000000000000e+00 0.000000000000000000e+00 0.000000000000000000e+00
2.403908897765019788e+02 5.872868609602755681e-12 5.947271004861789122e-13 0.000000000000000000e+00 0.000000000000000000e+00 0.000000000000000000e+00
2.514396284759284868e+02 5.408443186950824519e-12 5.454978331071705311e-13 0.000000000000000000e+00 0.000000000000000000e+00 0.000000000000000000e+00
2.629961843682681319e+02 4.987296522991085635e-12 5.006486742720570642e-13 0.000000000000000000e+00 0.000000000000000000e+00 0.000000000000000000e+00
2.750838975205127213e+02 4.604459330104469729e-12 4.598006252663982792e-13 0.000000000000000000e+00 0.000000000000000000e+00 0.000000000000000000e+00
2.877271807453877273e+02 4.255705914267913485e-12 4.226200516187599947e-13 0.000000000000000000e+00 0.000000000000000000e+00 0.000000000000000000e+00
3.009515689064119783e+02 3.935891018771468413e-12 3.887708425479343593e-13 0.000000000000000000e+00 0.000000000000000000e+00 0.000000000000000000e+00
3.147837704890961845e+02 3.640365432008865263e-12 3.579440498035564719e-13 0.000000000000000000e+00 0.000000000000000000e+00 0.000000000000000000e+00
3.292517215424319375e+02 3.365117387236022564e-12 3.298499760722969258e-13 0.000000000000000000e+00 0.000000000000000000e+00 0.000000000000000000e+00
3.443846420996163147e+02 3.107264170289243789e-12 3.042173102198515532e-13 0.000000000000000000e+00 0.000000000000000000e+00 0.000000000000000000e+00
3.602130951919605764e+02 2.865594606344400517e-12 2.807939811927045999e-13 0.000000000000000000e+00 0.000000000000000000e+00 0.000000000000000000e+00
3.767690485751684264e+02 2.640761184632292475e-12 2.593491931768404644e-13 0.000000000000000000e+00 0.000000000000000000e+00 0.000000000000000000e+00
3.940859392926529949e+02 2.434622851600136072e-12 2.396761446922930032e-13 0.000000000000000000e+00 0.000000000000000000e+00 0.000000000000000000e+00
4.121987412062810563e+02 2.248631158368630423e-12 2.215955300543794203e-13 0.000000000000000000e+00 0.000000000000000000e+00 0.000000000000000000e+00
4.311440356309365143e+02 2.082074169741870754e-12 2.049577921886526001e-13 0.000000000000000000e+00 0.000000000000000000e+00 0.000000000000000000e+00
4.509600852155584789e+02 1.931737284781025475e-12 1.896439352392874552e-13 0.000000000000000000e+00 0.000000000000000000e+00 0.000000000000000000e+00
4.716869112198643279e+02 1.793523423092943957e-12 1.755640613009057601e-13 0.000000000000000000e+00 0.000000000000000000e+00 0.000000000000000000e+00
4.933663743428353428e+02 1.664602330183952738e-12 1.626522744839182033e-13 0.000000000000000000e+00 0.000000000000000000e+00 0.000000000000000000e+00
5.160422592662009720e+02 1.544276543065471676e-12 1.508578673126246800e-13 0.000000000000000000e+00 0.000000000000000000e+00 0.000000000000000000e+00
5.397603630836752018e+02 1.433228213273827787e-12 1.401342804207056716e-13 0.000000000000000000e+00 0.000000000000000000e+00 0.000000000000000000e+00
5.645685877945354605e+02 1.332130680331701171e-12 1.304274024660451452e-13 0.000000000000000000e+00 0.000000000000000000e+00 0.000000000000000000e+00
5.905170370483549505e+02 1.240771854547581555e-12 1.216657023992537167e-13 0.000000000000000000e+00 0.000000000000000000e+00 0.000000000000000000e+00
6.176581173362676509e+02 1.158277947446206901e-12 1.137551879191923654e-13 0.000000000000000000e+00 0.000000000000000000e+00 0.000000000000000000e+00
6.460466438331450263e+02 1.084215705433373558e-12 1.065816701525800005e-13 0.000000000000000000e+00 0.000000000000000000e+00 0.000000000000000000e+00
6.757399511044415021e+02 1.019203743007044872e-12 1.000222448531142437e-13 0.000000000000000000e+00 0.000000000000000000e+00 0.000000000000000000e+00
7.067980089012974076e+02 9.633837214509716967e-13 9.396512828472977255e-14 0.000000000000000000e+00 0.000000000000000000e+00 0.000000000000000000e+00
7.392835432777699225e+02 9.139348844462413510e-13 8.833247579668402312e-14 0.000000000000000000e+00 0.000000000000000000e+00 0.000000000000000000e+00
7.732621632747939202e+02 8.659354989583185614e-13 8.309608065210255826e-14 0.000000000000000000e+00 0.000000000000000000e+00 0.000000000000000000e+00
8.088024934267380104e+02 8.169508228995336054e-13 7.827513422423050718e-14 0.000000000000000000e+00 0.000000000000000000e+00 0.000000000000000000e+00
8.459763123581672062e+02 7.691613821014740104e-13 7.391048678000104906e-14 0.000000000000000000e+00 0.000000000000000000e+00 0.000000000000000000e+00
8.848586977507249003e+02 7.259914712218757385e-13 7.002566712513207969e-14 0.000000000000000000e+00 0.000000000000000000e+00 0.000000000000000000e+00
9.255281779729251639e+02 6.880215546456729231e-13 6.659245302246282399e-14 0.000000000000000000e+00 0.000000000000000000e+00 0.000000000000000000e+00
9.680668906790783694e+02 6.535297894801741799e-13 6.352216595621973916e-14 0.000000000000000000e+00 0.000000000000000000e+00 0.000000000000000000e+00
1.012560748697673489e+03 6.224216918713151635e-13 6.069474670564402706e-14 0.000000000000000000e+00 0.000000000000000000e+00 0.000000000000000000e+00
1.059099613544248314e+03 5.957857356578085871e-13 5.801909429198434398e-14 0.000000000000000000e+00 0.000000000000000000e+00 0.000000000000000000e+00
1.107777476909176357e+03 5.714129103508604196e-13 5.548491413030721183e-14 0.000000000000000000e+00 0.000000000000000000e+00 0.000000000000000000e+00
1.158692650486922503e+03 5.466555066728643278e-13 5.315507675325120711e-14 0.000000000000000000e+00 0.000000000000000000e+00 0.000000000000000000e+00
1.211947964530139416e+03 5.229457688500504730e-13 5.109483542807839344e-14 0.000000000000000000e+00 0.000000000000000000e+00 0.000000000000000000e+00
1.267650975529620837e+03 5.023810804754037640e-13 4.929703796193898739e-14 0.000000000000000000e+00 0.000000000000000000e+00 0.000000000000000000e+00
1.325914183439544558e+03 4.854571014471547793e-13 4.767567627967386040e-14 0.000000000000000000e+00 0.000000000000000000e+00 0.000000000000000000e+00
1.386855258886734646e+03 4.711819675380897714e-13 4.614438865479296408e-14 0.000000000000000000e+00 0.000000000000000000e+00 0.000000000000000000e+00
1.450597280822804123e+03 4.565661233260866637e-13 4.469497128042458186e-14 0.000000000000000000e+00 0.000000000000000000e+00 0.000000000000000000e+00
1.517268985099163046e+03 4.410600290763304128e-13 4.337754523355459053e-14 0.000000000000000000e+00 0.000000000000000000e+00 0.000000000000000000e+00
1.587005024466923487e+03 4.267741304534424073e-13 4.220453091692370529e-14 0.000000000000000000e+00 0.000000000000000000e+00 0.000000000000000000e+00
1.659946240526792508e+03 4.146103917774876251e-13 4.112218667635707501e-14 0.000000000000000000e+00 0.000000000000000000e+00 0.000000000000000000e+00
1.736239948178224040e+03 4.040443476098066394e-13 4.007966028403193366e-14 0.000000000000000000e+00 0.000000000000000000e+00 0.000000000000000000e+00
1.816040233142276520e+03 3.933820850106376396e-13 3.907476646803034640e-14 0.000000000000000000e+00 0.000000000000000000e+00 0.000000000000000000e+00
1.899508263159094213e+03 3.825106568972831455e-13 3.811048462258124037e-14 0.000000000000000000e+00 0.000000000000000000e+00 0.000000000000000000e+00
1.986812613488506258e+03 3.729315364194330099e-13 3.719025397520594602e-14 0.000000000000000000e+00 0.000000000000000000e+00 0.000000000000000000e+00
2.078129607371129623e+03 3.647031505717236234e-13 3.633180551393294475e-14 0.000000000000000000e+00 0.000000000000000000e+00 0.000000000000000000e+00
2.173643672137613066e+03 3.561978504639402890e-13 3.551791419341959346e-14 0.000000000000000000e+00 0.000000000000000000e+00 0.000000000000000000e+00
2.273547711685196191e+03 3.475643982748212807e-13 3.471087494669200313e-14 0.000000000000000000e+00 0.000000000000000000e+00 0.000000000000000000e+00
2.378043496073878487e+03 3.412538228679486069e-13 3.402463552534555642e-14 0.000000000000000000e+00 0.000000000000000000e+00 0.000000000000000000e+00
2.487342069029033155e+03 3.355475303641477833e-13 3.352198137532701381e-14 0.000000000000000000e+00 0.000000000000000000e+00 0.000000000000000000e+00
2.601664174173464289e+03 3.297255612750223670e-13 3.308053269236240477e-14 0.000000000000000000e+00 0.000000000000000000e+00 0.000000000000000000e+00
2.721240700849774839e+03 3.294877003586388137e-13 3.289867260999574144e-14 0.000000000000000000e+00 0.000000000000000000e+00 0.000000000000000000e+00
2.846313150433396004e+03 3.301325040432038609e-13 3.304791161834197445e-14 0.000000000000000000e+00 0.000000000000000000e+00 0.000000000000000000e+00
2.977134124078108471e+03 3.336670265433890997e-13 3.334348134835088250e-14 0.000000000000000000e+00 0.000000000000000000e+00 0.000000000000000000e+00
3.113967832879082835e+03 3.414707020597060878e-13 3.429880039303540369e-14 0.000000000000000000e+00 0.000000000000000000e+00 0.000000000000000000e+00
3.257090631483838933e+03 3.500254066444235335e-13 3.537320889567172035e-14 0.000000000000000000e+00 0.000000000000000000e+00 0.000000000000000000e+00
3.406791576228762096e+03 3.705595294087504525e-13 3.668735943929055681e-14 0.000000000000000000e+00 0.000000000000000000e+00 0.000000000000000000e+00
3.563373008928456329e+03 3.795477485459200796e-13 3.754733621623029084e-14 0.000000000000000000e+00 0.000000000000000000e+00 0.000000000000000000e+00
3.727151167496963808e+03 3.831908860852005729e-13 3.777174441087590017e-14 0.000000000000000000e+00 0.000000000000000000e+00 0.000000000000000000e+00
3.898456824634066379e+03 3.808981163181399377e-13 3.711897180737430273e-14 0.000000000000000000e+00 0.000000000000000000e+00 0.000000000000000000e+00
4.077635955866634504e+03 3.736837596787267242e-13 3.638913082223564321e-14 0.000000000000000000e+00 0.000000000000000000e+00 0.000000000000000000e+00
4.265050438294165360e+03 3.766600499401888046e-13 3.633126922580835458e-14 0.000000000000000000e+00 0.000000000000000000e+00 0.000000000000000000e+00
4.461078781449758935e+03 3.984814274115141115e-13 3.824887892746717530e-14 0.000000000000000000e+00 0.000000000000000000e+00 0.000000000000000000e+00
4.666116891752612901e+03 4.585742695115990581e-13 4.351671479372803691e-14 0.000000000000000000e+00 0.000000000000000000e+00 0.000000000000000000e+00
4.880578872095905353e+03 5.633387081944663110e-13 5.375321066731445471e-14 0.000000000000000000e+00 0.000000000000000000e+00 0.000000000000000000e+00
5.104897858185037876e+03 7.674729422956705181e-13 7.278652435304605789e-14 0.000000000000000000e+00 0.000000000000000000e+00 0.000000000000000000e+00
5.339526893315228335e+03 1.101090342818126012e-12 1.066415139378753791e-13 0.000000000000000000e+00 0.000000000000000000e+00 0.000000000000000000e+00
5.584939843355264202e+03 1.654307892742278375e-12 1.718006537204112424e-13 0.000000000000000000e+00 0.000000000000000000e+00 0.000000000000000000e+00
5.841632353785339546e+03 2.875715200945019766e-12 3.028242800328519576e-13 0.000000000000000000e+00 0.000000000000000000e+00 0.000000000000000000e+00
6.110122850721796567e+03 5.588541092758801710e-12 5.916490167177072507e-13 0.000000000000000000e+00 0.000000000000000000e+00 0.000000000000000000e+00
6.390953587950587462e+03 1.115101055046099656e-11 1.310649667980084767e-12 0.000000000000000000e+00 0.000000000000000000e+00 0.000000000000000000e+00
6.684691742083958161e+03 2.530413572360599833e-11 3.427480646973444512e-12 0.000000000000000000e+00 0.000000000000000000e+00 0.000000000000000000e+00
6.991930558052270499e+03 6.409630996357181193e-11 1.157983459194110582e-11 0.000000000000000000e+00 0.000000000000000000e+00 0.000000000000000000e+00
7.313290547244365371e+03 2.466921689663119403e-10 5.462955597493086198e-11 0.000000000000000000e+00 0.000000000000000000e+00 0.000000000000000000e+00
7.649420740716394903e+03 1.891936503522660002e-09 5.170375196650760389e-10 0.000000000000000000e+00 0.000000000000000000e+00 0.000000000000000000e+00
8.000999999999998181e+03 0.000000000000000000e+00 0.000000000000000000e+00 0.000000000000000000e+00 0.000000000000000000e+00 0.000000000000000000e+00
