1.000000000000000000e+00 3.853000877671688225e-10 7.014383847831952082e-09 0.000000000000000000e+00 0.000000000000000000e+00 9.064585858098022038e-09 0.000000000000000000e+00 0.000000000000000000e+00 0.000000000000000000e+00 0.000000000000000000e+00 3.071690180513683280e-08 1.443767873166453188e-08
1.045961553325497784e+00 3.522031943324356727e-10 6.412065303855482959e-09 0.000000000000000000e+00 0.000000000000000000e+00 8.285602970501485074e-09 0.000000000000000000e+00 0.000000000000000000e+00 0.000000000000000000e+00 0.000000000000000000e+00 2.807669755408647994e-08 1.319692407157631518e-08
1.094035571035088195e+00 3.219469935491537571e-10 5.861160801298923680e-09 0.000000000000000000e+00 0.000000000000000000e+00 7.573526247297714313e-09 0.000000000000000000e+00 0.000000000000000000e+00 0.000000000000000000e+00 0.000000000000000000e+00 2.566342878359730354e-08 1.206271464672159976e-08
1.144319145273208882e+00 2.942909235102095727e-10 5.357570835930049451e-09 0.000000000000000000e+00 0.000000000000000000e+00 6.922648081956790868e-09 0.000000000000000000e+00 0.000000000000000000e+00 0.000000000000000000e+00 0.000000000000000000e+00 2.345759056685242030e-08 1.102598368078254829e-08
1.196913830690071512e+00 2.690099310666209997e-10 4.897224115804449688e-09 0.000000000000000000e+00 0.000000000000000000e+00 6.327700914876185144e-09 0.000000000000000000e+00 0.000000000000000000e+00 0.000000000000000000e+00 0.000000000000000000e+00 2.144135284854928472e-08 1.007834697518540128e-08
1.251925849545358904e+00 2.458981487962155094e-10 4.476348353853356411e-09 0.000000000000000000e+00 0.000000000000000000e+00 5.783863414789887784e-09 0.000000000000000000e+00 0.000000000000000000e+00 0.000000000000000000e+00 0.000000000000000000e+00 1.959840587251971990e-08 9.212125430468885494e-09
1.309466306238806999e+00 2.247730081131838415e-10 4.091696844568922012e-09 0.000000000000000000e+00 0.000000000000000000e+00 5.286775573507502773e-09 0.000000000000000000e+00 0.000000000000000000e+00 0.000000000000000000e+00 0.000000000000000000e+00 1.791387671499524218e-08 8.420372774519508571e-09
1.369651411700944621e+00 2.054604178490223770e-10 3.740044200352245699e-09 0.000000000000000000e+00 0.000000000000000000e+00 4.832392144972612918e-09 0.000000000000000000e+00 0.000000000000000000e+00 0.000000000000000000e+00 0.000000000000000000e+00 1.637412687739838561e-08 7.696646758400242550e-09
1.432602718097180983e+00 1.878074534923047022e-10 3.418641532659052818e-09 0.000000000000000000e+00 0.000000000000000000e+00 4.417065661606120084e-09 0.000000000000000000e+00 0.000000000000000000e+00 0.000000000000000000e+00 0.000000000000000000e+00 1.496673298355393736e-08 7.035134013967271707e-09
1.498447364319257513e+00 1.716697305892422639e-10 3.124828211597178582e-09 0.000000000000000000e+00 0.000000000000000000e+00 4.037423963177813015e-09 0.000000000000000000e+00 0.000000000000000000e+00 0.000000000000000000e+00 0.000000000000000000e+00 1.368029894666555479e-08 6.430463528391243258e-09
1.567318332759868760e+00 1.569183372001090029e-10 2.856277602623493108e-09 0.000000000000000000e+00 0.000000000000000000e+00 3.690411781942671250e-09 0.000000000000000000e+00 0.000000000000000000e+00 0.000000000000000000e+00 0.000000000000000000e+00 1.250443896874481675e-08 5.877766178996036832e-09
1.639354717889041746e+00 1.434337909372075955e-10 2.610791785402840089e-09 0.000000000000000000e+00 0.000000000000000000e+00 3.373219307367808397e-09 0.000000000000000000e+00 0.000000000000000000e+00 0.000000000000000000e+00 0.000000000000000000e+00 1.142965241815200753e-08 5.372568712214884482e-09
1.714702007174705223e+00 1.311074160201560728e-10 2.386401614983258493e-09 0.000000000000000000e+00 0.000000000000000000e+00 3.083286348395898356e-09 0.000000000000000000e+00 0.000000000000000000e+00 0.000000000000000000e+00 0.000000000000000000e+00 1.044724076003621611e-08 4.910789464602828144e-09
1.793512374914803642e+00 1.198400165195016131e-10 2.181299975857217089e-09 0.000000000000000000e+00 0.000000000000000000e+00 2.818272544969227737e-09 0.000000000000000000e+00 0.000000000000000000e+00 0.000000000000000000e+00 0.000000000000000000e+00 9.549271055876255888e-09 4.488700342926542139e-09
1.875944989574390709e+00 1.095405292950826915e-10 1.993819794611597409e-09 0.000000000000000000e+00 0.000000000000000000e+00 2.576034189697038998e-09 0.000000000000000000e+00 0.000000000000000000e+00 0.000000000000000000e+00 0.000000000000000000e+00 8.728487728317254833e-09 4.102888544305829736e-09
1.962166335248414217e+00 1.001258402783872573e-10 1.822451224923211403e-09 0.000000000000000000e+00 0.000000000000000000e+00 2.354614827691009494e-09 0.000000000000000000e+00 0.000000000000000000e+00 0.000000000000000000e+00 0.000000000000000000e+00 7.978248937895895364e-09 3.750235386872949166e-09
2.052350547899430833e+00 9.152347989477700717e-11 1.665889314706945700e-09 0.000000000000000000e+00 0.000000000000000000e+00 2.152247169773677485e-09 0.000000000000000000e+00 0.000000000000000000e+00 0.000000000000000000e+00 0.000000000000000000e+00 7.292495877883914461e-09 3.427921493488564034e-09
2.146679767049325172e+00 8.366315442187167354e-11 1.522749357472732840e-09 0.000000000000000000e+00 0.000000000000000000e+00 1.967281980757211043e-09 0.000000000000000000e+00 0.000000000000000000e+00 0.000000000000000000e+00 0.000000000000000000e+00 6.665686108328462996e-09 3.133309024666188273e-09
2.245344503635329669e+00 7.647854609987218896e-11 1.391907298619311038e-09 0.000000000000000000e+00 0.000000000000000000e+00 1.798214458701489344e-09 0.000000000000000000e+00 0.000000000000000000e+00 0.000000000000000000e+00 0.000000000000000000e+00 6.092752527037359554e-09 2.864018321458744759e-09
2.348544024773278505e+00 6.991077385411510722e-11 1.272304605963542764e-09 0.000000000000000000e+00 0.000000000000000000e+00 1.643674874990615920e-09 0.000000000000000000e+00 0.000000000000000000e+00 0.000000000000000000e+00 0.000000000000000000e+00 5.569065271373921255e-09 2.617870641602725442e-09
2.456486756205174871e+00 6.390670442580622527e-11 1.162967958420960371e-09 0.000000000000000000e+00 0.000000000000000000e+00 1.502413285608681100e-09 0.000000000000000000e+00 0.000000000000000000e+00 0.000000000000000000e+00 0.000000000000000000e+00 5.090389499912478172e-09 2.392874166355060472e-09
2.569390703243878082e+00 5.841798647156725736e-11 1.063033160801466062e-09 0.000000000000000000e+00 0.000000000000000000e+00 1.373290825432527133e-09 0.000000000000000000e+00 0.000000000000000000e+00 0.000000000000000000e+00 0.000000000000000000e+00 4.652857643329866666e-09 2.187216015386917818e-09
2.687483891065059805e+00 5.340007218356516274e-11 9.716775631635102594e-10 0.000000000000000000e+00 0.000000000000000000e+00 1.255261640268455607e-09 0.000000000000000000e+00 0.000000000000000000e+00 0.000000000000000000e+00 0.000000000000000000e+00 4.252931324510637596e-09 1.999229359117486355e-09
2.811004825235662974e+00 4.881291528379866290e-11 8.881757478144487359e-10 0.000000000000000000e+00 0.000000000000000000e+00 1.147375355951124228e-09 0.000000000000000000e+00 0.000000000000000000e+00 0.000000000000000000e+00 0.000000000000000000e+00 3.887380258803538449e-09 1.827399617844636033e-09
2.940202973408962972e+00 4.461930374375234731e-11 8.118443895931411593e-10 0.000000000000000000e+00 0.000000000000000000e+00 1.048758596563190466e-09 0.000000000000000000e+00 0.000000000000000000e+00 0.000000000000000000e+00 0.000000000000000000e+00 3.553250083249417584e-09 1.670335867035568371e-09
3.075339269159086619e+00 4.078801618637666564e-11 7.421394573079645368e-10 0.000000000000000000e+00 0.000000000000000000e+00 9.586321915794960677e-10 0.000000000000000000e+00 0.000000000000000000e+00 0.000000000000000000e+00 0.000000000000000000e+00 3.247839168537236189e-09 1.526793713846631221e-09
3.216686638972539480e+00 3.728747119742074294e-11 6.783916717054682341e-10 0.000000000000000000e+00 0.000000000000000000e+00 8.762557195744248723e-10 0.000000000000000000e+00 0.000000000000000000e+00 0.000000000000000000e+00 0.000000000000000000e+00 2.968679746449390554e-09 1.395584346553013477e-09
3.364530553461092310e+00 3.408748975968467145e-11 6.201161898374579863e-10 0.000000000000000000e+00 0.000000000000000000e+00 8.009576471570127723e-10 0.000000000000000000e+00 0.000000000000000000e+00 0.000000000000000000e+00 0.000000000000000000e+00 2.713515594280154629e-09 1.275650469513516118e-09
3.519169603909261035e+00 3.116185883917538284e-11 5.668433067425803660e-10 0.000000000000000000e+00 0.000000000000000000e+00 7.321280387131516982e-10 0.000000000000000000e+00 0.000000000000000000e+00 0.000000000000000000e+00 0.000000000000000000e+00 2.480281574734617429e-09 1.166021438891008957e-09
3.680916105320806597e+00 2.848705580793109171e-11 5.181378610216926628e-10 0.000000000000000000e+00 0.000000000000000000e+00 6.692106125067996282e-10 0.000000000000000000e+00 0.000000000000000000e+00 0.000000000000000000e+00 0.000000000000000000e+00 2.267095980141413184e-09 1.065811024439066885e-09
3.850096727182192424e+00 2.604156039483340141e-11 4.736218056453036971e-10 0.000000000000000000e+00 0.000000000000000000e+00 6.116989164009467853e-10 0.000000000000000000e+00 0.000000000000000000e+00 0.000000000000000000e+00 0.000000000000000000e+00 2.072233160986476990e-09 9.742129270361917158e-10
4.027053153216901826e+00 2.380582372732836980e-11 4.329353313226173761e-10 0.000000000000000000e+00 0.000000000000000000e+00 5.591289801364247448e-10 0.000000000000000000e+00 0.000000000000000000e+00 0.000000000000000000e+00 0.000000000000000000e+00 1.894120915683692603e-09 8.904881174947670824e-10
4.212142771463094348e+00 2.176389370722611391e-11 3.957503635025714040e-10 0.000000000000000000e+00 0.000000000000000000e+00 5.110850488374871024e-10 0.000000000000000000e+00 0.000000000000000000e+00 0.000000000000000000e+00 0.000000000000000000e+00 1.731316393848519653e-09 8.139644789434632458e-10
4.405739396068305780e+00 1.989764930478315628e-11 3.617579652885923891e-10 0.000000000000000000e+00 0.000000000000000000e+00 4.671707967636822171e-10 0.000000000000000000e+00 0.000000000000000000e+00 0.000000000000000000e+00 0.000000000000000000e+00 1.582506616886860462e-09 7.440180460581175059e-10
4.608234022258945295e+00 1.819135491700812993e-11 3.306844764248946222e-10 0.000000000000000000e+00 0.000000000000000000e+00 4.270288796634703540e-10 0.000000000000000000e+00 0.000000000000000000e+00 0.000000000000000000e+00 0.000000000000000000e+00 1.446486385325608648e-09 6.800816438070778398e-10
4.820035616009373136e+00 1.663121881014084738e-11 3.022804267015483589e-10 0.000000000000000000e+00 0.000000000000000000e+00 3.903350167019069375e-10 0.000000000000000000e+00 0.000000000000000000e+00 0.000000000000000000e+00 0.000000000000000000e+00 1.322157762979937452e-09 6.216390945584592989e-10
5.041571940005385777e+00 1.520482399802633021e-11 2.763281342523180423e-10 0.000000000000000000e+00 0.000000000000000000e+00 3.567944444152166690e-10 0.000000000000000000e+00 0.000000000000000000e+00 0.000000000000000000e+00 0.000000000000000000e+00 1.208516088226450356e-09 5.682217689856701398e-10
5.273290417570277278e+00 1.390206484199620989e-11 2.526020816957186506e-10 0.000000000000000000e+00 0.000000000000000000e+00 3.261409221595572724e-10 0.000000000000000000e+00 0.000000000000000000e+00 0.000000000000000000e+00 0.000000000000000000e+00 1.104641666402375640e-09 5.193972417563983940e-10
5.515659036298269591e+00 1.271141438836563155e-11 2.309212833584966006e-10 0.000000000000000000e+00 0.000000000000000000e+00 2.981231996860094638e-10 0.000000000000000000e+00 0.000000000000000000e+00 0.000000000000000000e+00 0.000000000000000000e+00 1.009695695170983910e-09 4.747710932031022408e-10
5.769167293220356818e+00 1.162241395594821399e-11 2.110882410579828057e-10 0.000000000000000000e+00 0.000000000000000000e+00 2.725093430595079030e-10 0.000000000000000000e+00 0.000000000000000000e+00 0.000000000000000000e+00 0.000000000000000000e+00 9.229104315406266033e-10 4.339750168447922205e-10
6.034327183411422268e+00 1.062651339551220436e-11 1.929629918589289932e-10 0.000000000000000000e+00 0.000000000000000000e+00 2.490952802379953335e-10 0.000000000000000000e+00 0.000000000000000000e+00 0.000000000000000000e+00 0.000000000000000000e+00 8.435850966826141449e-10 3.966850941073866816e-10
6.311674234035287157e+00 9.717174463181188116e-12 1.764030710653734814e-10 0.000000000000000000e+00 0.000000000000000000e+00 2.276983904921368059e-10 0.000000000000000000e+00 0.000000000000000000e+00 0.000000000000000000e+00 0.000000000000000000e+00 7.710776365154648820e-10 3.626044859300550405e-10
6.601768585916069298e+00 8.885874059551390613e-12 1.612596208068097724e-10 0.000000000000000000e+00 0.000000000000000000e+00 2.081394548382999099e-10 0.000000000000000000e+00 0.000000000000000000e+00 0.000000000000000000e+00 0.000000000000000000e+00 7.048019765123934522e-10 3.314510553586818745e-10
6.905196124820247583e+00 8.125504111836514727e-12 1.474166562934846654e-10 0.000000000000000000e+00 0.000000000000000000e+00 1.902594004459532438e-10 0.000000000000000000e+00 0.000000000000000000e+00 0.000000000000000000e+00 0.000000000000000000e+00 6.442237833835455480e-10 3.029739644658856233e-10
7.222569664734193928e+00 7.430938380287395133e-12 1.347747695583400346e-10 0.000000000000000000e+00 0.000000000000000000e+00 1.739189855850086840e-10 0.000000000000000000e+00 0.000000000000000000e+00 0.000000000000000000e+00 0.000000000000000000e+00 5.888516018797703012e-10 2.769482833065204435e-10
7.554530185526997954e+00 6.796101719137538634e-12 1.232111691491038321e-10 0.000000000000000000e+00 0.000000000000000000e+00 1.589825861218858484e-10 0.000000000000000000e+00 0.000000000000000000e+00 0.000000000000000000e+00 0.000000000000000000e+00 5.382396117431709692e-10 2.531578286540486548e-10
7.901748127498179564e+00 6.215483047423349185e-12 1.126391639161615811e-10 0.000000000000000000e+00 0.000000000000000000e+00 1.453283289210679077e-10 0.000000000000000000e+00 0.000000000000000000e+00 0.000000000000000000e+00 0.000000000000000000e+00 4.919770178933867211e-10 2.314105590509575295e-10
8.264924745424840680e+00 5.684879703863417465e-12 1.029797305304122635e-10 0.000000000000000000e+00 0.000000000000000000e+00 1.328484952121071026e-10 0.000000000000000000e+00 0.000000000000000000e+00 0.000000000000000000e+00 0.000000000000000000e+00 4.496913647509685974e-10 2.115338767156464289e-10
8.644793524842908639e+00 5.200043991733858942e-12 9.414583148472559965e-11 0.000000000000000000e+00 0.000000000000000000e+00 1.214415759631992012e-10 0.000000000000000000e+00 0.000000000000000000e+00 0.000000000000000000e+00 0.000000000000000000e+00 4.110403330976206649e-10 1.933648939831349113e-10
9.042121663422893363e+00 4.756501478609417770e-12 8.607221429278707078e-11 0.000000000000000000e+00 0.000000000000000000e+00 1.110135834382585189e-10 0.000000000000000000e+00 0.000000000000000000e+00 0.000000000000000000e+00 0.000000000000000000e+00 3.757113014637202259e-10 1.767568042768931869e-10
9.457711620431943800e+00 4.351532549683548481e-12 7.869697454707039472e-11 0.000000000000000000e+00 0.000000000000000000e+00 1.014842057511270798e-10 0.000000000000000000e+00 0.000000000000000000e+00 0.000000000000000000e+00 0.000000000000000000e+00 3.434188496193297600e-10 1.615784871003189250e-10
9.892402737411607916e+00 3.981067391166757386e-12 7.195074647461517980e-11 0.000000000000000000e+00 0.000000000000000000e+00 9.277223697599605752e-11 0.000000000000000000e+00 0.000000000000000000e+00 0.000000000000000000e+00 0.000000000000000000e+00 3.139023105890313063e-10 1.477028850571689555e-10
1.034707293334445133e+01 3.642587078606197742e-12 6.578710324531957916e-11 0.000000000000000000e+00 0.000000000000000000e+00 8.480992110144046920e-11 0.000000000000000000e+00 0.000000000000000000e+00 0.000000000000000000e+00 0.000000000000000000e+00 2.869224038050078301e-10 1.350208717820188337e-10
1.082264047773317550e+01 3.333134631733329148e-12 6.015057631360017429e-11 0.000000000000000000e+00 0.000000000000000000e+00 7.753144068887276385e-11 0.000000000000000000e+00 0.000000000000000000e+00 0.000000000000000000e+00 0.000000000000000000e+00 2.622613079748168868e-10 1.234280077653030570e-10
1.132006584517320391e+01 3.050339043283243709e-12 5.500278494014668679e-11 0.000000000000000000e+00 0.000000000000000000e+00 7.087912052362277710e-11 0.000000000000000000e+00 0.000000000000000000e+00 0.000000000000000000e+00 0.000000000000000000e+00 2.397206858202247232e-10 1.128329208905111680e-10
1.184035365516427518e+01 2.791806820609341647e-12 5.029275407007297226e-11 0.000000000000000000e+00 0.000000000000000000e+00 6.479810338975886654e-11 0.000000000000000000e+00 0.000000000000000000e+00 0.000000000000000000e+00 0.000000000000000000e+00 2.191168223073693321e-10 1.031471768370358092e-10
1.238455470107886391e+01 2.555412036183130765e-12 4.598900188356383390e-11 0.000000000000000000e+00 0.000000000000000000e+00 5.923953674798181458e-11 0.000000000000000000e+00 0.000000000000000000e+00 0.000000000000000000e+00 0.000000000000000000e+00 2.002840272333684437e-10 9.429410973079667960e-11
1.295376807238504213e+01 2.339394758272192358e-12 4.205364874823222529e-11 0.000000000000000000e+00 0.000000000000000000e+00 5.415881121838076971e-11 0.000000000000000000e+00 0.000000000000000000e+00 0.000000000000000000e+00 0.000000000000000000e+00 1.830704804358881618e-10 8.620181963850648587e-11
1.354914337441009486e+01 2.142003710844442517e-12 3.845869431754384935e-11 0.000000000000000000e+00 0.000000000000000000e+00 4.951525701346833838e-11 0.000000000000000000e+00 0.000000000000000000e+00 0.000000000000000000e+00 0.000000000000000000e+00 1.673358658676738677e-10 7.880567509973603720e-11
1.417188305012786387e+01 1.961448753694286736e-12 3.517173482497251763e-11 0.000000000000000000e+00 0.000000000000000000e+00 4.527018959175966103e-11 0.000000000000000000e+00 0.000000000000000000e+00 0.000000000000000000e+00 0.000000000000000000e+00 1.529543276967648058e-10 7.204479361989037741e-11
1.482324480865903027e+01 1.796491313348211823e-12 3.216615993324783999e-11 0.000000000000000000e+00 0.000000000000000000e+00 4.139025623352060697e-11 0.000000000000000000e+00 0.000000000000000000e+00 0.000000000000000000e+00 0.000000000000000000e+00 1.398081992750797469e-10 6.586481447029316833e-11
1.550454416538912561e+01 1.645746073788080727e-12 2.942149142015200842e-11 0.000000000000000000e+00 0.000000000000000000e+00 3.784413609192731348e-11 0.000000000000000000e+00 0.000000000000000000e+00 0.000000000000000000e+00 0.000000000000000000e+00 1.277925793758392837e-10 6.021681517598557351e-11
1.621715709883418910e+01 1.507818050074201106e-12 2.690953960539483301e-11 0.000000000000000000e+00 0.000000000000000000e+00 3.460200935319029378e-11 0.000000000000000000e+00 0.000000000000000000e+00 0.000000000000000000e+00 0.000000000000000000e+00 1.168094300583008292e-10 5.505313226044779216e-11
1.696252282962023727e+01 1.381841392956602823e-12 2.461463167428740840e-11 0.000000000000000000e+00 0.000000000000000000e+00 3.163904690600486838e-11 0.000000000000000000e+00 0.000000000000000000e+00 0.000000000000000000e+00 0.000000000000000000e+00 1.067706399647810837e-10 5.033384171557431177e-11
1.774214672718879626e+01 1.266683373176618008e-12 2.251765338981716697e-11 0.000000000000000000e+00 0.000000000000000000e+00 2.893077688052037789e-11 0.000000000000000000e+00 0.000000000000000000e+00 0.000000000000000000e+00 0.000000000000000000e+00 9.759464686142749508e-11 4.602033029570832185e-11
1.855760335009928852e+01 1.161390215227776586e-12 2.059963389029958568e-11 0.000000000000000000e+00 0.000000000000000000e+00 2.645507132893196653e-11 0.000000000000000000e+00 0.000000000000000000e+00 0.000000000000000000e+00 0.000000000000000000e+00 8.920702287513324972e-11 4.207712609738556989e-11
1.941053962606831718e+01 1.065177091075835797e-12 1.884724335127717806e-11 0.000000000000000000e+00 0.000000000000000000e+00 2.419232770592843461e-11 0.000000000000000000e+00 0.000000000000000000e+00 0.000000000000000000e+00 0.000000000000000000e+00 8.154066857299556622e-11 3.847315837204113202e-11
2.030267817816854148e+01 9.772112106000020055e-13 1.724549288156494670e-11 0.000000000000000000e+00 0.000000000000000000e+00 2.212401765062083896e-11 0.000000000000000000e+00 0.000000000000000000e+00 0.000000000000000000e+00 0.000000000000000000e+00 7.453343346495641076e-11 3.517896405102758096e-11
2.123582080390486126e+01 8.967638155138314383e-13 1.578094025762254462e-11 0.000000000000000000e+00 0.000000000000000000e+00 2.023327779215042064e-11 0.000000000000000000e+00 0.000000000000000000e+00 0.000000000000000000e+00 0.000000000000000000e+00 6.812834409162837525e-11 3.216767478306015444e-11
2.221185211419424377e+01 8.232558834205304225e-13 1.444251009864718213e-11 0.000000000000000000e+00 0.000000000000000000e+00 1.850518634469382150e-11 0.000000000000000000e+00 0.000000000000000000e+00 0.000000000000000000e+00 0.000000000000000000e+00 6.227363123497367226e-11 2.941529912893717936e-11
2.323274333959886206e+01 7.560419051941948929e-13 1.321854202487116974e-11 0.000000000000000000e+00 0.000000000000000000e+00 1.692550968559745679e-11 0.000000000000000000e+00 0.000000000000000000e+00 0.000000000000000000e+00 0.000000000000000000e+00 5.692244388820658972e-11 2.689937567201977282e-11
2.430055631149943096e+01 6.946256862511278955e-13 1.209992944627776177e-11 0.000000000000000000e+00 0.000000000000000000e+00 1.548173761524817234e-11 0.000000000000000000e+00 0.000000000000000000e+00 0.000000000000000000e+00 0.000000000000000000e+00 5.203117256730730047e-11 2.459979397555232967e-11
2.541744762624967180e+01 6.384804664347292300e-13 1.107747136198892762e-11 0.000000000000000000e+00 0.000000000000000000e+00 1.416204005265146539e-11 0.000000000000000000e+00 0.000000000000000000e+00 0.000000000000000000e+00 0.000000000000000000e+00 4.756014757428383008e-11 2.249782048756307639e-11
2.658567300072159867e+01 5.871382204127473764e-13 1.014264534417150481e-11 0.000000000000000000e+00 0.000000000000000000e+00 1.295569335196645713e-11 0.000000000000000000e+00 0.000000000000000000e+00 0.000000000000000000e+00 0.000000000000000000e+00 4.347369379678087083e-11 2.057647278238033671e-11
2.780759182803850749e+01 5.402177398425714566e-13 9.288555823581763467e-12 0.000000000000000000e+00 0.000000000000000000e+00 1.185312543035708518e-11 0.000000000000000000e+00 0.000000000000000000e+00 0.000000000000000000e+00 0.000000000000000000e+00 3.973840465742179873e-11 1.882037367737644084e-11
2.908567194269658174e+01 4.972901855686136468e-13 8.507188319445050487e-12 0.000000000000000000e+00 0.000000000000000000e+00 1.084514801416737009e-11 0.000000000000000000e+00 0.000000000000000000e+00 0.000000000000000000e+00 0.000000000000000000e+00 3.632423275100620643e-11 1.721499040254533467e-11
3.042249460469875899e+01 4.580700233263125160e-13 7.793493334106782800e-12 0.000000000000000000e+00 0.000000000000000000e+00 9.923953283474311702e-12 0.000000000000000000e+00 0.000000000000000000e+00 0.000000000000000000e+00 0.000000000000000000e+00 3.320353759513547919e-11 1.574777246440655141e-11
3.182075971276728410e+01 4.221968750019913846e-13 7.141145329684524391e-12 0.000000000000000000e+00 0.000000000000000000e+00 9.081861373722190356e-12 0.000000000000000000e+00 0.000000000000000000e+00 0.000000000000000000e+00 0.000000000000000000e+00 3.035116597201336333e-11 1.440663362536930832e-11
3.328329125716349779e+01 3.894107591978276344e-13 6.544723203181969376e-12 0.000000000000000000e+00 0.000000000000000000e+00 8.312213504630443757e-12 0.000000000000000000e+00 0.000000000000000000e+00 0.000000000000000000e+00 0.000000000000000000e+00 2.774396470836668667e-11 1.318077331028789456e-11
3.481304302312768328e+01 3.594022212245775280e-13 5.999357009736518303e-12 0.000000000000000000e+00 0.000000000000000000e+00 7.608575838010749191e-12 0.000000000000000000e+00 0.000000000000000000e+00 0.000000000000000000e+00 0.000000000000000000e+00 2.536091558119222521e-11 1.206015879386532110e-11
3.641310455645803046e+01 3.319910942335858787e-13 5.501198397689251482e-12 0.000000000000000000e+00 0.000000000000000000e+00 6.965578907499024819e-12 0.000000000000000000e+00 0.000000000000000000e+00 0.000000000000000000e+00 0.000000000000000000e+00 2.318268249621866193e-11 1.103600699953407137e-11
3.808670740327659132e+01 3.068952300141493605e-13 5.045486110774160675e-12 0.000000000000000000e+00 0.000000000000000000e+00 6.377713841686114388e-12 0.000000000000000000e+00 0.000000000000000000e+00 0.000000000000000000e+00 0.000000000000000000e+00 2.119183101388252088e-11 1.009976028492858985e-11
3.983723163658493149e+01 2.839492390440766337e-13 4.629036075034768637e-12 0.000000000000000000e+00 0.000000000000000000e+00 5.840420480295932328e-12 0.000000000000000000e+00 0.000000000000000000e+00 0.000000000000000000e+00 0.000000000000000000e+00 1.937207661250892254e-11 9.244010192353132081e-12
4.166821268279002766e+01 2.629735191698644399e-13 4.248597085489046207e-12 0.000000000000000000e+00 0.000000000000000000e+00 5.349390066540860621e-12 0.000000000000000000e+00 0.000000000000000000e+00 0.000000000000000000e+00 0.000000000000000000e+00 1.770876216139939277e-11 8.461892322524773627e-12
4.358334846198825829e+01 2.437740998297533398e-13 3.900817333130132062e-12 0.000000000000000000e+00 0.000000000000000000e+00 4.900528304888604451e-12 0.000000000000000000e+00 0.000000000000000000e+00 0.000000000000000000e+00 0.000000000000000000e+00 1.618847043274164094e-11 7.746969555932564597e-12
4.558650685642769673e+01 2.262033531666336324e-13 3.582996002783556156e-12 0.000000000000000000e+00 0.000000000000000000e+00 4.490250820576223390e-12 0.000000000000000000e+00 0.000000000000000000e+00 0.000000000000000000e+00 0.000000000000000000e+00 1.479882970606371179e-11 7.093485379077016179e-12
4.768173352223256245e+01 2.101151412291683111e-13 3.292302810249365574e-12 0.000000000000000000e+00 0.000000000000000000e+00 4.115214388827719293e-12 0.000000000000000000e+00 0.000000000000000000e+00 0.000000000000000000e+00 0.000000000000000000e+00 1.352875060128922887e-11 6.496128510601719911e-12
4.987326006016684232e+01 1.953887340340213385e-13 3.026692895141593808e-12 0.000000000000000000e+00 0.000000000000000000e+00 3.772458224701398348e-12 0.000000000000000000e+00 0.000000000000000000e+00 0.000000000000000000e+00 0.000000000000000000e+00 1.236777294491194461e-11 5.950120364009325830e-12
5.216551256193860553e+01 1.818998071459306373e-13 2.783944357106476701e-12 0.000000000000000000e+00 0.000000000000000000e+00 3.459160405830274105e-12 0.000000000000000000e+00 0.000000000000000000e+00 0.000000000000000000e+00 0.000000000000000000e+00 1.130668333853603680e-11 5.451042603542100122e-12
5.456312054930609179e+01 1.695555573065739634e-13 2.562277619873333387e-12 0.000000000000000000e+00 0.000000000000000000e+00 3.172877360105256590e-12 0.000000000000000000e+00 0.000000000000000000e+00 0.000000000000000000e+00 0.000000000000000000e+00 1.033679972529606117e-11 4.994922185408703574e-12
5.707092632403857380e+01 1.582342166030396794e-13 2.359655642708738516e-12 0.000000000000000000e+00 0.000000000000000000e+00 2.911197867264315499e-12 0.000000000000000000e+00 0.000000000000000000e+00 0.000000000000000000e+00 0.000000000000000000e+00 9.450328071325224159e-12 4.577976575293634869e-12
5.969399474761641500e+01 1.478618766538361441e-13 2.174561470020787533e-12 0.000000000000000000e+00 0.000000000000000000e+00 2.672088181801520792e-12 0.000000000000000000e+00 0.000000000000000000e+00 0.000000000000000000e+00 0.000000000000000000e+00 8.640027490273887635e-12 4.196888547677556613e-12
6.243762347042098781e+01 1.383397927284551689e-13 2.005458673808659445e-12 0.000000000000000000e+00 0.000000000000000000e+00 2.453536690507001224e-12 0.000000000000000000e+00 0.000000000000000000e+00 0.000000000000000000e+00 0.000000000000000000e+00 7.899404294742057237e-12 3.848535559188579459e-12
6.530735363107407920e+01 1.295998590943319158e-13 1.850865427452142143e-12 0.000000000000000000e+00 0.000000000000000000e+00 2.253851987165203969e-12 0.000000000000000000e+00 0.000000000000000000e+00 0.000000000000000000e+00 0.000000000000000000e+00 7.222424368951125385e-12 3.530104197482808692e-12
6.830898104753585187e+01 1.215731698823689274e-13 1.709728580458647269e-12 0.000000000000000000e+00 0.000000000000000000e+00 2.071403260844573400e-12 0.000000000000000000e+00 0.000000000000000000e+00 0.000000000000000000e+00 0.000000000000000000e+00 6.603592599396920329e-12 3.239044426046496596e-12
7.144856792256257449e+01 1.142018603427440604e-13 1.581048455542604804e-12 0.000000000000000000e+00 0.000000000000000000e+00 1.904737639622332668e-12 0.000000000000000000e+00 0.000000000000000000e+00 0.000000000000000000e+00 0.000000000000000000e+00 6.038007490766826036e-12 2.973062647554287615e-12
7.473245508716587437e+01 1.074118715813863511e-13 1.463408169711823114e-12 0.000000000000000000e+00 0.000000000000000000e+00 1.752481572821734484e-12 0.000000000000000000e+00 0.000000000000000000e+00 0.000000000000000000e+00 0.000000000000000000e+00 5.520999079426068038e-12 2.729890381716859254e-12
7.816727480680003737e+01 1.011649965001789400e-13 1.356200671330363869e-12 0.000000000000000000e+00 0.000000000000000000e+00 1.613455939802479804e-12 0.000000000000000000e+00 0.000000000000000000e+00 0.000000000000000000e+00 0.000000000000000000e+00 5.048378417547742294e-12 2.507648314232524904e-12
8.175996417614160805e+01 9.539800118758655680e-14 1.258281459640928975e-12 0.000000000000000000e+00 0.000000000000000000e+00 1.486492778766980961e-12 0.000000000000000000e+00 0.000000000000000000e+00 0.000000000000000000e+00 0.000000000000000000e+00 4.616361962203403903e-12 2.304468349728465071e-12
8.551777912951415317e+01 9.007626703091464122e-14 1.169085390543577523e-12 0.000000000000000000e+00 0.000000000000000000e+00 1.370602890674569837e-12 0.000000000000000000e+00 0.000000000000000000e+00 0.000000000000000000e+00 0.000000000000000000e+00 4.221450093486056486e-12 2.118762150887568614e-12
8.944830909525343543e+01 8.514886474742313817e-14 1.087652340565316125e-12 0.000000000000000000e+00 0.000000000000000000e+00 1.264857506800112971e-12 0.000000000000000000e+00 0.000000000000000000e+00 0.000000000000000000e+00 0.000000000000000000e+00 3.860416819604940645e-12 1.948961534416026204e-12
9.355949232361055579e+01 8.059706183585707041e-14 1.013705562272985766e-12 0.000000000000000000e+00 0.000000000000000000e+00 1.168430114883089740e-12 0.000000000000000000e+00 0.000000000000000000e+00 0.000000000000000000e+00 0.000000000000000000e+00 3.530389375395970620e-12 1.793794414201627747e-12
9.785963191914866854e+01 7.637167429676787790e-14 9.463388491388281683e-13 0.000000000000000000e+00 0.000000000000000000e+00 1.080539249315053386e-12 0.000000000000000000e+00 0.000000000000000000e+00 0.000000000000000000e+00 0.000000000000000000e+00 3.228680398208473569e-12 1.651919405286089576e-12
1.023574126100142365e+02 7.244974086292241648e-14 8.851655883564880004e-13 0.000000000000000000e+00 0.000000000000000000e+00 1.000491129402248106e-12 0.000000000000000000e+00 0.000000000000000000e+00 0.000000000000000000e+00 0.000000000000000000e+00 2.952866253972895950e-12 1.522225636950557772e-12
1.070619182879493678e+02 6.880184913787246040e-14 8.296159393931572522e-13 0.000000000000000000e+00 0.000000000000000000e+00 9.276657635636894441e-13 0.000000000000000000e+00 0.000000000000000000e+00 0.000000000000000000e+00 0.000000000000000000e+00 2.700690653323305394e-12 1.403633427665301652e-12
1.119826503544710050e+02 6.540984766708740533e-14 7.793493704998826582e-13 0.000000000000000000e+00 0.000000000000000000e+00 8.614918958687705115e-13 0.000000000000000000e+00 0.000000000000000000e+00 0.000000000000000000e+00 0.000000000000000000e+00 2.470130770948740516e-12 1.295203045932103783e-12
1.171295469102685729e+02 6.225263909101964014e-14 7.339118684811782344e-13 0.000000000000000000e+00 0.000000000000000000e+00 8.014701495698421532e-13 0.000000000000000000e+00 0.000000000000000000e+00 0.000000000000000000e+00 0.000000000000000000e+00 2.259321343728163197e-12 1.196038699684226707e-12
1.225130028265763826e+02 5.931876353440487947e-14 6.930314559788505173e-13 0.000000000000000000e+00 0.000000000000000000e+00 7.471476361563475347e-13 0.000000000000000000e+00 0.000000000000000000e+00 0.000000000000000000e+00 0.000000000000000000e+00 2.066582442362946817e-12 1.105353304410288138e-12
1.281438907390569000e+02 5.659738886197347109e-14 6.563870370974418309e-13 0.000000000000000000e+00 0.000000000000000000e+00 6.981243654689229271e-13 0.000000000000000000e+00 0.000000000000000000e+00 0.000000000000000000e+00 0.000000000000000000e+00 1.890354723286198314e-12 1.022402329764911208e-12
1.340335830065968139e+02 5.408513214657567524e-14 6.237376124366721761e-13 0.000000000000000000e+00 0.000000000000000000e+00 6.540587688930830993e-13 0.000000000000000000e+00 0.000000000000000000e+00 0.000000000000000000e+00 0.000000000000000000e+00 1.729217296332510611e-12 9.465119199847676694e-13
1.401939746793620145e+02 5.177383586446578925e-14 5.947520833075869897e-13 0.000000000000000000e+00 0.000000000000000000e+00 6.146572662680299982e-13 0.000000000000000000e+00 0.000000000000000000e+00 0.000000000000000000e+00 0.000000000000000000e+00 1.581884828512910731e-12 8.770379724575208503e-13
1.466375075225009539e+02 4.967483287733076498e-14 5.693561212406550521e-13 0.000000000000000000e+00 0.000000000000000000e+00 5.796735809444133498e-13 0.000000000000000000e+00 0.000000000000000000e+00 0.000000000000000000e+00 0.000000000000000000e+00 1.447179599573085210e-12 8.134351912387473813e-13
1.533771951440145926e+02 4.780113464965190223e-14 5.474108251113704573e-13 0.000000000000000000e+00 0.000000000000000000e+00 5.489224711167542294e-13 0.000000000000000000e+00 0.000000000000000000e+00 0.000000000000000000e+00 0.000000000000000000e+00 1.324009455197648969e-12 7.551747548676744883e-13
1.604266492775414576e+02 4.617222824070983281e-14 5.288200595951933145e-13 0.000000000000000000e+00 0.000000000000000000e+00 5.222746944057294960e-13 0.000000000000000000e+00 0.000000000000000000e+00 0.000000000000000000e+00 0.000000000000000000e+00 1.211390255395177800e-12 7.017748683284866838e-13
1.678001072731420891e+02 4.481419098815911893e-14 5.135450524511208751e-13 0.000000000000000000e+00 0.000000000000000000e+00 4.996622238058886366e-13 0.000000000000000000e+00 0.000000000000000000e+00 0.000000000000000000e+00 0.000000000000000000e+00 1.108431643179336752e-12 6.527938563666398303e-13
1.755124608516008209e+02 4.376596979521144305e-14 5.016358445376452718e-13 0.000000000000000000e+00 0.000000000000000000e+00 4.810995366026980342e-13 0.000000000000000000e+00 0.000000000000000000e+00 0.000000000000000000e+00 0.000000000000000000e+00 1.014302693573356923e-12 6.078271863739841728e-13
1.835792861803209632e+02 4.306524884169360550e-14 4.930964588025556398e-13 0.000000000000000000e+00 0.000000000000000000e+00 4.666778751415719536e-13 0.000000000000000000e+00 0.000000000000000000e+00 0.000000000000000000e+00 0.000000000000000000e+00 9.282602247993205040e-13 5.664849539854374305e-13
1.920168753315547576e+02 4.275833491715515522e-14 4.880335076025132009e-13 0.000000000000000000e+00 0.000000000000000000e+00 4.565923745456538163e-13 0.000000000000000000e+00 0.000000000000000000e+00 0.000000000000000000e+00 0.000000000000000000e+00 8.496240525763907207e-13 5.284097941540711147e-13
2.008422691865014258e+02 4.290502326479392683e-14 4.866992153485126464e-13 0.000000000000000000e+00 0.000000000000000000e+00 4.511793870874236280e-13 0.000000000000000000e+00 0.000000000000000000e+00 0.000000000000000000e+00 0.000000000000000000e+00 7.777716636081167529e-13 4.932889601630954364e-13
2.100732918517307724e+02 4.355410209233077423e-14 4.893080052129346484e-13 0.000000000000000000e+00 0.000000000000000000e+00 4.509043751966564638e-13 0.000000000000000000e+00 0.000000000000000000e+00 0.000000000000000000e+00 0.000000000000000000e+00 7.121310155628019113e-13 4.608053035709089629e-13
2.197285866574368924e+02 4.474452735252900074e-14 4.960855017138777253e-13 0.000000000000000000e+00 0.000000000000000000e+00 4.564333280108970459e-13 0.000000000000000000e+00 0.000000000000000000e+00 0.000000000000000000e+00 0.000000000000000000e+00 6.521891950589279052e-13 4.306596483863021484e-13
2.298276538102291227e+02 4.651168749828830862e-14 5.074219400057084770e-13 0.000000000000000000e+00 0.000000000000000000e+00 4.686299665437387362e-13 0.000000000000000000e+00 0.000000000000000000e+00 0.000000000000000000e+00 0.000000000000000000e+00 5.974736185101231220e-13 4.026003400748873462e-13
2.403908897765019788e+02 4.885140035996707778e-14 5.235794049915347035e-13 0.000000000000000000e+00 0.000000000000000000e+00 4.885673049894163963e-13 0.000000000000000000e+00 0.000000000000000000e+00 0.000000000000000000e+00 0.000000000000000000e+00 5.475432141234077308e-13 3.763710674220770428e-13
2.514396284759284868e+02 5.169420763286749040e-14 5.445236007146379487e-13 0.000000000000000000e+00 0.000000000000000000e+00 5.174274126924334602e-13 0.000000000000000000e+00 0.000000000000000000e+00 0.000000000000000000e+00 0.000000000000000000e+00 5.020023192098049913e-13 3.517154728935763941e-13
2.629961843682681319e+02 5.491493912051912436e-14 5.699379551131365012e-13 0.000000000000000000e+00 0.000000000000000000e+00 5.563037877113393229e-13 0.000000000000000000e+00 0.000000000000000000e+00 0.000000000000000000e+00 0.000000000000000000e+00 4.604863490167435760e-13 3.284274984128948250e-13
2.750838975205127213e+02 5.829826623819437753e-14 5.987146039805458920e-13 0.000000000000000000e+00 0.000000000000000000e+00 6.056717027046322621e-13 0.000000000000000000e+00 0.000000000000000000e+00 0.000000000000000000e+00 0.000000000000000000e+00 4.226546412039031135e-13 3.063204638961750185e-13
2.877271807453877273e+02 6.151949237906022612e-14 6.283683459528352154e-13 0.000000000000000000e+00 0.000000000000000000e+00 6.644226925829276731e-13 0.000000000000000000e+00 0.000000000000000000e+00 0.000000000000000000e+00 0.000000000000000000e+00 3.882062312950136040e-13 2.852375780257014404e-13
3.009515689064119783e+02 6.419370878981657900e-14 6.548310932207090909e-13 0.000000000000000000e+00 0.000000000000000000e+00 7.285917966046277123e-13 0.000000000000000000e+00 0.000000000000000000e+00 0.000000000000000000e+00 0.000000000000000000e+00 3.568467871929596368e-13 2.650848653957770129e-13
3.147837704890961845e+02 6.588550282724577823e-14 6.721107020627324286e-13 0.000000000000000000e+00 0.000000000000000000e+00 7.900326549733949907e-13 0.000000000000000000e+00 0.000000000000000000e+00 0.000000000000000000e+00 0.000000000000000000e+00 3.283060946108521832e-13 2.458136070449218827e-13
3.292517215424319375e+02 6.621053045044907663e-14 6.735142427909406768e-13 0.000000000000000000e+00 0.000000000000000000e+00 8.366137056859248461e-13 0.000000000000000000e+00 0.000000000000000000e+00 0.000000000000000000e+00 0.000000000000000000e+00 3.023294302566102671e-13 2.274436187468520861e-13
3.443846420996163147e+02 6.492482501544315606e-14 6.540953085940108696e-13 0.000000000000000000e+00 0.000000000000000000e+00 8.553702999555964872e-13 0.000000000000000000e+00 0.000000000000000000e+00 0.000000000000000000e+00 0.000000000000000000e+00 2.786727605669053055e-13 2.100348612863957792e-13
3.602130951919605764e+02 6.201570176486541757e-14 6.135835372944344289e-13 0.000000000000000000e+00 0.000000000000000000e+00 8.382628333990380750e-13 0.000000000000000000e+00 0.000000000000000000e+00 0.000000000000000000e+00 0.000000000000000000e+00 2.570989690095556805e-13 1.936545302398725252e-13
3.767690485751684264e+02 5.771519580116326644e-14 5.572732734983014392e-13 0.000000000000000000e+00 0.000000000000000000e+00 7.867490691356383493e-13 0.000000000000000000e+00 0.000000000000000000e+00 0.000000000000000000e+00 0.000000000000000000e+00 2.373778449002220679e-13 1.783330586454772196e-13
3.940859392926529949e+02 5.244968861588660389e-14 4.938386393940537360e-13 0.000000000000000000e+00 0.000000000000000000e+00 7.110371640756383546e-13 0.000000000000000000e+00 0.000000000000000000e+00 0.000000000000000000e+00 0.000000000000000000e+00 2.192926006787494575e-13 1.640621618465412212e-13
4.121987412062810563e+02 4.670674643663673509e-14 4.315476646158112581e-13 0.000000000000000000e+00 0.000000000000000000e+00 6.247960071814309568e-13 0.000000000000000000e+00 0.000000000000000000e+00 0.000000000000000000e+00 0.000000000000000000e+00 2.026556571417042682e-13 1.508031119209017311e-13
4.311440356309365143e+02 4.097673174280763567e-14 3.761818416719833836e-13 0.000000000000000000e+00 0.000000000000000000e+00 5.399272756594907911e-13 0.000000000000000000e+00 0.000000000000000000e+00 0.000000000000000000e+00 0.000000000000000000e+00 1.873240167424193005e-13 1.385467189401038908e-13
4.509600852155584789e+02 3.564403544220398833e-14 3.304291113686638839e-13 0.000000000000000000e+00 0.000000000000000000e+00 4.640610156566616954e-13 0.000000000000000000e+00 0.000000000000000000e+00 0.000000000000000000e+00 0.000000000000000000e+00 1.732026088133614548e-13 1.272950967385873649e-13
4.716869112198643279e+02 3.097272077035429359e-14 2.947679551037433485e-13 0.000000000000000000e+00 0.000000000000000000e+00 4.008463153835075354e-13 0.000000000000000000e+00 0.000000000000000000e+00 0.000000000000000000e+00 0.000000000000000000e+00 1.602294231476447711e-13 1.170556159668312789e-13
4.933663743428353428e+02 2.711711580745742154e-14 2.684669104101941700e-13 0.000000000000000000e+00 0.000000000000000000e+00 3.513012630155298652e-13 0.000000000000000000e+00 0.000000000000000000e+00 0.000000000000000000e+00 0.000000000000000000e+00 1.483537764680727721e-13 1.078216774404935769e-13
5.160422592662009720e+02 2.415018315405673310e-14 2.503419360103899685e-13 0.000000000000000000e+00 0.000000000000000000e+00 3.150896031527203919e-13 0.000000000000000000e+00 0.000000000000000000e+00 0.000000000000000000e+00 0.000000000000000000e+00 1.375229428811080696e-13 9.956309648162760786e-14
5.397603630836752018e+02 2.206412084465772738e-14 2.389536503519217736e-13 0.000000000000000000e+00 0.000000000000000000e+00 2.912735110376021696e-13 0.000000000000000000e+00 0.000000000000000000e+00 0.000000000000000000e+00 0.000000000000000000e+00 1.276814138727525229e-13 9.220558990952299743e-14
5.645685877945354605e+02 2.078245703502327871e-14 2.327478141098263462e-13 0.000000000000000000e+00 0.000000000000000000e+00 2.785631210339364566e-13 0.000000000000000000e+00 0.000000000000000000e+00 0.000000000000000000e+00 0.000000000000000000e+00 1.187715723201797870e-13 8.564553129484161933e-14
5.905170370483549505e+02 2.012713883587293466e-14 2.297077464720106207e-13 0.000000000000000000e+00 0.000000000000000000e+00 2.749888478819990586e-13 0.000000000000000000e+00 0.000000000000000000e+00 0.000000000000000000e+00 0.000000000000000000e+00 1.107251882978115709e-13 7.974405601236211762e-14
6.176581173362676509e+02 1.981329376272317295e-14 2.271190117427977929e-13 0.000000000000000000e+00 0.000000000000000000e+00 2.771671107382580880e-13 0.000000000000000000e+00 0.000000000000000000e+00 0.000000000000000000e+00 0.000000000000000000e+00 1.034541645052851992e-13 7.435371270333343324e-14
6.460466438331450263e+02 1.947348703260131594e-14 2.215927587745401022e-13 0.000000000000000000e+00 0.000000000000000000e+00 2.795951427160930622e-13 0.000000000000000000e+00 0.000000000000000000e+00 0.000000000000000000e+00 0.000000000000000000e+00 9.684931236832416393e-14 6.934191004364601521e-14
6.757399511044415021e+02 1.875302418559423591e-14 2.101472426457479029e-13 0.000000000000000000e+00 0.000000000000000000e+00 2.754620319481654088e-13 0.000000000000000000e+00 0.000000000000000000e+00 0.000000000000000000e+00 0.000000000000000000e+00 9.079013574551513616e-14 6.461604126408894026e-14
7.067980089012974076e+02 1.745812021394221379e-14 1.922350737698036858e-13 0.000000000000000000e+00 0.000000000000000000e+00 2.600260813346876269e-13 0.000000000000000000e+00 0.000000000000000000e+00 0.000000000000000000e+00 0.000000000000000000e+00 8.517467183088447528e-14 6.013341382393669277e-14
7.392835432777699225e+02 1.564182276968941769e-14 1.706224171058946652e-13 0.000000000000000000e+00 0.000000000000000000e+00 2.340939868186428323e-13 0.000000000000000000e+00 0.000000000000000000e+00 0.000000000000000000e+00 0.000000000000000000e+00 7.995495535748039751e-14 5.587573200682998543e-14
7.732621632747939202e+02 1.358314236453448730e-14 1.496439989931875484e-13 0.000000000000000000e+00 0.000000000000000000e+00 2.033688598308309615e-13 0.000000000000000000e+00 0.000000000000000000e+00 0.000000000000000000e+00 0.000000000000000000e+00 7.513705559184603926e-14 5.185711056133750632e-14
8.088024934267380104e+02 1.165441821233034805e-14 1.325286372866811189e-13 0.000000000000000000e+00 0.000000000000000000e+00 1.744559576486003361e-13 0.000000000000000000e+00 0.000000000000000000e+00 0.000000000000000000e+00 0.000000000000000000e+00 7.074153793034380699e-14 4.813964888320943701e-14
8.459763123581672062e+02 1.015068690910928201e-14 1.202721245690135728e-13 0.000000000000000000e+00 0.000000000000000000e+00 1.518686615627954282e-13 0.000000000000000000e+00 0.000000000000000000e+00 0.000000000000000000e+00 0.000000000000000000e+00 6.677796969879810726e-14 4.478810433784881556e-14
8.848586977507249003e+02 9.203959980764229293e-15 1.122669168524205619e-13 0.000000000000000000e+00 0.000000000000000000e+00 1.374973258523829544e-13 0.000000000000000000e+00 0.000000000000000000e+00 0.000000000000000000e+00 0.000000000000000000e+00 6.324909301311437817e-14 4.182674802477039204e-14
9.255281779729251639e+02 8.736233709592047374e-15 1.069166352511574533e-13 0.000000000000000000e+00 0.000000000000000000e+00 1.306466626899177663e-13 0.000000000000000000e+00 0.000000000000000000e+00 0.000000000000000000e+00 0.000000000000000000e+00 6.012797060240996159e-14 3.920174997964082537e-14
9.680668906790783694e+02 8.468338113918337009e-15 1.018178834651675449e-13 0.000000000000000000e+00 0.000000000000000000e+00 1.277951855301033181e-13 0.000000000000000000e+00 0.000000000000000000e+00 0.000000000000000000e+00 0.000000000000000000e+00 5.733455616055077051e-14 3.679047987129487163e-14
1.012560748697673489e+03 8.048752811912176717e-15 9.446221209245439861e-14 0.000000000000000000e+00 0.000000000000000000e+00 1.233312419208113975e-13 0.000000000000000000e+00 0.000000000000000000e+00 0.000000000000000000e+00 0.000000000000000000e+00 5.475850874244702627e-14 3.447922383296009435e-14
1.059099613544248314e+03 7.273878686605010104e-15 8.433860935336335238e-14 0.000000000000000000e+00 0.000000000000000000e+00 1.131770241114010403e-13 0.000000000000000000e+00 0.000000000000000000e+00 0.000000000000000000e+00 0.000000000000000000e+00 5.231989811280864062e-14 3.221394362597265124e-14
1.107777476909176357e+03 6.256512415294301061e-15 7.386850711083546431e-14 0.000000000000000000e+00 0.000000000000000000e+00 9.852201466259437384e-14 0.000000000000000000e+00 0.000000000000000000e+00 0.000000000000000000e+00 0.000000000000000000e+00 5.002222036687383305e-14 3.001869383966012359e-14
1.158692650486922503e+03 5.331906407563775217e-15 6.558228141848510241e-14 0.000000000000000000e+00 0.000000000000000000e+00 8.409206543245460716e-14 0.000000000000000000e+00 0.000000000000000000e+00 0.000000000000000000e+00 0.000000000000000000e+00 4.792008606314569917e-14 2.798391918848939201e-14
1.211947964530139416e+03 4.769606120171757620e-15 6.002726808232595049e-14 0.000000000000000000e+00 0.000000000000000000e+00 7.421126457027975966e-14 0.000000000000000000e+00 0.000000000000000000e+00 0.000000000000000000e+00 0.000000000000000000e+00 4.606033468373976030e-14 2.619673251894498012e-14
1.267650975529620837e+03 4.548167035407021114e-15 5.632483768924749454e-14 0.000000000000000000e+00 0.000000000000000000e+00 7.016620243873469362e-14 0.000000000000000000e+00 0.000000000000000000e+00 0.000000000000000000e+00 0.000000000000000000e+00 4.443778875953337147e-14 2.463119987704622393e-14
1.325914183439544558e+03 4.366386990696341808e-15 5.261483338219575967e-14 0.000000000000000000e+00 0.000000000000000000e+00 6.851663853825156600e-14 0.000000000000000000e+00 0.000000000000000000e+00 0.000000000000000000e+00 0.000000000000000000e+00 4.297684376933005094e-14 2.314938985649174040e-14
1.386855258886734646e+03 3.931789296307670333e-15 4.716980633062687095e-14 0.000000000000000000e+00 0.000000000000000000e+00 6.371898227686435269e-14 0.000000000000000000e+00 0.000000000000000000e+00 0.000000000000000000e+00 0.000000000000000000e+00 4.160969461601018159e-14 2.165323006352020996e-14
1.450597280822804123e+03 3.293409297733288784e-15 4.110749736783541812e-14 0.000000000000000000e+00 0.000000000000000000e+00 5.489568294359728393e-14 0.000000000000000000e+00 0.000000000000000000e+00 0.000000000000000000e+00 0.000000000000000000e+00 4.033177903797677862e-14 2.015631876283777835e-14
1.517268985099163046e+03 2.789900859064991644e-15 3.648443890066971636e-14 0.000000000000000000e+00 0.000000000000000000e+00 4.651116962465584097e-14 0.000000000000000000e+00 0.000000000000000000e+00 0.000000000000000000e+00 0.000000000000000000e+00 3.917226006858410553e-14 1.877835441944131246e-14
1.587005024466923487e+03 2.585229863016513411e-15 3.349490470079242178e-14 0.000000000000000000e+00 0.000000000000000000e+00 4.260976778711140609e-14 0.000000000000000000e+00 0.000000000000000000e+00 0.000000000000000000e+00 0.000000000000000000e+00 3.814366669203927784e-14 1.757204145414337318e-14
1.659946240526792508e+03 2.461677241948764018e-15 3.085738947873533328e-14 0.000000000000000000e+00 0.000000000000000000e+00 4.125064357782136995e-14 0.000000000000000000e+00 0.000000000000000000e+00 0.000000000000000000e+00 0.000000000000000000e+00 3.720357521965428194e-14 1.642656323651339202e-14
1.736239948178224040e+03 2.160860134484533976e-15 2.712280712156910900e-14 0.000000000000000000e+00 0.000000000000000000e+00 3.747621874202803282e-14 0.000000000000000000e+00 0.000000000000000000e+00 0.000000000000000000e+00 0.000000000000000000e+00 3.630508473677908427e-14 1.524695133069184318e-14
1.816040233142276520e+03 1.799140911210369913e-15 2.371847164596728421e-14 0.000000000000000000e+00 0.000000000000000000e+00 3.155123558772567803e-14 0.000000000000000000e+00 0.000000000000000000e+00 0.000000000000000000e+00 0.000000000000000000e+00 3.543574044877766962e-14 1.411676372265042865e-14
1.899508263159094213e+03 1.639099680758866253e-15 2.154337580889021646e-14 0.000000000000000000e+00 0.000000000000000000e+00 2.785836505585959255e-14 0.000000000000000000e+00 0.000000000000000000e+00 0.000000000000000000e+00 0.000000000000000000e+00 3.459803241925905432e-14 1.317703015402758638e-14
1.986812613488506258e+03 1.561650186301606107e-15 2.000857554275808711e-14 0.000000000000000000e+00 0.000000000000000000e+00 2.727535517203620778e-14 0.000000000000000000e+00 0.000000000000000000e+00 0.000000000000000000e+00 0.000000000000000000e+00 3.381526148646609335e-14 1.232889314392231747e-14
2.078129607371129623e+03 1.332041668297367135e-15 1.762457539897714221e-14 0.000000000000000000e+00 0.000000000000000000e+00 2.459184755973145704e-14 0.000000000000000000e+00 0.000000000000000000e+00 0.000000000000000000e+00 0.000000000000000000e+00 3.309408309824796614e-14 1.142627832371417277e-14
2.173643672137613066e+03 1.099665059497287227e-15 1.556583448071622174e-14 0.000000000000000000e+00 0.000000000000000000e+00 2.051654952303528763e-14 0.000000000000000000e+00 0.000000000000000000e+00 0.000000000000000000e+00 0.000000000000000000e+00 3.240280789925078610e-14 1.058399206230649978e-14
2.273547711685196191e+03 1.022956613067037537e-15 1.429951926717538514e-14 0.000000000000000000e+00 0.000000000000000000e+00 1.895277563916883356e-14 0.000000000000000000e+00 0.000000000000000000e+00 0.000000000000000000e+00 0.000000000000000000e+00 3.171968588515499387e-14 9.892357976349976137e-15
2.378043496073878487e+03 9.197514847763736467e-16 1.284383810193358684e-14 0.000000000000000000e+00 0.000000000000000000e+00 1.779177280129834384e-14 0.000000000000000000e+00 0.000000000000000000e+00 0.000000000000000000e+00 0.000000000000000000e+00 3.115391595178644368e-14 9.186197732741651043e-15
2.487342069029033155e+03 8.112514995711416307e-16 1.158173163579663538e-14 0.000000000000000000e+00 0.000000000000000000e+00 1.560122293536970063e-14 0.000000000000000000e+00 0.000000000000000000e+00 0.000000000000000000e+00 0.000000000000000000e+00 3.075609100627693763e-14 8.579879044146332862e-15
2.601664174173464289e+03 7.621247788954844638e-16 1.104406784286431372e-14 0.000000000000000000e+00 0.000000000000000000e+00 1.462857449368299214e-14 0.000000000000000000e+00 0.000000000000000000e+00 0.000000000000000000e+00 0.000000000000000000e+00 3.041756720164030123e-14 8.223528621732747955e-15
2.721240700849774839e+03 6.165995998906349607e-16 1.019849893185475137e-14 0.000000000000000000e+00 0.000000000000000000e+00 1.309310952778096855e-14 0.000000000000000000e+00 0.000000000000000000e+00 0.000000000000000000e+00 0.000000000000000000e+00 3.030863648449898579e-14 7.829600114665964779e-15
2.846313150433396004e+03 5.265939479128911022e-16 9.708702893477985613e-15 0.000000000000000000e+00 0.000000000000000000e+00 1.170959995256316134e-14 0.000000000000000000e+00 0.000000000000000000e+00 0.000000000000000000e+00 0.000000000000000000e+00 3.048494964970362511e-14 7.540175227871270144e-15
2.977134124078108471e+03 3.578829461246241882e-16 9.358034243926786644e-15 0.000000000000000000e+00 0.000000000000000000e+00 9.616378616814748215e-15 0.000000000000000000e+00 0.000000000000000000e+00 0.000000000000000000e+00 0.000000000000000000e+00 3.079046864469543719e-14 7.362556554494158031e-15
3.113967832879082835e+03 3.690421885237575300e-16 8.959228530531992518e-15 0.000000000000000000e+00 0.000000000000000000e+00 9.611850123672795326e-15 0.000000000000000000e+00 0.000000000000000000e+00 0.000000000000000000e+00 0.000000000000000000e+00 3.168495975840897531e-14 7.271437696925720799e-15
3.257090631483838933e+03 1.311546662910583309e-16 9.851278969431439938e-15 0.000000000000000000e+00 0.000000000000000000e+00 8.020434348872351000e-15 0.000000000000000000e+00 0.000000000000000000e+00 0.000000000000000000e+00 0.000000000000000000e+00 3.267930123792747200e-14 7.874283774992389012e-15
3.406791576228762096e+03 -5.990271735354922616e-16 1.104919416679208532e-14 0.000000000000000000e+00 0.000000000000000000e+00 5.697021128509117006e-15 0.000000000000000000e+00 0.000000000000000000e+00 0.000000000000000000e+00 0.000000000000000000e+00 3.376500805452453888e-14 8.398673905853642700e-15
3.563373008928456329e+03 -7.088002518678559319e-16 1.153078847442445185e-14 0.000000000000000000e+00 0.000000000000000000e+00 3.850885448426776052e-15 0.000000000000000000e+00 0.000000000000000000e+00 0.000000000000000000e+00 0.000000000000000000e+00 3.443165280142418778e-14 8.912008282837085932e-15
3.727151167496963808e+03 -3.672527753145241137e-16 1.236473301373876870e-14 0.000000000000000000e+00 0.000000000000000000e+00 3.943690037274160548e-15 0.000000000000000000e+00 0.000000000000000000e+00 0.000000000000000000e+00 0.000000000000000000e+00 3.449451651062031852e-14 9.127252107144724827e-15
3.898456824634066379e+03 -1.918430341520137709e-16 1.331502345505887834e-14 0.000000000000000000e+00 0.000000000000000000e+00 6.348918119580762410e-15 0.000000000000000000e+00 0.000000000000000000e+00 0.000000000000000000e+00 0.000000000000000000e+00 3.379249835028389552e-14 9.490111261903642523e-15
4.077635955866634504e+03 -1.261695930080989849e-16 9.037930173924277404e-15 0.000000000000000000e+00 0.000000000000000000e+00 4.664848804162069066e-15 0.000000000000000000e+00 0.000000000000000000e+00 0.000000000000000000e+00 0.000000000000000000e+00 3.307224504872041973e-14 7.292106227237420911e-15
4.265050438294165360e+03 -3.063868236561279952e-17 8.312676553025662438e-15 0.000000000000000000e+00 0.000000000000000000e+00 6.182339187727194250e-15 0.000000000000000000e+00 0.000000000000000000e+00 0.000000000000000000e+00 0.000000000000000000e+00 3.290543405738273660e-14 7.009120482037402599e-15
4.461078781449758935e+03 2.183222503417476144e-16 8.331654452750716555e-15 0.000000000000000000e+00 0.000000000000000000e+00 8.184858396771995901e-15 0.000000000000000000e+00 0.000000000000000000e+00 0.000000000000000000e+00 0.000000000000000000e+00 3.441086542978204623e-14 7.171789188292203582e-15
4.666116891752612901e+03 3.331882147189927794e-16 1.011781307227478895e-14 0.000000000000000000e+00 0.000000000000000000e+00 1.148289812110987447e-14 0.000000000000000000e+00 0.000000000000000000e+00 0.000000000000000000e+00 0.000000000000000000e+00 3.871758464741624295e-14 7.963587375374068548e-15
4.880578872095905353e+03 4.730189975792390327e-16 1.230036947277836340e-14 0.000000000000000000e+00 0.000000000000000000e+00 1.461878406327180665e-14 0.000000000000000000e+00 0.000000000000000000e+00 0.000000000000000000e+00 0.000000000000000000e+00 4.723085965234444347e-14 1.049314896556478172e-14
5.104897858185037876e+03 9.805876632597271397e-16 1.800184038403311665e-14 0.000000000000000000e+00 0.000000000000000000e+00 2.765509187242662839e-14 0.000000000000000000e+00 0.000000000000000000e+00 0.000000000000000000e+00 0.000000000000000000e+00 6.295331126115597740e-14 1.365650413452340592e-14
5.339526893315228335e+03 1.542481627094447667e-15 2.226098227439730265e-14 0.000000000000000000e+00 0.000000000000000000e+00 3.033400025220653805e-14 0.000000000000000000e+00 0.000000000000000000e+00 0.000000000000000000e+00 0.000000000000000000e+00 9.046511223292644328e-14 1.939962950704929747e-14
5.584939843355264202e+03 2.534363137719266112e-15 3.868191644200431362e-14 0.000000000000000000e+00 0.000000000000000000e+00 5.784886548622354145e-14 0.000000000000000000e+00 0.000000000000000000e+00 0.000000000000000000e+00 0.000000000000000000e+00 1.428910688985977626e-13 3.051195647061109933e-14
5.841632353785339546e+03 4.304925076171354730e-15 6.066889157274402835e-14 0.000000000000000000e+00 0.000000000000000000e+00 9.976330894295397147e-14 0.000000000000000000e+00 0.000000000000000000e+00 0.000000000000000000e+00 0.000000000000000000e+00 2.422922475583523672e-13 4.795520385530127349e-14
6.110122850721796567e+03 7.436494244469155278e-15 9.511915602978842589e-14 0.000000000000000000e+00 0.000000000000000000e+00 1.634643568072449646e-13 0.000000000000000000e+00 0.000000000000000000e+00 0.000000000000000000e+00 0.000000000000000000e+00 4.456556724445358308e-13 8.162737914029911406e-14
6.390953587950587462e+03 1.508401056827559999e-14 1.738291092981813998e-13 0.000000000000000000e+00 0.000000000000000000e+00 3.356098293423034277e-13 0.000000000000000000e+00 0.000000000000000000e+00 0.000000000000000000e+00 0.000000000000000000e+00 8.997340046535291338e-13 1.475977685017997433e-13
6.684691742083958161e+03 2.654501820468165469e-14 3.202677851396515247e-13 0.000000000000000000e+00 0.000000000000000000e+00 6.937312551587939096e-13 0.000000000000000000e+00 0.000000000000000000e+00 0.000000000000000000e+00 0.000000000000000000e+00 1.970302627172031387e-12 2.774192347820083595e-13
6.991930558052270499e+03 5.100415965315174952e-14 6.203884421150137594e-13 0.000000000000000000e+00 0.000000000000000000e+00 1.613456893601867520e-12 0.000000000000000000e+00 0.000000000000000000e+00 0.000000000000000000e+00 0.000000000000000000e+00 5.164845227138195866e-12 5.703891547970780281e-13
7.313290547244365371e+03 1.042886899220284696e-13 1.354214399717467392e-12 0.000000000000000000e+00 0.000000000000000000e+00 4.378627788127790734e-12 0.000000000000000000e+00 0.000000000000000000e+00 0.000000000000000000e+00 0.000000000000000000e+00 1.738656942297108789e-11 1.327262287841903321e-12
7.649420740716394903e+03 3.062368302317374389e-13 4.237176997521971469e-12 0.000000000000000000e+00 0.000000000000000000e+00 1.790279210802021427e-11 0.000000000000000000e+00 0.000000000000000000e+00 0.000000000000000000e+00 0.000000000000000000e+00 1.226272608484606245e-10 4.526036138070363005e-12
8.000999999999998181e+03 0.000000000000000000e+00 0.000000000000000000e+00 0.000000000000000000e+00 0.000000000000000000e+00 0.000000000000000000e+00 0.000000000000000000e+00 0.000000000000000000e+00 0.000000000000000000e+00 0.000000000000000000e+00 0.000000000000000000e+00 0.000000000000000000e+00
