1.000000000000000000e+00 -6.530054775197487798e-09 1.252959318447521922e-08 2.595955644432550518e-08 0.000000000000000000e+00 0.000000000000000000e+00 0.000000000000000000e+00 0.000000000000000000e+00 0.000000000000000000e+00 0.000000000000000000e+00 0.000000000000000000e+00 9.469644058037844990e-08
1.042343452601165010e+00 -6.012171805978207671e-09 1.156248329459516691e-08 2.391301564290827586e-08 0.000000000000000000e+00 0.000000000000000000e+00 0.000000000000000000e+00 0.000000000000000000e+00 0.000000000000000000e+00 0.000000000000000000e+00 0.000000000000000000e+00 8.718263634844604487e-08
1.086479873180516975e+00 -5.534147191368262670e-09 1.065143807683579749e-08 2.201584078513947095e-08 0.000000000000000000e+00 0.000000000000000000e+00 0.000000000000000000e+00 0.000000000000000000e+00 0.000000000000000000e+00 0.000000000000000000e+00 0.000000000000000000e+00 8.025101803350103404e-08
1.132485182192656037e+00 -5.094012649151223239e-09 9.810674115348122501e-09 2.026825532836485392e-08 0.000000000000000000e+00 0.000000000000000000e+00 0.000000000000000000e+00 0.000000000000000000e+00 0.000000000000000000e+00 0.000000000000000000e+00 0.000000000000000000e+00 7.386949276912467912e-08
1.180438514826352314e+00 -4.688772242462035453e-09 9.034780650424351823e-09 1.865844914895302836e-08 0.000000000000000000e+00 0.000000000000000000e+00 0.000000000000000000e+00 0.000000000000000000e+00 0.000000000000000000e+00 0.000000000000000000e+00 0.000000000000000000e+00 6.799432944366592721e-08
1.230422357127491484e+00 -4.315518318941396964e-09 8.315760223153413483e-09 1.717341751848878377e-08 0.000000000000000000e+00 0.000000000000000000e+00 0.000000000000000000e+00 0.000000000000000000e+00 0.000000000000000000e+00 0.000000000000000000e+00 0.000000000000000000e+00 6.258276747321030893e-08
1.282522687885933044e+00 -3.972119939046123723e-09 7.656879160343849585e-09 1.580862556381953947e-08 0.000000000000000000e+00 0.000000000000000000e+00 0.000000000000000000e+00 0.000000000000000000e+00 0.000000000000000000e+00 0.000000000000000000e+00 0.000000000000000000e+00 5.760435222670395174e-08
1.336829126530349798e+00 -3.655911770323851414e-09 7.047530851141098782e-09 1.455038594922857073e-08 0.000000000000000000e+00 0.000000000000000000e+00 0.000000000000000000e+00 0.000000000000000000e+00 0.000000000000000000e+00 0.000000000000000000e+00 0.000000000000000000e+00 5.301965590095331784e-08
1.393435087285444407e+00 -3.364939164768698863e-09 6.488230087711986815e-09 1.339344126648168331e-08 0.000000000000000000e+00 0.000000000000000000e+00 0.000000000000000000e+00 0.000000000000000000e+00 0.000000000000000000e+00 0.000000000000000000e+00 0.000000000000000000e+00 4.880122813291008505e-08
1.452437939856715765e+00 -3.097064239520408458e-09 5.971896243609587711e-09 1.232741027345880847e-08 0.000000000000000000e+00 0.000000000000000000e+00 0.000000000000000000e+00 0.000000000000000000e+00 0.000000000000000000e+00 0.000000000000000000e+00 0.000000000000000000e+00 4.491711194312418648e-08
1.513939176919172347e+00 -2.850513354287825686e-09 5.496654298841936558e-09 1.134621496962979931e-08 0.000000000000000000e+00 0.000000000000000000e+00 0.000000000000000000e+00 0.000000000000000000e+00 0.000000000000000000e+00 0.000000000000000000e+00 0.000000000000000000e+00 4.134209062568431501e-08
1.578044588698096051e+00 -2.623607355292342695e-09 5.059880512948550747e-09 1.044365160805284367e-08 0.000000000000000000e+00 0.000000000000000000e+00 0.000000000000000000e+00 0.000000000000000000e+00 0.000000000000000000e+00 0.000000000000000000e+00 0.000000000000000000e+00 3.805226080313402782e-08
1.644864444942158777e+00 -2.414745580934473297e-09 4.657223257249176769e-09 9.612380347347688337e-09 0.000000000000000000e+00 0.000000000000000000e+00 0.000000000000000000e+00 0.000000000000000000e+00 0.000000000000000000e+00 0.000000000000000000e+00 0.000000000000000000e+00 3.502357792158248479e-08
1.714513684601908450e+00 -2.222509991470344317e-09 4.286609603317238506e-09 8.847267073092890525e-09 0.000000000000000000e+00 0.000000000000000000e+00 0.000000000000000000e+00 0.000000000000000000e+00 0.000000000000000000e+00 0.000000000000000000e+00 0.000000000000000000e+00 3.223592548137458526e-08
1.787112113539898184e+00 -2.045579205706491608e-09 3.945684230884314795e-09 8.143263629535039814e-09 0.000000000000000000e+00 0.000000000000000000e+00 0.000000000000000000e+00 0.000000000000000000e+00 0.000000000000000000e+00 0.000000000000000000e+00 0.000000000000000000e+00 2.967041007523793182e-08
1.862784610612542746e+00 -1.882731145991790179e-09 3.631694710874259173e-09 7.495078716378785483e-09 0.000000000000000000e+00 0.000000000000000000e+00 0.000000000000000000e+00 0.000000000000000000e+00 0.000000000000000000e+00 0.000000000000000000e+00 0.000000000000000000e+00 2.730879655049463123e-08
1.941661342478194330e+00 -1.732846343093199404e-09 3.342690610584969506e-09 6.898483081485423248e-09 0.000000000000000000e+00 0.000000000000000000e+00 0.000000000000000000e+00 0.000000000000000000e+00 0.000000000000000000e+00 0.000000000000000000e+00 0.000000000000000000e+00 2.513513192862609431e-08
2.023877987500934061e+00 -1.595044151410596046e-09 3.079207777388620786e-09 6.350958129725047130e-09 0.000000000000000000e+00 0.000000000000000000e+00 0.000000000000000000e+00 0.000000000000000000e+00 0.000000000000000000e+00 0.000000000000000000e+00 0.000000000000000000e+00 2.313640356470869564e-08
2.109575969135220941e+00 -1.468128932490900731e-09 2.835609155879785114e-09 5.846370526283161555e-09 0.000000000000000000e+00 0.000000000000000000e+00 0.000000000000000000e+00 0.000000000000000000e+00 0.000000000000000000e+00 0.000000000000000000e+00 0.000000000000000000e+00 2.129613572881404866e-08
2.198902699192854637e+00 -1.351291661180115570e-09 2.611139604319699305e-09 5.381843530498140476e-09 0.000000000000000000e+00 0.000000000000000000e+00 0.000000000000000000e+00 0.000000000000000000e+00 0.000000000000000000e+00 0.000000000000000000e+00 0.000000000000000000e+00 1.960229121658769696e-08
2.292011831410701195e+00 -1.243736074767005429e-09 2.404252042762612262e-09 4.954062949796159807e-09 0.000000000000000000e+00 0.000000000000000000e+00 0.000000000000000000e+00 0.000000000000000000e+00 0.000000000000000000e+00 0.000000000000000000e+00 0.000000000000000000e+00 1.804298282111830086e-08
2.389063525755349193e+00 -1.144726443288075503e-09 2.213577595795942405e-09 4.560166900151667107e-09 0.000000000000000000e+00 0.000000000000000000e+00 0.000000000000000000e+00 0.000000000000000000e+00 0.000000000000000000e+00 0.000000000000000000e+00 0.000000000000000000e+00 1.660756941732169202e-08
2.490224723919343131e+00 -1.053568439135764582e-09 2.037466350184160256e-09 4.197213980982455827e-09 0.000000000000000000e+00 0.000000000000000000e+00 0.000000000000000000e+00 0.000000000000000000e+00 0.000000000000000000e+00 0.000000000000000000e+00 0.000000000000000000e+00 1.528587899663994256e-08
2.595669436482870740e+00 -9.696846297247451593e-10 1.875737976641595091e-09 3.863390259280188004e-09 0.000000000000000000e+00 0.000000000000000000e+00 0.000000000000000000e+00 0.000000000000000000e+00 0.000000000000000000e+00 0.000000000000000000e+00 0.000000000000000000e+00 1.406966851407035360e-08
2.705579042234875775e+00 -8.924655634501035314e-10 1.726485359635172312e-09 3.555890249228622530e-09 0.000000000000000000e+00 0.000000000000000000e+00 0.000000000000000000e+00 0.000000000000000000e+00 0.000000000000000000e+00 0.000000000000000000e+00 0.000000000000000000e+00 1.294993814665446913e-08
2.820142600168453750e+00 -8.214000970270733884e-10 1.589333013775957176e-09 3.272991398701606354e-09 0.000000000000000000e+00 0.000000000000000000e+00 0.000000000000000000e+00 0.000000000000000000e+00 0.000000000000000000e+00 0.000000000000000000e+00 0.000000000000000000e+00 1.191945779374930654e-08
2.939557174687212449e+00 -7.559862692571007396e-10 1.462896833422598675e-09 3.012466356139213857e-09 0.000000000000000000e+00 0.000000000000000000e+00 0.000000000000000000e+00 0.000000000000000000e+00 0.000000000000000000e+00 0.000000000000000000e+00 0.000000000000000000e+00 1.097079442406612517e-08
3.064028174581995057e+00 -6.959075855002906469e-10 1.348729813571854120e-09 2.774037474188776621e-09 0.000000000000000000e+00 0.000000000000000000e+00 0.000000000000000000e+00 0.000000000000000000e+00 0.000000000000000000e+00 0.000000000000000000e+00 0.000000000000000000e+00 1.009931203927252891e-08
3.193769706361041738e+00 -6.406079397939006592e-10 1.243866451370250816e-09 2.554765558524823394e-09 0.000000000000000000e+00 0.000000000000000000e+00 0.000000000000000000e+00 0.000000000000000000e+00 0.000000000000000000e+00 0.000000000000000000e+00 0.000000000000000000e+00 9.297509153271831663e-09
3.329004942541377243e+00 -5.896190072548116215e-10 1.145762591978671798e-09 2.351959290682365021e-09 0.000000000000000000e+00 0.000000000000000000e+00 0.000000000000000000e+00 0.000000000000000000e+00 0.000000000000000000e+00 0.000000000000000000e+00 0.000000000000000000e+00 8.558319005238641076e-09
3.469966505534922252e+00 -5.426458390749723584e-10 1.054644314563411054e-09 2.164774682236416711e-09 0.000000000000000000e+00 0.000000000000000000e+00 0.000000000000000000e+00 0.000000000000000000e+00 0.000000000000000000e+00 0.000000000000000000e+00 0.000000000000000000e+00 7.877312168946794677e-09
3.616896867789669567e+00 -4.994395109809421901e-10 9.713383129564094737e-10 1.992851065850249737e-09 0.000000000000000000e+00 0.000000000000000000e+00 0.000000000000000000e+00 0.000000000000000000e+00 0.000000000000000000e+00 0.000000000000000000e+00 0.000000000000000000e+00 7.250946427049153610e-09
3.770048768874223466e+00 -4.596666627438113272e-10 8.944292973583787229e-10 1.834463285409788526e-09 0.000000000000000000e+00 0.000000000000000000e+00 0.000000000000000000e+00 0.000000000000000000e+00 0.000000000000000000e+00 0.000000000000000000e+00 0.000000000000000000e+00 6.674229930953989796e-09
3.929685650223130100e+00 -4.230428490591445548e-10 8.233095827961758178e-10 1.688450971564540862e-09 0.000000000000000000e+00 0.000000000000000000e+00 0.000000000000000000e+00 0.000000000000000000e+00 0.000000000000000000e+00 0.000000000000000000e+00 0.000000000000000000e+00 6.143105963768498066e-09
4.096082108290830526e+00 -3.893919579671420515e-10 7.588688287278445520e-10 1.554666071447263776e-09 0.000000000000000000e+00 0.000000000000000000e+00 0.000000000000000000e+00 0.000000000000000000e+00 0.000000000000000000e+00 0.000000000000000000e+00 0.000000000000000000e+00 5.655011671680960139e-09
4.269524366893723055e+00 -3.583792372257095166e-10 6.990343307943583643e-10 1.431256888572285517e-09 0.000000000000000000e+00 0.000000000000000000e+00 0.000000000000000000e+00 0.000000000000000000e+00 0.000000000000000000e+00 0.000000000000000000e+00 0.000000000000000000e+00 5.205496848985574331e-09
4.450310769552807244e+00 -3.298247713779928464e-10 6.437146518161666211e-10 1.317497379954237434e-09 0.000000000000000000e+00 0.000000000000000000e+00 0.000000000000000000e+00 0.000000000000000000e+00 0.000000000000000000e+00 0.000000000000000000e+00 0.000000000000000000e+00 4.791536221090305829e-09
4.638752292683820500e+00 -3.035346517746439039e-10 5.926373054289867450e-10 1.212704077370798087e-09 0.000000000000000000e+00 0.000000000000000000e+00 0.000000000000000000e+00 0.000000000000000000e+00 0.000000000000000000e+00 0.000000000000000000e+00 0.000000000000000000e+00 4.410399024411889153e-09
4.835173080517622068e+00 -2.793437288020259161e-10 5.457015387069365036e-10 1.116281931148290380e-09 0.000000000000000000e+00 0.000000000000000000e+00 0.000000000000000000e+00 0.000000000000000000e+00 0.000000000000000000e+00 0.000000000000000000e+00 0.000000000000000000e+00 4.059621153707122869e-09
5.039911002670948825e+00 -2.571245820755974919e-10 5.032935729093784758e-10 1.027981730131122452e-09 0.000000000000000000e+00 0.000000000000000000e+00 0.000000000000000000e+00 0.000000000000000000e+00 0.000000000000000000e+00 0.000000000000000000e+00 0.000000000000000000e+00 3.737304281351599418e-09
5.253318235326636554e+00 -2.366441476735264559e-10 4.637946777882309398e-10 9.464516371593230580e-10 0.000000000000000000e+00 0.000000000000000000e+00 0.000000000000000000e+00 0.000000000000000000e+00 0.000000000000000000e+00 0.000000000000000000e+00 0.000000000000000000e+00 3.440362015676614591e-09
5.475761867023024365e+00 -2.177881344768254727e-10 4.273660452455066933e-10 8.713812578399664873e-10 0.000000000000000000e+00 0.000000000000000000e+00 0.000000000000000000e+00 0.000000000000000000e+00 0.000000000000000000e+00 0.000000000000000000e+00 0.000000000000000000e+00 3.167023489097082032e-09
5.707624530094580706e+00 -2.004297898795751120e-10 3.937751478997013264e-10 8.022413861780745365e-10 0.000000000000000000e+00 0.000000000000000000e+00 0.000000000000000000e+00 0.000000000000000000e+00 0.000000000000000000e+00 0.000000000000000000e+00 0.000000000000000000e+00 2.915374309628395730e-09
5.949305058849887473e+00 -1.844487372384000261e-10 3.627180715045630550e-10 7.385168321637206335e-10 0.000000000000000000e+00 0.000000000000000000e+00 0.000000000000000000e+00 0.000000000000000000e+00 0.000000000000000000e+00 0.000000000000000000e+00 0.000000000000000000e+00 2.683619396764456666e-09
6.201219175619169022e+00 -1.697556361189857483e-10 3.344067850028817783e-10 6.800174083080595837e-10 0.000000000000000000e+00 0.000000000000000000e+00 0.000000000000000000e+00 0.000000000000000000e+00 0.000000000000000000e+00 0.000000000000000000e+00 0.000000000000000000e+00 2.470525318282060003e-09
6.463800205851433667e+00 -1.562153515322108909e-10 3.081409164335986362e-10 6.260696441135354156e-10 0.000000000000000000e+00 0.000000000000000000e+00 0.000000000000000000e+00 0.000000000000000000e+00 0.000000000000000000e+00 0.000000000000000000e+00 0.000000000000000000e+00 2.274279116514106565e-09
6.737499823491305051e+00 -1.437474848398387664e-10 2.838034890193222503e-10 5.763108356782985927e-10 0.000000000000000000e+00 0.000000000000000000e+00 0.000000000000000000e+00 0.000000000000000000e+00 0.000000000000000000e+00 0.000000000000000000e+00 0.000000000000000000e+00 2.093501271189838027e-09
7.022788827917666232e+00 -1.322811128716560234e-10 2.615652073646263195e-10 5.306007239301758100e-10 0.000000000000000000e+00 0.000000000000000000e+00 0.000000000000000000e+00 0.000000000000000000e+00 0.000000000000000000e+00 0.000000000000000000e+00 0.000000000000000000e+00 1.927209403062820495e-09
7.320157953780587867e+00 -1.217405794884474788e-10 2.413903093329226935e-10 4.886871955293731652e-10 0.000000000000000000e+00 0.000000000000000000e+00 0.000000000000000000e+00 0.000000000000000000e+00 0.000000000000000000e+00 0.000000000000000000e+00 0.000000000000000000e+00 1.774386971488691896e-09
7.630118715129537321e+00 -1.120234961009708935e-10 2.225096439009441560e-10 4.499425106837103882e-10 0.000000000000000000e+00 0.000000000000000000e+00 0.000000000000000000e+00 0.000000000000000000e+00 0.000000000000000000e+00 0.000000000000000000e+00 0.000000000000000000e+00 1.633507515162936870e-09
7.953204285284886765e+00 -1.030766341576910526e-10 2.050654308336816392e-10 4.142454207262006879e-10 0.000000000000000000e+00 0.000000000000000000e+00 0.000000000000000000e+00 0.000000000000000000e+00 0.000000000000000000e+00 0.000000000000000000e+00 0.000000000000000000e+00 1.503781877050758717e-09
8.289970413966230467e+00 -9.485245922657582538e-11 1.892267952837383242e-10 3.815017829756254974e-10 0.000000000000000000e+00 0.000000000000000000e+00 0.000000000000000000e+00 0.000000000000000000e+00 0.000000000000000000e+00 0.000000000000000000e+00 0.000000000000000000e+00 1.384540566235824164e-09
8.640996383255068025e+00 -8.726700103382130227e-11 1.743312934753524937e-10 3.511956106233968349e-10 0.000000000000000000e+00 0.000000000000000000e+00 0.000000000000000000e+00 0.000000000000000000e+00 0.000000000000000000e+00 0.000000000000000000e+00 0.000000000000000000e+00 1.274572394101826500e-09
9.006886004036267934e+00 -8.029232220240799160e-11 1.607568062633067371e-10 3.233707894508655982e-10 0.000000000000000000e+00 0.000000000000000000e+00 0.000000000000000000e+00 0.000000000000000000e+00 0.000000000000000000e+00 0.000000000000000000e+00 0.000000000000000000e+00 1.173436244973704503e-09
9.388268654632273780e+00 -7.388110164629394857e-11 1.484493512634223953e-10 2.978515445622714949e-10 0.000000000000000000e+00 0.000000000000000000e+00 0.000000000000000000e+00 0.000000000000000000e+00 0.000000000000000000e+00 0.000000000000000000e+00 0.000000000000000000e+00 1.080484616080756095e-09
9.785800363416699454e+00 -6.796859389411590717e-11 1.368828780488698990e-10 2.742449131798243738e-10 0.000000000000000000e+00 0.000000000000000000e+00 0.000000000000000000e+00 0.000000000000000000e+00 0.000000000000000000e+00 0.000000000000000000e+00 0.000000000000000000e+00 9.947698221523099882e-10
1.020016493726949491e+01 -6.253105186374355505e-11 1.263089797809022999e-10 2.525474203433380183e-10 0.000000000000000000e+00 0.000000000000000000e+00 0.000000000000000000e+00 0.000000000000000000e+00 0.000000000000000000e+00 0.000000000000000000e+00 0.000000000000000000e+00 9.159129844091512519e-10
1.063207513781483016e+01 -5.752322840936626436e-11 1.165304117526474988e-10 2.325566073270884192e-10 0.000000000000000000e+00 0.000000000000000000e+00 0.000000000000000000e+00 0.000000000000000000e+00 0.000000000000000000e+00 0.000000000000000000e+00 0.000000000000000000e+00 8.433152780018326349e-10
1.108227390746491814e+01 -5.291776129162696121e-11 1.076089192208048980e-10 2.141898800668895153e-10 0.000000000000000000e+00 0.000000000000000000e+00 0.000000000000000000e+00 0.000000000000000000e+00 0.000000000000000000e+00 0.000000000000000000e+00 0.000000000000000000e+00 7.765359031805903375e-10
1.155153564737878646e+01 -4.867313445898196327e-11 9.927832819840762854e-11 1.972306085032323756e-10 0.000000000000000000e+00 0.000000000000000000e+00 0.000000000000000000e+00 0.000000000000000000e+00 0.000000000000000000e+00 0.000000000000000000e+00 0.000000000000000000e+00 7.150056620221115569e-10
1.204066754953423946e+01 -4.476681458842449327e-11 9.159923382573916205e-11 1.816105199228625094e-10 0.000000000000000000e+00 0.000000000000000000e+00 0.000000000000000000e+00 0.000000000000000000e+00 0.000000000000000000e+00 0.000000000000000000e+00 0.000000000000000000e+00 6.583481588730746509e-10
1.255051098520432262e+01 -4.117361770655796816e-11 8.461577855164817870e-11 1.672774437717760489e-10 0.000000000000000000e+00 0.000000000000000000e+00 0.000000000000000000e+00 0.000000000000000000e+00 0.000000000000000000e+00 0.000000000000000000e+00 0.000000000000000000e+00 6.062719455610701945e-10
1.308194295222672210e+01 -3.786756062773348034e-11 7.819567911273630887e-11 1.540800451293542646e-10 0.000000000000000000e+00 0.000000000000000000e+00 0.000000000000000000e+00 0.000000000000000000e+00 0.000000000000000000e+00 0.000000000000000000e+00 0.000000000000000000e+00 5.583300550531773853e-10
1.363587758355547841e+01 -3.481941889126922460e-11 7.216455901031061353e-11 1.418799776619076887e-10 0.000000000000000000e+00 0.000000000000000000e+00 0.000000000000000000e+00 0.000000000000000000e+00 0.000000000000000000e+00 0.000000000000000000e+00 0.000000000000000000e+00 5.141319919801318703e-10
1.421326771969004987e+01 -3.201703663623093564e-11 6.670483569811146536e-11 1.306913426562042693e-10 0.000000000000000000e+00 0.000000000000000000e+00 0.000000000000000000e+00 0.000000000000000000e+00 0.000000000000000000e+00 0.000000000000000000e+00 0.000000000000000000e+00 4.735082533464728145e-10
1.481510654768641366e+01 -2.943473009748990325e-11 6.159523613803160508e-11 1.203533821201097307e-10 0.000000000000000000e+00 0.000000000000000000e+00 0.000000000000000000e+00 0.000000000000000000e+00 0.000000000000000000e+00 0.000000000000000000e+00 0.000000000000000000e+00 4.360633871317294575e-10
1.544242930956958304e+01 -2.706350821834824310e-11 5.704283755282140554e-11 1.109013898453441870e-10 0.000000000000000000e+00 0.000000000000000000e+00 0.000000000000000000e+00 0.000000000000000000e+00 0.000000000000000000e+00 0.000000000000000000e+00 0.000000000000000000e+00 4.016927598525650092e-10
1.609631508308618564e+01 -2.487510469722717142e-11 5.269175444126729036e-11 1.021319211887817357e-10 0.000000000000000000e+00 0.000000000000000000e+00 0.000000000000000000e+00 0.000000000000000000e+00 0.000000000000000000e+00 0.000000000000000000e+00 0.000000000000000000e+00 3.699535141303665067e-10
1.677788863786025431e+01 -2.286057460291031021e-11 4.869621546246385577e-11 9.406508502655609492e-11 0.000000000000000000e+00 0.000000000000000000e+00 0.000000000000000000e+00 0.000000000000000000e+00 0.000000000000000000e+00 0.000000000000000000e+00 0.000000000000000000e+00 3.407515763500285247e-10
1.748832237014511648e+01 -2.101033573938951385e-11 4.510058926173196781e-11 8.666982080267702426e-11 0.000000000000000000e+00 0.000000000000000000e+00 0.000000000000000000e+00 0.000000000000000000e+00 0.000000000000000000e+00 0.000000000000000000e+00 0.000000000000000000e+00 3.139173159370322863e-10
1.822883831949924982e+01 -1.930412223569129126e-11 4.171900569874862145e-11 7.983462613783993495e-11 0.000000000000000000e+00 0.000000000000000000e+00 0.000000000000000000e+00 0.000000000000000000e+00 0.000000000000000000e+00 0.000000000000000000e+00 0.000000000000000000e+00 2.891790460977134066e-10
1.900071027085526509e+01 -1.773411304585000336e-11 3.861151325618731339e-11 7.354372448081768174e-11 0.000000000000000000e+00 0.000000000000000000e+00 0.000000000000000000e+00 0.000000000000000000e+00 0.000000000000000000e+00 0.000000000000000000e+00 0.000000000000000000e+00 2.664091242905743312e-10
1.980526594559769649e+01 -1.628771447421774809e-11 3.572211653682812707e-11 6.774164239060392122e-11 0.000000000000000000e+00 0.000000000000000000e+00 0.000000000000000000e+00 0.000000000000000000e+00 0.000000000000000000e+00 0.000000000000000000e+00 0.000000000000000000e+00 2.454351425321942879e-10
2.064388928541858093e+01 -1.495780089079137271e-11 3.310869159626372541e-11 6.241822430968240941e-11 0.000000000000000000e+00 0.000000000000000000e+00 0.000000000000000000e+00 0.000000000000000000e+00 0.000000000000000000e+00 0.000000000000000000e+00 0.000000000000000000e+00 2.261593291871581613e-10
2.151802283287939943e+01 -1.373471074055991049e-11 3.072303232341246262e-11 5.752181393741684522e-11 0.000000000000000000e+00 0.000000000000000000e+00 0.000000000000000000e+00 0.000000000000000000e+00 0.000000000000000000e+00 0.000000000000000000e+00 0.000000000000000000e+00 2.084246217016885389e-10
2.242917021277420631e+01 -1.260658945981436023e-11 2.845815599822784924e-11 5.299051726580525894e-11 0.000000000000000000e+00 0.000000000000000000e+00 0.000000000000000000e+00 0.000000000000000000e+00 0.000000000000000000e+00 0.000000000000000000e+00 0.000000000000000000e+00 1.920615886048732050e-10
2.337889871856227231e+01 -1.156944716961441618e-11 2.641271461487619292e-11 4.883241771598928889e-11 0.000000000000000000e+00 0.000000000000000000e+00 0.000000000000000000e+00 0.000000000000000000e+00 0.000000000000000000e+00 0.000000000000000000e+00 0.000000000000000000e+00 1.770236863559084639e-10
2.436884200831915237e+01 -1.061406411659075635e-11 2.449730866751564800e-11 4.499236376542207862e-11 0.000000000000000000e+00 0.000000000000000000e+00 0.000000000000000000e+00 0.000000000000000000e+00 0.000000000000000000e+00 0.000000000000000000e+00 0.000000000000000000e+00 1.631622367999414841e-10
2.540070291484369136e+01 -9.735054966216383391e-12 2.275157291430498910e-11 4.146258951224669033e-11 0.000000000000000000e+00 0.000000000000000000e+00 0.000000000000000000e+00 0.000000000000000000e+00 0.000000000000000000e+00 0.000000000000000000e+00 0.000000000000000000e+00 1.504144205324597982e-10
2.647625637475465155e+01 -8.925704615402630146e-12 2.113215510031004964e-11 3.820910157667766337e-11 0.000000000000000000e+00 0.000000000000000000e+00 0.000000000000000000e+00 0.000000000000000000e+00 0.000000000000000000e+00 0.000000000000000000e+00 0.000000000000000000e+00 1.386739151874335587e-10
2.759735248161536703e+01 -8.180688562717983830e-12 1.963762006520762884e-11 3.521213244273377603e-11 0.000000000000000000e+00 0.000000000000000000e+00 0.000000000000000000e+00 0.000000000000000000e+00 0.000000000000000000e+00 0.000000000000000000e+00 0.000000000000000000e+00 1.278651114942183879e-10
2.876591966833829161e+01 -7.494738009599151196e-12 1.824897598855508236e-11 3.244813796787842441e-11 0.000000000000000000e+00 0.000000000000000000e+00 0.000000000000000000e+00 0.000000000000000000e+00 0.000000000000000000e+00 0.000000000000000000e+00 0.000000000000000000e+00 1.179085814940343040e-10
2.998396802434348274e+01 -6.863967082530859305e-12 1.698957481831069725e-11 2.990937233935009279e-11 0.000000000000000000e+00 0.000000000000000000e+00 0.000000000000000000e+00 0.000000000000000000e+00 0.000000000000000000e+00 0.000000000000000000e+00 0.000000000000000000e+00 1.087557809941646369e-10
3.125359275317711649e+01 -6.283180269290417779e-12 1.581995837296720308e-11 2.756768497810290994e-11 0.000000000000000000e+00 0.000000000000000000e+00 0.000000000000000000e+00 0.000000000000000000e+00 0.000000000000000000e+00 0.000000000000000000e+00 0.000000000000000000e+00 1.003243597403142129e-10
3.257697777653739024e+01 -5.748298160406479179e-12 1.473058678163195681e-11 2.540930593164172573e-11 0.000000000000000000e+00 0.000000000000000000e+00 0.000000000000000000e+00 0.000000000000000000e+00 0.000000000000000000e+00 0.000000000000000000e+00 0.000000000000000000e+00 9.255845824285142921e-11
3.395639949090740828e+01 -5.256863928591082372e-12 1.375244380710221766e-11 2.342667093676097038e-11 0.000000000000000000e+00 0.000000000000000000e+00 0.000000000000000000e+00 0.000000000000000000e+00 0.000000000000000000e+00 0.000000000000000000e+00 0.000000000000000000e+00 8.542206022438345656e-11
3.539423068325686472e+01 -4.804244281124010439e-12 1.283767196483820623e-11 2.159731546126520283e-11 0.000000000000000000e+00 0.000000000000000000e+00 0.000000000000000000e+00 0.000000000000000000e+00 0.000000000000000000e+00 0.000000000000000000e+00 0.000000000000000000e+00 7.884693163486247412e-11
3.689294461254805668e+01 -4.387301010963607609e-12 1.197225676838019945e-11 1.990717948769822417e-11 0.000000000000000000e+00 0.000000000000000000e+00 0.000000000000000000e+00 0.000000000000000000e+00 0.000000000000000000e+00 0.000000000000000000e+00 0.000000000000000000e+00 7.278190832360520088e-11
3.845511926406689440e+01 -4.004215960997385390e-12 1.120078339517512880e-11 1.835631161246346823e-11 0.000000000000000000e+00 0.000000000000000000e+00 0.000000000000000000e+00 0.000000000000000000e+00 0.000000000000000000e+00 0.000000000000000000e+00 0.000000000000000000e+00 6.721357407045733316e-11
4.008344178389703671e+01 -3.651890555593211950e-12 1.048847760598886597e-11 1.692682174116549352e-11 0.000000000000000000e+00 0.000000000000000000e+00 0.000000000000000000e+00 0.000000000000000000e+00 0.000000000000000000e+00 0.000000000000000000e+00 0.000000000000000000e+00 6.208645874007903652e-11
4.178071310116503412e+01 -3.327298590373011688e-12 9.810259481152079816e-12 1.560585851695235766e-11 0.000000000000000000e+00 0.000000000000000000e+00 0.000000000000000000e+00 0.000000000000000000e+00 0.000000000000000000e+00 0.000000000000000000e+00 0.000000000000000000e+00 5.735702083824522750e-11
4.354985274600709744e+01 -3.029258361544936197e-12 9.206241907448265476e-12 1.439247385040778850e-11 0.000000000000000000e+00 0.000000000000000000e+00 0.000000000000000000e+00 0.000000000000000000e+00 0.000000000000000000e+00 0.000000000000000000e+00 0.000000000000000000e+00 5.301380782735963268e-11
4.539390387154536199e+01 -2.755216600976039300e-12 8.651941548970195755e-12 1.327488001894362922e-11 0.000000000000000000e+00 0.000000000000000000e+00 0.000000000000000000e+00 0.000000000000000000e+00 0.000000000000000000e+00 0.000000000000000000e+00 0.000000000000000000e+00 4.901699410742276569e-11
4.731603848851198535e+01 -2.502946005539625802e-12 8.116272692466028129e-12 1.224066157395063513e-11 0.000000000000000000e+00 0.000000000000000000e+00 0.000000000000000000e+00 0.000000000000000000e+00 0.000000000000000000e+00 0.000000000000000000e+00 0.000000000000000000e+00 4.532628412082967823e-11
4.931956292152518984e+01 -2.271159411381208588e-12 7.632984138662159297e-12 1.128983240781644072e-11 0.000000000000000000e+00 0.000000000000000000e+00 0.000000000000000000e+00 0.000000000000000000e+00 0.000000000000000000e+00 0.000000000000000000e+00 0.000000000000000000e+00 4.193521356100109242e-11
5.140792349640297232e+01 -2.058252381238303150e-12 7.187884789779787115e-12 1.041343451224394334e-11 0.000000000000000000e+00 0.000000000000000000e+00 0.000000000000000000e+00 0.000000000000000000e+00 0.000000000000000000e+00 0.000000000000000000e+00 0.000000000000000000e+00 3.881428676725601584e-11
5.358471246829720513e+01 -1.862673673136705675e-12 6.772234653128961291e-12 9.604943304152428856e-12 0.000000000000000000e+00 0.000000000000000000e+00 0.000000000000000000e+00 0.000000000000000000e+00 0.000000000000000000e+00 0.000000000000000000e+00 0.000000000000000000e+00 3.593963094576128355e-11
5.585367420084560308e+01 -1.683213303246536220e-12 6.392751565613921306e-12 8.859979566972896492e-12 0.000000000000000000e+00 0.000000000000000000e+00 0.000000000000000000e+00 0.000000000000000000e+00 0.000000000000000000e+00 0.000000000000000000e+00 0.000000000000000000e+00 3.329546801682889763e-11
5.821871160697001812e+01 -1.518492178391200767e-12 6.038576578291257898e-12 8.172971345670684128e-12 0.000000000000000000e+00 0.000000000000000000e+00 0.000000000000000000e+00 0.000000000000000000e+00 0.000000000000000000e+00 0.000000000000000000e+00 0.000000000000000000e+00 3.086062966170278706e-11
6.068389286240065417e+01 -1.367647603894093453e-12 5.722023155491456286e-12 7.540396816252394825e-12 0.000000000000000000e+00 0.000000000000000000e+00 0.000000000000000000e+00 0.000000000000000000e+00 0.000000000000000000e+00 0.000000000000000000e+00 0.000000000000000000e+00 2.862511813096437696e-11
6.325345840347389270e+01 -1.229294648846646445e-12 5.418859735341843418e-12 6.956067008666177155e-12 0.000000000000000000e+00 0.000000000000000000e+00 0.000000000000000000e+00 0.000000000000000000e+00 0.000000000000000000e+00 0.000000000000000000e+00 0.000000000000000000e+00 2.656286573681109774e-11
6.593182822124114750e+01 -1.102727059471297179e-12 5.143234704489198015e-12 6.417481682700065987e-12 0.000000000000000000e+00 0.000000000000000000e+00 0.000000000000000000e+00 0.000000000000000000e+00 0.000000000000000000e+00 0.000000000000000000e+00 0.000000000000000000e+00 2.466779285331275604e-11
6.872360946443542673e+01 -9.871119922395841163e-13 4.895826062698978438e-12 5.921103861188101335e-12 0.000000000000000000e+00 0.000000000000000000e+00 0.000000000000000000e+00 0.000000000000000000e+00 0.000000000000000000e+00 0.000000000000000000e+00 0.000000000000000000e+00 2.292767294932744508e-11
7.163360436437373835e+01 -8.815232401127470160e-13 4.662516708546814116e-12 5.462684954049651242e-12 0.000000000000000000e+00 0.000000000000000000e+00 0.000000000000000000e+00 0.000000000000000000e+00 0.000000000000000000e+00 0.000000000000000000e+00 0.000000000000000000e+00 2.132501579951414846e-11
7.466681849542716520e+01 -7.851678311957325653e-13 4.436133383592109533e-12 5.039470802824709701e-12 0.000000000000000000e+00 0.000000000000000000e+00 0.000000000000000000e+00 0.000000000000000000e+00 0.000000000000000000e+00 0.000000000000000000e+00 0.000000000000000000e+00 1.984679438954824561e-11
7.782846938526807890e+01 -6.976858162090238807e-13 4.242161044618892818e-12 4.649383170644744574e-12 0.000000000000000000e+00 0.000000000000000000e+00 0.000000000000000000e+00 0.000000000000000000e+00 0.000000000000000000e+00 0.000000000000000000e+00 0.000000000000000000e+00 1.849447750212954614e-11
8.112399548970439866e+01 -6.182823292787979038e-13 4.059771013850676844e-12 4.289212602729926993e-12 0.000000000000000000e+00 0.000000000000000000e+00 0.000000000000000000e+00 0.000000000000000000e+00 0.000000000000000000e+00 0.000000000000000000e+00 0.000000000000000000e+00 1.725034518182304284e-11
8.455906554753981652e+01 -5.464288310830675984e-13 3.888575160674136942e-12 3.956752634475233938e-12 0.000000000000000000e+00 0.000000000000000000e+00 0.000000000000000000e+00 0.000000000000000000e+00 0.000000000000000000e+00 0.000000000000000000e+00 0.000000000000000000e+00 1.610624833116477819e-11
8.813958833155088257e+01 -4.816838255706102397e-13 3.733959373355748329e-12 3.649838680706564524e-12 0.000000000000000000e+00 0.000000000000000000e+00 0.000000000000000000e+00 0.000000000000000000e+00 0.000000000000000000e+00 0.000000000000000000e+00 0.000000000000000000e+00 1.505728714575767531e-11
9.187172281235410765e+01 -4.235810990991007295e-13 3.593271931753360203e-12 3.366494981879112028e-12 0.000000000000000000e+00 0.000000000000000000e+00 0.000000000000000000e+00 0.000000000000000000e+00 0.000000000000000000e+00 0.000000000000000000e+00 0.000000000000000000e+00 1.409560722592166012e-11
9.576188875264639933e+01 -3.717183254310186017e-13 3.462613585619671425e-12 3.104891204093035878e-12 0.000000000000000000e+00 0.000000000000000000e+00 0.000000000000000000e+00 0.000000000000000000e+00 0.000000000000000000e+00 0.000000000000000000e+00 0.000000000000000000e+00 1.321339124974951454e-11
9.981677775004206410e+01 -3.257567132622925121e-13 3.344589852089289301e-12 2.863251155423351323e-12 0.000000000000000000e+00 0.000000000000000000e+00 0.000000000000000000e+00 0.000000000000000000e+00 0.000000000000000000e+00 0.000000000000000000e+00 0.000000000000000000e+00 1.240611878963574455e-11
1.040433647475019967e+02 -2.853987487390887792e-13 3.232631495664309986e-12 2.640349040259941835e-12 0.000000000000000000e+00 0.000000000000000000e+00 0.000000000000000000e+00 0.000000000000000000e+00 0.000000000000000000e+00 0.000000000000000000e+00 0.000000000000000000e+00 1.166582914649090082e-11
1.084489200311536194e+02 -2.502579662308861938e-13 3.137238991059480042e-12 2.434307108253985287e-12 0.000000000000000000e+00 0.000000000000000000e+00 0.000000000000000000e+00 0.000000000000000000e+00 0.000000000000000000e+00 0.000000000000000000e+00 0.000000000000000000e+00 1.099257701336988209e-11
1.130410217361402516e+02 -2.201407246070974117e-13 3.050067384888333781e-12 2.244214231450779520e-12 0.000000000000000000e+00 0.000000000000000000e+00 0.000000000000000000e+00 0.000000000000000000e+00 0.000000000000000000e+00 0.000000000000000000e+00 0.000000000000000000e+00 1.037850525201968956e-11
1.178275688820117182e+02 -1.947574395280945224e-13 2.971273271097102561e-12 2.068923592907643256e-12 0.000000000000000000e+00 0.000000000000000000e+00 0.000000000000000000e+00 0.000000000000000000e+00 0.000000000000000000e+00 0.000000000000000000e+00 0.000000000000000000e+00 9.819736918683198661e-12
1.228167949600777575e+02 -1.740803984302982469e-13 2.897364159666102713e-12 1.907724460847111004e-12 0.000000000000000000e+00 0.000000000000000000e+00 0.000000000000000000e+00 0.000000000000000000e+00 0.000000000000000000e+00 0.000000000000000000e+00 0.000000000000000000e+00 9.311353252543094657e-12
1.280172820960967499e+02 -1.576277293388895250e-13 2.834282782301952106e-12 1.759386337137153210e-12 0.000000000000000000e+00 0.000000000000000000e+00 0.000000000000000000e+00 0.000000000000000000e+00 0.000000000000000000e+00 0.000000000000000000e+00 0.000000000000000000e+00 8.853263396345343717e-12
1.334379758126628701e+02 -1.455518375995285950e-13 2.776237451283726992e-12 1.623481577299225016e-12 0.000000000000000000e+00 0.000000000000000000e+00 0.000000000000000000e+00 0.000000000000000000e+00 0.000000000000000000e+00 0.000000000000000000e+00 0.000000000000000000e+00 8.439723251936257519e-12
1.390882004166816728e+02 -1.370196770814318591e-13 2.731590071525833065e-12 1.498988088087027184e-12 0.000000000000000000e+00 0.000000000000000000e+00 0.000000000000000000e+00 0.000000000000000000e+00 0.000000000000000000e+00 0.000000000000000000e+00 0.000000000000000000e+00 8.073164787966312812e-12
1.449776750384068578e+02 -1.326949235605276951e-13 2.688496364826449133e-12 1.386094040467302554e-12 0.000000000000000000e+00 0.000000000000000000e+00 0.000000000000000000e+00 0.000000000000000000e+00 0.000000000000000000e+00 0.000000000000000000e+00 0.000000000000000000e+00 7.745162234534672380e-12
1.511165303496226784e+02 -1.316331773083666041e-13 2.655490156320542508e-12 1.284130184124914288e-12 0.000000000000000000e+00 0.000000000000000000e+00 0.000000000000000000e+00 0.000000000000000000e+00 0.000000000000000000e+00 0.000000000000000000e+00 0.000000000000000000e+00 7.459194515314860915e-12
1.575153259897343503e+02 -1.341717715287812784e-13 2.626401096140856733e-12 1.193191814953393992e-12 0.000000000000000000e+00 0.000000000000000000e+00 0.000000000000000000e+00 0.000000000000000000e+00 0.000000000000000000e+00 0.000000000000000000e+00 0.000000000000000000e+00 7.210349850566353947e-12
1.641850687297378215e+02 -1.396634443225134684e-13 2.604633477889859641e-12 1.113170317606986415e-12 0.000000000000000000e+00 0.000000000000000000e+00 0.000000000000000000e+00 0.000000000000000000e+00 0.000000000000000000e+00 0.000000000000000000e+00 0.000000000000000000e+00 6.999954734417445394e-12
1.711372314053143953e+02 -1.481944284927778635e-13 2.587527237837124166e-12 1.044110221691511012e-12 0.000000000000000000e+00 0.000000000000000000e+00 0.000000000000000000e+00 0.000000000000000000e+00 0.000000000000000000e+00 0.000000000000000000e+00 0.000000000000000000e+00 6.825494512281811332e-12
1.783837726516200348e+02 -1.590042568428507931e-13 2.577397456392904992e-12 9.863212547776163892e-13 0.000000000000000000e+00 0.000000000000000000e+00 0.000000000000000000e+00 0.000000000000000000e+00 0.000000000000000000e+00 0.000000000000000000e+00 0.000000000000000000e+00 6.688550715516212945e-12
1.859371574737108119e+02 -1.716240248351135112e-13 2.574615499603833818e-12 9.399862037986851387e-13 0.000000000000000000e+00 0.000000000000000000e+00 0.000000000000000000e+00 0.000000000000000000e+00 0.000000000000000000e+00 0.000000000000000000e+00 0.000000000000000000e+00 6.589024937789330402e-12
1.938103786879943584e+02 -1.855010371615707809e-13 2.578046466711890470e-12 9.056370666249300827e-13 0.000000000000000000e+00 0.000000000000000000e+00 0.000000000000000000e+00 0.000000000000000000e+00 0.000000000000000000e+00 0.000000000000000000e+00 0.000000000000000000e+00 6.526478628498463757e-12
2.020169792715831818e+02 -1.992698627627226796e-13 2.591434760588165398e-12 8.838305036986013568e-13 0.000000000000000000e+00 0.000000000000000000e+00 0.000000000000000000e+00 0.000000000000000000e+00 0.000000000000000000e+00 0.000000000000000000e+00 0.000000000000000000e+00 6.503755291966811106e-12
2.105710756579998986e+02 -2.115565084769482890e-13 2.617369612311832932e-12 8.750868214792557148e-13 0.000000000000000000e+00 0.000000000000000000e+00 0.000000000000000000e+00 0.000000000000000000e+00 0.000000000000000000e+00 0.000000000000000000e+00 0.000000000000000000e+00 6.522663096836062197e-12
2.194873820193008669e+02 -2.203977816206538885e-13 2.661312679457706639e-12 8.799684537579382193e-13 0.000000000000000000e+00 0.000000000000000000e+00 0.000000000000000000e+00 0.000000000000000000e+00 0.000000000000000000e+00 0.000000000000000000e+00 0.000000000000000000e+00 6.585017883577709200e-12
2.287812355763888092e+02 -2.235083526292221330e-13 2.728232603908077675e-12 8.994822378590792851e-13 0.000000000000000000e+00 0.000000000000000000e+00 0.000000000000000000e+00 0.000000000000000000e+00 0.000000000000000000e+00 0.000000000000000000e+00 0.000000000000000000e+00 6.692322057449813441e-12
2.384686229810537270e+02 -2.172459095022142538e-13 2.827288197563314468e-12 9.366114597793529030e-13 0.000000000000000000e+00 0.000000000000000000e+00 0.000000000000000000e+00 0.000000000000000000e+00 0.000000000000000000e+00 0.000000000000000000e+00 0.000000000000000000e+00 6.849804730878024249e-12
2.485662078151169396e+02 -1.979917334149615684e-13 2.969881076255310070e-12 9.946487652955642159e-13 0.000000000000000000e+00 0.000000000000000000e+00 0.000000000000000000e+00 0.000000000000000000e+00 0.000000000000000000e+00 0.000000000000000000e+00 0.000000000000000000e+00 7.059069359671213321e-12
2.590913592539878323e+02 -1.612158758362421231e-13 3.171304009200827206e-12 1.081550382926919859e-12 0.000000000000000000e+00 0.000000000000000000e+00 0.000000000000000000e+00 0.000000000000000000e+00 0.000000000000000000e+00 0.000000000000000000e+00 0.000000000000000000e+00 7.319880923808352861e-12
2.700621819439303408e+02 -1.026664626073787704e-13 3.446556391920162532e-12 1.211389649191585190e-12 0.000000000000000000e+00 0.000000000000000000e+00 0.000000000000000000e+00 0.000000000000000000e+00 0.000000000000000000e+00 0.000000000000000000e+00 0.000000000000000000e+00 7.629884096665213023e-12
2.814975471444402046e+02 -1.900084895107468226e-14 3.809164127039134966e-12 1.409082509911181890e-12 0.000000000000000000e+00 0.000000000000000000e+00 0.000000000000000000e+00 0.000000000000000000e+00 0.000000000000000000e+00 0.000000000000000000e+00 0.000000000000000000e+00 7.979058609379708463e-12
2.934171251892951773e+02 9.157543927963487755e-14 4.264751293329964832e-12 1.716998328594628358e-12 0.000000000000000000e+00 0.000000000000000000e+00 0.000000000000000000e+00 0.000000000000000000e+00 0.000000000000000000e+00 0.000000000000000000e+00 0.000000000000000000e+00 8.345829949274286907e-12
3.058414193221180426e+02 2.276826541527402678e-13 4.796808936443334754e-12 2.202255474167243352e-12 0.000000000000000000e+00 0.000000000000000000e+00 0.000000000000000000e+00 0.000000000000000000e+00 0.000000000000000000e+00 0.000000000000000000e+00 0.000000000000000000e+00 8.689146685330129249e-12
3.187918009646573410e+02 3.811864118605355303e-13 5.337219045646561369e-12 2.933873593927234506e-12 0.000000000000000000e+00 0.000000000000000000e+00 0.000000000000000000e+00 0.000000000000000000e+00 0.000000000000000000e+00 0.000000000000000000e+00 0.000000000000000000e+00 8.952880882031466786e-12
3.322905464784441847e+02 5.361417911516354616e-13 5.758315781895304914e-12 3.926373033345352993e-12 0.000000000000000000e+00 0.000000000000000000e+00 0.000000000000000000e+00 0.000000000000000000e+00 0.000000000000000000e+00 0.000000000000000000e+00 0.000000000000000000e+00 9.069002190275262324e-12
3.463608754830696057e+02 6.695664226276546866e-13 5.909965665000144142e-12 5.044589158814551243e-12 0.000000000000000000e+00 0.000000000000000000e+00 0.000000000000000000e+00 0.000000000000000000e+00 0.000000000000000000e+00 0.000000000000000000e+00 0.000000000000000000e+00 8.986358023202964418e-12
3.610269907969848191e+02 7.566114064655770285e-13 5.715078466933213343e-12 5.983105023357906629e-12 0.000000000000000000e+00 0.000000000000000000e+00 0.000000000000000000e+00 0.000000000000000000e+00 0.000000000000000000e+00 0.000000000000000000e+00 0.000000000000000000e+00 8.691966193734149266e-12
3.763141200695379780e+02 7.796230086276740068e-13 5.230807288529585057e-12 6.422736209812140000e-12 0.000000000000000000e+00 0.000000000000000000e+00 0.000000000000000000e+00 0.000000000000000000e+00 0.000000000000000000e+00 0.000000000000000000e+00 0.000000000000000000e+00 8.206117896451701906e-12
3.922485591758517671e+02 7.397572430884170632e-13 4.615227260431744688e-12 6.276057338141698987e-12 0.000000000000000000e+00 0.000000000000000000e+00 0.000000000000000000e+00 0.000000000000000000e+00 0.000000000000000000e+00 0.000000000000000000e+00 0.000000000000000000e+00 7.593869966292589799e-12
4.088577174491895221e+02 6.543038045798974278e-13 4.014376880180731453e-12 5.692592232033989058e-12 0.000000000000000000e+00 0.000000000000000000e+00 0.000000000000000000e+00 0.000000000000000000e+00 0.000000000000000000e+00 0.000000000000000000e+00 0.000000000000000000e+00 6.926717540147473527e-12
4.261701648286200452e+02 5.460510914185256144e-13 3.508237250617361112e-12 4.900829955260702090e-12 0.000000000000000000e+00 0.000000000000000000e+00 0.000000000000000000e+00 0.000000000000000000e+00 0.000000000000000000e+00 0.000000000000000000e+00 0.000000000000000000e+00 6.268716600263819348e-12
4.442156810030711540e+02 4.344425642205661983e-13 3.124214390271630788e-12 4.089698963378705764e-12 0.000000000000000000e+00 0.000000000000000000e+00 0.000000000000000000e+00 0.000000000000000000e+00 0.000000000000000000e+00 0.000000000000000000e+00 0.000000000000000000e+00 5.668949577072029424e-12
4.630253066363192147e+02 3.319990926600433635e-13 2.862984373925212974e-12 3.370316928900657787e-12 0.000000000000000000e+00 0.000000000000000000e+00 0.000000000000000000e+00 0.000000000000000000e+00 0.000000000000000000e+00 0.000000000000000000e+00 0.000000000000000000e+00 5.158262899554572462e-12
4.826313967610138320e+02 2.457906886763877509e-13 2.711936395506495001e-12 2.793440564503238968e-12 0.000000000000000000e+00 0.000000000000000000e+00 0.000000000000000000e+00 0.000000000000000000e+00 0.000000000000000000e+00 0.000000000000000000e+00 0.000000000000000000e+00 4.752300923919777229e-12
5.030676764335976827e+02 1.797896684367647107e-13 2.648574536370181634e-12 2.382348834658690714e-12 0.000000000000000000e+00 0.000000000000000000e+00 0.000000000000000000e+00 0.000000000000000000e+00 0.000000000000000000e+00 0.000000000000000000e+00 0.000000000000000000e+00 4.452472544250226130e-12
5.243692987458422294e+02 1.367598224598495481e-13 2.658592411539155869e-12 2.143098218695931557e-12 0.000000000000000000e+00 0.000000000000000000e+00 0.000000000000000000e+00 0.000000000000000000e+00 0.000000000000000000e+00 0.000000000000000000e+00 0.000000000000000000e+00 4.257380329530267040e-12
5.465729052927925977e+02 1.184894063091008971e-13 2.737763356310269031e-12 2.070840118590530601e-12 0.000000000000000000e+00 0.000000000000000000e+00 0.000000000000000000e+00 0.000000000000000000e+00 0.000000000000000000e+00 0.000000000000000000e+00 0.000000000000000000e+00 4.156572946790132918e-12
5.697166892011393884e+02 1.270215038532058899e-13 2.900131737545143014e-12 2.163369176397787235e-12 0.000000000000000000e+00 0.000000000000000000e+00 0.000000000000000000e+00 0.000000000000000000e+00 0.000000000000000000e+00 0.000000000000000000e+00 0.000000000000000000e+00 4.135803075779024368e-12
5.938404608264202125e+02 1.637421461371157099e-13 3.167249280107721784e-12 2.434512141699105958e-12 0.000000000000000000e+00 0.000000000000000000e+00 0.000000000000000000e+00 0.000000000000000000e+00 0.000000000000000000e+00 0.000000000000000000e+00 0.000000000000000000e+00 4.170678147151774710e-12
6.189857162320780617e+02 2.251261794932276029e-13 3.530218377040828800e-12 2.916768196001326192e-12 0.000000000000000000e+00 0.000000000000000000e+00 0.000000000000000000e+00 0.000000000000000000e+00 0.000000000000000000e+00 0.000000000000000000e+00 0.000000000000000000e+00 4.220878936608610984e-12
6.451957085681489161e+02 2.971162069916529254e-13 3.878695009922423999e-12 3.608263670801252937e-12 0.000000000000000000e+00 0.000000000000000000e+00 0.000000000000000000e+00 0.000000000000000000e+00 0.000000000000000000e+00 0.000000000000000000e+00 0.000000000000000000e+00 4.235067655381160370e-12
6.725155224723790752e+02 3.537120675384999830e-13 3.975323981654171175e-12 4.321880002570884370e-12 0.000000000000000000e+00 0.000000000000000000e+00 0.000000000000000000e+00 0.000000000000000000e+00 0.000000000000000000e+00 0.000000000000000000e+00 0.000000000000000000e+00 4.168834763898670369e-12
7.009921516217362978e+02 3.650968578171074858e-13 3.684520507098531228e-12 4.634917319770209824e-12 0.000000000000000000e+00 0.000000000000000000e+00 0.000000000000000000e+00 0.000000000000000000e+00 0.000000000000000000e+00 0.000000000000000000e+00 0.000000000000000000e+00 4.008291087053166060e-12
7.306745795677196611e+02 3.196260725226963303e-13 3.183387628788655299e-12 4.307837473873029126e-12 0.000000000000000000e+00 0.000000000000000000e+00 0.000000000000000000e+00 0.000000000000000000e+00 0.000000000000000000e+00 0.000000000000000000e+00 0.000000000000000000e+00 3.767393852818780269e-12
7.616138639945219211e+02 2.354521420667831740e-13 2.721955632894774278e-12 3.538516116593330655e-12 0.000000000000000000e+00 0.000000000000000000e+00 0.000000000000000000e+00 0.000000000000000000e+00 0.000000000000000000e+00 0.000000000000000000e+00 0.000000000000000000e+00 3.482907296072154476e-12
7.938632245449637139e+02 1.460516087113832855e-13 2.418685378821924833e-12 2.695492666501834958e-12 0.000000000000000000e+00 0.000000000000000000e+00 0.000000000000000000e+00 0.000000000000000000e+00 0.000000000000000000e+00 0.000000000000000000e+00 0.000000000000000000e+00 3.213240624145214361e-12
8.274781343652917940e+02 7.837623449458670623e-14 2.276995821435228097e-12 2.065035070715680862e-12 0.000000000000000000e+00 0.000000000000000000e+00 0.000000000000000000e+00 0.000000000000000000e+00 0.000000000000000000e+00 0.000000000000000000e+00 0.000000000000000000e+00 3.006509924598794620e-12
8.625164155262885970e+02 4.515073805856076909e-14 2.262163427541818671e-12 1.770398370408846576e-12 0.000000000000000000e+00 0.000000000000000000e+00 0.000000000000000000e+00 0.000000000000000000e+00 0.000000000000000000e+00 0.000000000000000000e+00 0.000000000000000000e+00 2.884178723840553301e-12
8.990383384848522610e+02 4.746810135373156581e-14 2.369553320307220245e-12 1.766918487502945865e-12 0.000000000000000000e+00 0.000000000000000000e+00 0.000000000000000000e+00 0.000000000000000000e+00 0.000000000000000000e+00 0.000000000000000000e+00 0.000000000000000000e+00 2.841240695631699290e-12
9.371067257571163509e+02 8.209040690004045875e-14 2.579727727973349032e-12 1.995131809338759287e-12 0.000000000000000000e+00 0.000000000000000000e+00 0.000000000000000000e+00 0.000000000000000000e+00 0.000000000000000000e+00 0.000000000000000000e+00 0.000000000000000000e+00 2.842526202585114133e-12
9.767870599814451680e+02 1.349235375106042263e-13 2.734703850111176074e-12 2.461143930428969725e-12 0.000000000000000000e+00 0.000000000000000000e+00 0.000000000000000000e+00 0.000000000000000000e+00 0.000000000000000000e+00 0.000000000000000000e+00 0.000000000000000000e+00 2.835847517844839701e-12
1.018147596557201382e+03 1.782730680204624811e-13 2.673430946424648312e-12 3.025246883588984323e-12 0.000000000000000000e+00 0.000000000000000000e+00 0.000000000000000000e+00 0.000000000000000000e+00 0.000000000000000000e+00 0.000000000000000000e+00 0.000000000000000000e+00 2.784328908213992625e-12
1.061259481053010859e+03 1.840519712542905504e-13 2.490694220849114566e-12 3.294243382197469193e-12 0.000000000000000000e+00 0.000000000000000000e+00 0.000000000000000000e+00 0.000000000000000000e+00 0.000000000000000000e+00 0.000000000000000000e+00 0.000000000000000000e+00 2.691011716213012266e-12
1.106196871586516636e+03 1.515277407044799903e-13 2.352157796413704623e-12 3.108706551015329483e-12 0.000000000000000000e+00 0.000000000000000000e+00 0.000000000000000000e+00 0.000000000000000000e+00 0.000000000000000000e+00 0.000000000000000000e+00 0.000000000000000000e+00 2.597015145179023169e-12
1.153037066386096740e+03 1.182875944639815649e-13 2.360358197737032584e-12 2.675914557282039949e-12 0.000000000000000000e+00 0.000000000000000000e+00 0.000000000000000000e+00 0.000000000000000000e+00 0.000000000000000000e+00 0.000000000000000000e+00 0.000000000000000000e+00 2.554909531647695754e-12
1.201860636754002144e+03 1.170221910612683963e-13 2.509167150729626888e-12 2.535767159376546404e-12 0.000000000000000000e+00 0.000000000000000000e+00 0.000000000000000000e+00 0.000000000000000000e+00 0.000000000000000000e+00 0.000000000000000000e+00 0.000000000000000000e+00 2.591706468176829521e-12
1.252751565659601965e+03 1.255761053418902911e-13 2.778393148702188394e-12 2.684036452497362790e-12 0.000000000000000000e+00 0.000000000000000000e+00 0.000000000000000000e+00 0.000000000000000000e+00 0.000000000000000000e+00 0.000000000000000000e+00 0.000000000000000000e+00 2.673992302814117430e-12
1.305797392201143793e+03 8.813252820106255607e-14 2.993512963190707856e-12 2.565782011676807413e-12 0.000000000000000000e+00 0.000000000000000000e+00 0.000000000000000000e+00 0.000000000000000000e+00 0.000000000000000000e+00 0.000000000000000000e+00 0.000000000000000000e+00 2.732795706290815762e-12
1.361089362184538686e+03 -2.084350535597948776e-14 2.889037801241780579e-12 1.932250044830625234e-12 0.000000000000000000e+00 0.000000000000000000e+00 0.000000000000000000e+00 0.000000000000000000e+00 0.000000000000000000e+00 0.000000000000000000e+00 0.000000000000000000e+00 2.712413796988312457e-12
1.418722585078148768e+03 -1.192023781055234625e-13 2.731325608545516999e-12 1.313363044306279679e-12 0.000000000000000000e+00 0.000000000000000000e+00 0.000000000000000000e+00 0.000000000000000000e+00 0.000000000000000000e+00 0.000000000000000000e+00 0.000000000000000000e+00 2.647353164837981806e-12
1.478796197613608456e+03 -1.258497799648353608e-13 2.695967705011524791e-12 1.218263641431249351e-12 0.000000000000000000e+00 0.000000000000000000e+00 0.000000000000000000e+00 0.000000000000000000e+00 0.000000000000000000e+00 0.000000000000000000e+00 0.000000000000000000e+00 2.617025045941291889e-12
1.541413534314042636e+03 -9.501318567925052968e-14 2.819032007611261106e-12 1.395391759108286436e-12 0.000000000000000000e+00 0.000000000000000000e+00 0.000000000000000000e+00 0.000000000000000000e+00 0.000000000000000000e+00 0.000000000000000000e+00 0.000000000000000000e+00 2.612966999284385582e-12
1.606682305243062729e+03 -1.186502017592533648e-13 2.934616566654496759e-12 1.191537826387225050e-12 0.000000000000000000e+00 0.000000000000000000e+00 0.000000000000000000e+00 0.000000000000000000e+00 0.000000000000000000e+00 0.000000000000000000e+00 0.000000000000000000e+00 2.545935592279111752e-12
1.674714781280253874e+03 -1.670825159583805896e-13 2.904041690056806365e-12 7.373406313833146429e-13 0.000000000000000000e+00 0.000000000000000000e+00 0.000000000000000000e+00 0.000000000000000000e+00 0.000000000000000000e+00 0.000000000000000000e+00 0.000000000000000000e+00 2.421144388506091165e-12
1.745627987241863821e+03 -1.544832730155961201e-13 2.928704775321925286e-12 8.448486932374689496e-13 0.000000000000000000e+00 0.000000000000000000e+00 0.000000000000000000e+00 0.000000000000000000e+00 0.000000000000000000e+00 0.000000000000000000e+00 0.000000000000000000e+00 2.340486733307585306e-12
1.819543903178907613e+03 -8.022054552868669719e-14 3.069320576825407495e-12 1.396552669466931601e-12 0.000000000000000000e+00 0.000000000000000000e+00 0.000000000000000000e+00 0.000000000000000000e+00 0.000000000000000000e+00 0.000000000000000000e+00 0.000000000000000000e+00 2.311174634602358836e-12
1.896589674198901548e+03 -3.753582029657322152e-14 2.947936394808719893e-12 1.640730202864284458e-12 0.000000000000000000e+00 0.000000000000000000e+00 0.000000000000000000e+00 0.000000000000000000e+00 0.000000000000000000e+00 0.000000000000000000e+00 0.000000000000000000e+00 2.200558922490654969e-12
1.976897829172202819e+03 -9.436151141503404860e-14 2.488889446282862773e-12 1.029011289800064561e-12 0.000000000000000000e+00 0.000000000000000000e+00 0.000000000000000000e+00 0.000000000000000000e+00 0.000000000000000000e+00 0.000000000000000000e+00 0.000000000000000000e+00 1.941095182026399199e-12
2.060606508699101141e+03 -1.056667661202395370e-13 2.071315805197146407e-12 7.380982053815213753e-13 0.000000000000000000e+00 0.000000000000000000e+00 0.000000000000000000e+00 0.000000000000000000e+00 0.000000000000000000e+00 0.000000000000000000e+00 0.000000000000000000e+00 1.669432989926589251e-12
2.147859702729852415e+03 -4.903734138603385264e-14 1.819188664325918890e-12 8.750291605226337118e-13 0.000000000000000000e+00 0.000000000000000000e+00 0.000000000000000000e+00 0.000000000000000000e+00 0.000000000000000000e+00 0.000000000000000000e+00 0.000000000000000000e+00 1.535124456478204079e-12
2.238807498246347677e+03 -3.897632014461538990e-14 1.897253021934520700e-12 1.245144376064755916e-12 0.000000000000000000e+00 0.000000000000000000e+00 0.000000000000000000e+00 0.000000000000000000e+00 0.000000000000000000e+00 0.000000000000000000e+00 0.000000000000000000e+00 1.508318073526836847e-12
2.333606337431473548e+03 -7.063049465964082885e-14 1.896013787757342716e-12 1.271032492062561560e-12 0.000000000000000000e+00 0.000000000000000000e+00 0.000000000000000000e+00 0.000000000000000000e+00 0.000000000000000000e+00 0.000000000000000000e+00 0.000000000000000000e+00 1.534581587584231682e-12
2.432419286770282724e+03 -1.204358544630402550e-14 2.063293704048564727e-12 1.600302260079700477e-12 0.000000000000000000e+00 0.000000000000000000e+00 0.000000000000000000e+00 0.000000000000000000e+00 0.000000000000000000e+00 0.000000000000000000e+00 0.000000000000000000e+00 1.585487749566839941e-12
2.535416317545798393e+03 2.962207220276918907e-14 2.020784225129543647e-12 1.928962631469185087e-12 0.000000000000000000e+00 0.000000000000000000e+00 0.000000000000000000e+00 0.000000000000000000e+00 0.000000000000000000e+00 0.000000000000000000e+00 0.000000000000000000e+00 1.581309684399801053e-12
2.642774598212020919e+03 -1.468415851772337527e-14 2.293607649291232044e-12 2.078734605992689882e-12 0.000000000000000000e+00 0.000000000000000000e+00 0.000000000000000000e+00 0.000000000000000000e+00 0.000000000000000000e+00 0.000000000000000000e+00 0.000000000000000000e+00 1.769878172364060422e-12
2.754678799146972779e+03 2.105454870213529892e-15 2.422913016305472221e-12 1.972612924604910272e-12 0.000000000000000000e+00 0.000000000000000000e+00 0.000000000000000000e+00 0.000000000000000000e+00 0.000000000000000000e+00 0.000000000000000000e+00 0.000000000000000000e+00 1.887149268496523137e-12
2.871321410310085412e+03 5.278968167727099135e-14 3.012574105968732039e-12 3.172361726588571095e-12 0.000000000000000000e+00 0.000000000000000000e+00 0.000000000000000000e+00 0.000000000000000000e+00 0.000000000000000000e+00 0.000000000000000000e+00 0.000000000000000000e+00 2.157490338615082805e-12
2.992903072350262391e+03 7.111330385935493362e-14 3.678560629572980761e-12 4.036332783679251561e-12 0.000000000000000000e+00 0.000000000000000000e+00 0.000000000000000000e+00 0.000000000000000000e+00 0.000000000000000000e+00 0.000000000000000000e+00 0.000000000000000000e+00 2.582800749405581761e-12
3.119632921734205411e+03 2.020039952664422681e-13 4.373511647191744998e-12 5.224842212908732079e-12 0.000000000000000000e+00 0.000000000000000000e+00 0.000000000000000000e+00 0.000000000000000000e+00 0.000000000000000000e+00 0.000000000000000000e+00 0.000000000000000000e+00 3.017128971041352193e-12
3.251728950488693499e+03 2.356693084645075976e-13 5.494274157084434952e-12 6.967111138995967888e-12 0.000000000000000000e+00 0.000000000000000000e+00 0.000000000000000000e+00 0.000000000000000000e+00 0.000000000000000000e+00 0.000000000000000000e+00 0.000000000000000000e+00 3.680544717350086563e-12
3.389418381175546074e+03 3.145940214646168106e-13 7.360937419493846467e-12 9.207681435275670360e-12 0.000000000000000000e+00 0.000000000000000000e+00 0.000000000000000000e+00 0.000000000000000000e+00 0.000000000000000000e+00 0.000000000000000000e+00 0.000000000000000000e+00 4.796866204857275001e-12
3.532938057744372145e+03 5.301225434515039406e-13 1.038257820489036544e-11 1.214709065293875508e-11 0.000000000000000000e+00 0.000000000000000000e+00 0.000000000000000000e+00 0.000000000000000000e+00 0.000000000000000000e+00 0.000000000000000000e+00 0.000000000000000000e+00 6.580198710449358915e-12
3.682534852935320941e+03 1.030328586598365767e-12 1.713988579044725338e-11 2.264500593679328436e-11 0.000000000000000000e+00 0.000000000000000000e+00 0.000000000000000000e+00 0.000000000000000000e+00 0.000000000000000000e+00 0.000000000000000000e+00 0.000000000000000000e+00 1.086983969763209198e-11
3.838466092932727861e+03 1.214292107448236824e-12 5.824779394949931703e-11 6.454210268670196634e-11 0.000000000000000000e+00 0.000000000000000000e+00 0.000000000000000000e+00 0.000000000000000000e+00 0.000000000000000000e+00 0.000000000000000000e+00 0.000000000000000000e+00 2.503965875649517408e-11
4.001000000000001819e+03 0.000000000000000000e+00 0.000000000000000000e+00 0.000000000000000000e+00 0.000000000000000000e+00 0.000000000000000000e+00 0.000000000000000000e+00 0.000000000000000000e+00 0.000000000000000000e+00 0.000000000000000000e+00 0.000000000000000000e+00 0.000000000000000000e+00
