1.000000000000000000e+00 -1.930298733932996663e-09 1.250569343477805561e-08 7.665592155486267615e-09 0.000000000000000000e+00 0.000000000000000000e+00 0.000000000000000000e+00 0.000000000000000000e+00 0.000000000000000000e+00 0.000000000000000000e+00 0.000000000000000000e+00 4.106374928943002554e-08
1.045961553325497784e+00 -1.764878450122463812e-09 1.145527424026852408e-08 7.006618016149079492e-09 0.000000000000000000e+00 0.000000000000000000e+00 0.000000000000000000e+00 0.000000000000000000e+00 0.000000000000000000e+00 0.000000000000000000e+00 0.000000000000000000e+00 3.753500194411214964e-08
1.094035571035088195e+00 -1.613314684026671638e-09 1.047831727332585367e-08 6.404332078176016406e-09 0.000000000000000000e+00 0.000000000000000000e+00 0.000000000000000000e+00 0.000000000000000000e+00 0.000000000000000000e+00 0.000000000000000000e+00 0.000000000000000000e+00 3.430920122596432359e-08
1.144319145273208882e+00 -1.474735511788333333e-09 9.583220408922871345e-09 5.853812933462818853e-09 0.000000000000000000e+00 0.000000000000000000e+00 0.000000000000000000e+00 0.000000000000000000e+00 0.000000000000000000e+00 0.000000000000000000e+00 0.000000000000000000e+00 3.136062264127871554e-08
1.196913830690071512e+00 -1.348031115431382393e-09 8.763289626583242432e-09 5.350621218122008772e-09 0.000000000000000000e+00 0.000000000000000000e+00 0.000000000000000000e+00 0.000000000000000000e+00 0.000000000000000000e+00 0.000000000000000000e+00 0.000000000000000000e+00 2.866541563231230091e-08
1.251925849545358904e+00 -1.232148586777481407e-09 8.009986099263530457e-09 4.890725947372222635e-09 0.000000000000000000e+00 0.000000000000000000e+00 0.000000000000000000e+00 0.000000000000000000e+00 0.000000000000000000e+00 0.000000000000000000e+00 0.000000000000000000e+00 2.620174484576601734e-08
1.309466306238806999e+00 -1.126263448782939035e-09 7.323754257280838143e-09 4.470332698164237076e-09 0.000000000000000000e+00 0.000000000000000000e+00 0.000000000000000000e+00 0.000000000000000000e+00 0.000000000000000000e+00 0.000000000000000000e+00 0.000000000000000000e+00 2.394986761168192127e-08
1.369651411700944621e+00 -1.029443954035117859e-09 6.694395428566400121e-09 4.086110683429923638e-09 0.000000000000000000e+00 0.000000000000000000e+00 0.000000000000000000e+00 0.000000000000000000e+00 0.000000000000000000e+00 0.000000000000000000e+00 0.000000000000000000e+00 2.189145958489827097e-08
1.432602718097180983e+00 -9.409631065064022943e-10 6.120158761290417002e-09 3.734881408168829028e-09 0.000000000000000000e+00 0.000000000000000000e+00 0.000000000000000000e+00 0.000000000000000000e+00 0.000000000000000000e+00 0.000000000000000000e+00 0.000000000000000000e+00 2.000997748706205443e-08
1.498447364319257513e+00 -8.600722302151493837e-10 5.594267053003210165e-09 3.413867529734577054e-09 0.000000000000000000e+00 0.000000000000000000e+00 0.000000000000000000e+00 0.000000000000000000e+00 0.000000000000000000e+00 0.000000000000000000e+00 0.000000000000000000e+00 1.829016553796584491e-08
1.567318332759868760e+00 -7.861401303758774842e-10 5.114231242700609633e-09 3.120451536363260885e-09 0.000000000000000000e+00 0.000000000000000000e+00 0.000000000000000000e+00 0.000000000000000000e+00 0.000000000000000000e+00 0.000000000000000000e+00 0.000000000000000000e+00 1.671817116753001058e-08
1.639354717889041746e+00 -7.185583661612152767e-10 4.674686918280948748e-09 2.852234243636476276e-09 0.000000000000000000e+00 0.000000000000000000e+00 0.000000000000000000e+00 0.000000000000000000e+00 0.000000000000000000e+00 0.000000000000000000e+00 0.000000000000000000e+00 1.528125660114449906e-08
1.714702007174705223e+00 -6.567862357235788700e-10 4.273021437792790130e-09 2.607079169655512239e-09 0.000000000000000000e+00 0.000000000000000000e+00 0.000000000000000000e+00 0.000000000000000000e+00 0.000000000000000000e+00 0.000000000000000000e+00 0.000000000000000000e+00 1.396783478604018733e-08
1.793512374914803642e+00 -6.003248302569256692e-10 3.905901116612952594e-09 2.382983124177036084e-09 0.000000000000000000e+00 0.000000000000000000e+00 0.000000000000000000e+00 0.000000000000000000e+00 0.000000000000000000e+00 0.000000000000000000e+00 0.000000000000000000e+00 1.276728936046976715e-08
1.875944989574390709e+00 -5.487166162285139218e-10 3.570206567176244487e-09 2.178150860142035675e-09 0.000000000000000000e+00 0.000000000000000000e+00 0.000000000000000000e+00 0.000000000000000000e+00 0.000000000000000000e+00 0.000000000000000000e+00 0.000000000000000000e+00 1.166992253104864257e-08
1.962166335248414217e+00 -5.015448529802974213e-10 3.263380786081529590e-09 1.990926186697840044e-09 0.000000000000000000e+00 0.000000000000000000e+00 0.000000000000000000e+00 0.000000000000000000e+00 0.000000000000000000e+00 0.000000000000000000e+00 0.000000000000000000e+00 1.066686746322382255e-08
2.052350547899430833e+00 -4.584896291628115274e-10 2.986156921305888112e-09 1.819731878119854637e-09 0.000000000000000000e+00 0.000000000000000000e+00 0.000000000000000000e+00 0.000000000000000000e+00 0.000000000000000000e+00 0.000000000000000000e+00 0.000000000000000000e+00 9.750128891657441164e-09
2.146679767049325172e+00 -4.190844183955320937e-10 2.730604371914180194e-09 1.663315445046480805e-09 0.000000000000000000e+00 0.000000000000000000e+00 0.000000000000000000e+00 0.000000000000000000e+00 0.000000000000000000e+00 0.000000000000000000e+00 0.000000000000000000e+00 8.912212788365142865e-09
2.245344503635329669e+00 -3.830603422569063979e-10 2.496741853020217542e-09 1.520343758980258920e-09 0.000000000000000000e+00 0.000000000000000000e+00 0.000000000000000000e+00 0.000000000000000000e+00 0.000000000000000000e+00 0.000000000000000000e+00 0.000000000000000000e+00 8.146316710249469892e-09
2.348544024773278505e+00 -3.501285727501042202e-10 2.282748950182101204e-09 1.389661996299878590e-09 0.000000000000000000e+00 0.000000000000000000e+00 0.000000000000000000e+00 0.000000000000000000e+00 0.000000000000000000e+00 0.000000000000000000e+00 0.000000000000000000e+00 7.446235483519457723e-09
2.456486756205174871e+00 -3.200189920025737564e-10 2.086610676165039538e-09 1.270219134099472825e-09 0.000000000000000000e+00 0.000000000000000000e+00 0.000000000000000000e+00 0.000000000000000000e+00 0.000000000000000000e+00 0.000000000000000000e+00 0.000000000000000000e+00 6.806304947343420422e-09
2.569390703243878082e+00 -2.925031307447737347e-10 1.907602011320992930e-09 1.161031375797556685e-09 0.000000000000000000e+00 0.000000000000000000e+00 0.000000000000000000e+00 0.000000000000000000e+00 0.000000000000000000e+00 0.000000000000000000e+00 0.000000000000000000e+00 6.221366871182416540e-09
2.687483891065059805e+00 -2.673487450430801404e-10 1.743667952640438483e-09 1.061232417166271428e-09 0.000000000000000000e+00 0.000000000000000000e+00 0.000000000000000000e+00 0.000000000000000000e+00 0.000000000000000000e+00 0.000000000000000000e+00 0.000000000000000000e+00 5.686682955995823386e-09
2.811004825235662974e+00 -2.443598281405466207e-10 1.594090810729171407e-09 9.700195997787062350e-10 0.000000000000000000e+00 0.000000000000000000e+00 0.000000000000000000e+00 0.000000000000000000e+00 0.000000000000000000e+00 0.000000000000000000e+00 0.000000000000000000e+00 5.197951975166615304e-09
2.940202973408962972e+00 -2.233454191406523777e-10 1.457091316766780184e-09 8.866357993035819143e-10 0.000000000000000000e+00 0.000000000000000000e+00 0.000000000000000000e+00 0.000000000000000000e+00 0.000000000000000000e+00 0.000000000000000000e+00 0.000000000000000000e+00 4.751207253533766580e-09
3.075339269159086619e+00 -2.041922599216852350e-10 1.334872561488633720e-09 8.103653800604577627e-10 0.000000000000000000e+00 0.000000000000000000e+00 0.000000000000000000e+00 0.000000000000000000e+00 0.000000000000000000e+00 0.000000000000000000e+00 0.000000000000000000e+00 4.342938741872136445e-09
3.216686638972539480e+00 -1.866431009977205629e-10 1.221139340114941234e-09 7.406953535019345767e-10 0.000000000000000000e+00 0.000000000000000000e+00 0.000000000000000000e+00 0.000000000000000000e+00 0.000000000000000000e+00 0.000000000000000000e+00 0.000000000000000000e+00 3.969763715842559405e-09
3.364530553461092310e+00 -1.705973961968056356e-10 1.116883837092331228e-09 6.770181452324066429e-10 0.000000000000000000e+00 0.000000000000000000e+00 0.000000000000000000e+00 0.000000000000000000e+00 0.000000000000000000e+00 0.000000000000000000e+00 0.000000000000000000e+00 3.628654798078878152e-09
3.519169603909261035e+00 -1.559276172847213949e-10 1.021453273191487498e-09 6.188222655331646380e-10 0.000000000000000000e+00 0.000000000000000000e+00 0.000000000000000000e+00 0.000000000000000000e+00 0.000000000000000000e+00 0.000000000000000000e+00 0.000000000000000000e+00 3.316851753369781115e-09
3.680916105320806597e+00 -1.425116744346037225e-10 9.337208659507214683e-10 5.656322074238510975e-10 0.000000000000000000e+00 0.000000000000000000e+00 0.000000000000000000e+00 0.000000000000000000e+00 0.000000000000000000e+00 0.000000000000000000e+00 0.000000000000000000e+00 3.031828341260583871e-09
3.850096727182192424e+00 -1.302546511418339381e-10 8.537881039548915634e-10 5.170087306535962283e-10 0.000000000000000000e+00 0.000000000000000000e+00 0.000000000000000000e+00 0.000000000000000000e+00 0.000000000000000000e+00 0.000000000000000000e+00 0.000000000000000000e+00 2.771295037246699103e-09
4.027053153216901826e+00 -1.190574962464734069e-10 7.810244224457561435e-10 4.725580162088587228e-10 0.000000000000000000e+00 0.000000000000000000e+00 0.000000000000000000e+00 0.000000000000000000e+00 0.000000000000000000e+00 0.000000000000000000e+00 0.000000000000000000e+00 2.533151010916021709e-09
4.212142771463094348e+00 -1.088176621221068637e-10 7.144188928285369886e-10 4.319335554606234262e-10 0.000000000000000000e+00 0.000000000000000000e+00 0.000000000000000000e+00 0.000000000000000000e+00 0.000000000000000000e+00 0.000000000000000000e+00 0.000000000000000000e+00 2.315506298719373099e-09
4.405739396068305780e+00 -9.945445173289208495e-11 6.533252023495657677e-10 3.948047372898427010e-10 0.000000000000000000e+00 0.000000000000000000e+00 0.000000000000000000e+00 0.000000000000000000e+00 0.000000000000000000e+00 0.000000000000000000e+00 0.000000000000000000e+00 2.116569348201438511e-09
4.608234022258945295e+00 -9.089547198588859700e-11 5.974568049229252313e-10 3.608702604643495062e-10 0.000000000000000000e+00 0.000000000000000000e+00 0.000000000000000000e+00 0.000000000000000000e+00 0.000000000000000000e+00 0.000000000000000000e+00 0.000000000000000000e+00 1.934723656653908304e-09
4.820035616009373136e+00 -8.307225352192132260e-11 5.463629495382746815e-10 3.298485403642906140e-10 0.000000000000000000e+00 0.000000000000000000e+00 0.000000000000000000e+00 0.000000000000000000e+00 0.000000000000000000e+00 0.000000000000000000e+00 0.000000000000000000e+00 1.768496475625421290e-09
5.041571940005385777e+00 -7.593393625307621898e-11 5.002673962701863373e-10 3.014762653318781335e-10 0.000000000000000000e+00 0.000000000000000000e+00 0.000000000000000000e+00 0.000000000000000000e+00 0.000000000000000000e+00 0.000000000000000000e+00 0.000000000000000000e+00 1.616557715222343775e-09
5.273290417570277278e+00 -6.940047449373056550e-11 4.577415637513782125e-10 2.755564360070506941e-10 0.000000000000000000e+00 0.000000000000000000e+00 0.000000000000000000e+00 0.000000000000000000e+00 0.000000000000000000e+00 0.000000000000000000e+00 0.000000000000000000e+00 1.477694605447618481e-09
5.515659036298269591e+00 -6.343180491457797180e-11 4.190948560192085901e-10 2.518565476274956975e-10 0.000000000000000000e+00 0.000000000000000000e+00 0.000000000000000000e+00 0.000000000000000000e+00 0.000000000000000000e+00 0.000000000000000000e+00 0.000000000000000000e+00 1.350771873842044603e-09
5.769167293220356818e+00 -5.796629475671303888e-11 3.831696001670499084e-10 2.302125932299661267e-10 0.000000000000000000e+00 0.000000000000000000e+00 0.000000000000000000e+00 0.000000000000000000e+00 0.000000000000000000e+00 0.000000000000000000e+00 0.000000000000000000e+00 1.234739037329732441e-09
6.034327183411422268e+00 -5.297535183093398882e-11 3.505459487884964328e-10 2.104193175829766770e-10 0.000000000000000000e+00 0.000000000000000000e+00 0.000000000000000000e+00 0.000000000000000000e+00 0.000000000000000000e+00 0.000000000000000000e+00 0.000000000000000000e+00 1.128671570318586913e-09
6.311674234035287157e+00 -4.841577053519297157e-11 3.209234516522722609e-10 1.923237461927448107e-10 0.000000000000000000e+00 0.000000000000000000e+00 0.000000000000000000e+00 0.000000000000000000e+00 0.000000000000000000e+00 0.000000000000000000e+00 0.000000000000000000e+00 1.031741842864853739e-09
6.601768585916069298e+00 -4.424243769909769028e-11 2.935343394025075051e-10 1.757925275482751230e-10 0.000000000000000000e+00 0.000000000000000000e+00 0.000000000000000000e+00 0.000000000000000000e+00 0.000000000000000000e+00 0.000000000000000000e+00 0.000000000000000000e+00 9.431372746086441763e-10
6.905196124820247583e+00 -4.042878323954940981e-11 2.685263154346931066e-10 1.606799006277976714e-10 0.000000000000000000e+00 0.000000000000000000e+00 0.000000000000000000e+00 0.000000000000000000e+00 0.000000000000000000e+00 0.000000000000000000e+00 0.000000000000000000e+00 8.621387977876668976e-10
7.222569664734193928e+00 -3.695133628930150267e-11 2.461683404327005949e-10 1.468513402975255574e-10 0.000000000000000000e+00 0.000000000000000000e+00 0.000000000000000000e+00 0.000000000000000000e+00 0.000000000000000000e+00 0.000000000000000000e+00 0.000000000000000000e+00 7.881167481743667504e-10
7.554530185526997954e+00 -3.376519837862583779e-11 2.253071058422897365e-10 1.342255893042954663e-10 0.000000000000000000e+00 0.000000000000000000e+00 0.000000000000000000e+00 0.000000000000000000e+00 0.000000000000000000e+00 0.000000000000000000e+00 0.000000000000000000e+00 7.204535515966862878e-10
7.901748127498179564e+00 -3.085211919187545540e-11 2.061681489141335164e-10 1.226851365053144533e-10 0.000000000000000000e+00 0.000000000000000000e+00 0.000000000000000000e+00 0.000000000000000000e+00 0.000000000000000000e+00 0.000000000000000000e+00 0.000000000000000000e+00 6.585979992416825496e-10
8.264924745424840680e+00 -2.819255581822469244e-11 1.888711449342712444e-10 1.121325950511573438e-10 0.000000000000000000e+00 0.000000000000000000e+00 0.000000000000000000e+00 0.000000000000000000e+00 0.000000000000000000e+00 0.000000000000000000e+00 0.000000000000000000e+00 6.020640390566755706e-10
8.644793524842908639e+00 -2.575687644631576822e-11 1.727855285968125265e-10 1.024935692819532732e-10 0.000000000000000000e+00 0.000000000000000000e+00 0.000000000000000000e+00 0.000000000000000000e+00 0.000000000000000000e+00 0.000000000000000000e+00 0.000000000000000000e+00 5.503886643809626870e-10
9.042121663422893363e+00 -2.353270995015852199e-11 1.582079307588692939e-10 9.367982422905695678e-11 0.000000000000000000e+00 0.000000000000000000e+00 0.000000000000000000e+00 0.000000000000000000e+00 0.000000000000000000e+00 0.000000000000000000e+00 0.000000000000000000e+00 5.031492049732183108e-10
9.457711620431943800e+00 -2.150179847552161679e-11 1.450255236915416258e-10 8.561867755070398710e-11 0.000000000000000000e+00 0.000000000000000000e+00 0.000000000000000000e+00 0.000000000000000000e+00 0.000000000000000000e+00 0.000000000000000000e+00 0.000000000000000000e+00 4.599806702012058775e-10
9.892402737411607916e+00 -1.964247899961574790e-11 1.327779070795675560e-10 7.825701091442854989e-11 0.000000000000000000e+00 0.000000000000000000e+00 0.000000000000000000e+00 0.000000000000000000e+00 0.000000000000000000e+00 0.000000000000000000e+00 0.000000000000000000e+00 4.205145307232136722e-10
1.034707293334445133e+01 -1.794473910452753796e-11 1.217009554134001509e-10 7.152394284611017863e-11 0.000000000000000000e+00 0.000000000000000000e+00 0.000000000000000000e+00 0.000000000000000000e+00 0.000000000000000000e+00 0.000000000000000000e+00 0.000000000000000000e+00 3.844447902539172078e-10
1.082264047773317550e+01 -1.639064639524561078e-11 1.114460877881837481e-10 6.537488737290096865e-11 0.000000000000000000e+00 0.000000000000000000e+00 0.000000000000000000e+00 0.000000000000000000e+00 0.000000000000000000e+00 0.000000000000000000e+00 0.000000000000000000e+00 3.514725005955928380e-10
1.132006584517320391e+01 -1.497364787745610695e-11 1.022844410252855341e-10 5.974397046354080586e-11 0.000000000000000000e+00 0.000000000000000000e+00 0.000000000000000000e+00 0.000000000000000000e+00 0.000000000000000000e+00 0.000000000000000000e+00 0.000000000000000000e+00 3.213372137841689387e-10
1.184035365516427518e+01 -1.367480336873879790e-11 9.368229593949521543e-11 5.460776888106135802e-11 0.000000000000000000e+00 0.000000000000000000e+00 0.000000000000000000e+00 0.000000000000000000e+00 0.000000000000000000e+00 0.000000000000000000e+00 0.000000000000000000e+00 2.937896773171993778e-10
1.238455470107886391e+01 -1.248907621199833088e-11 8.590347598070694150e-11 4.990998712953701803e-11 0.000000000000000000e+00 0.000000000000000000e+00 0.000000000000000000e+00 0.000000000000000000e+00 0.000000000000000000e+00 0.000000000000000000e+00 0.000000000000000000e+00 2.686093279211397961e-10
1.295376807238504213e+01 -1.140354077686050544e-11 7.869800776905936468e-11 4.561724687154123589e-11 0.000000000000000000e+00 0.000000000000000000e+00 0.000000000000000000e+00 0.000000000000000000e+00 0.000000000000000000e+00 0.000000000000000000e+00 0.000000000000000000e+00 2.455926084831265029e-10
1.354914337441009486e+01 -1.041318983768520070e-11 7.222867155213762486e-11 4.169022112145579390e-11 0.000000000000000000e+00 0.000000000000000000e+00 0.000000000000000000e+00 0.000000000000000000e+00 0.000000000000000000e+00 0.000000000000000000e+00 0.000000000000000000e+00 2.245572355293716406e-10
1.417188305012786387e+01 -9.507256117461909345e-12 6.627166891737587050e-11 3.810182393791178687e-11 0.000000000000000000e+00 0.000000000000000000e+00 0.000000000000000000e+00 0.000000000000000000e+00 0.000000000000000000e+00 0.000000000000000000e+00 0.000000000000000000e+00 2.053269257007424941e-10
1.482324480865903027e+01 -8.678250005971205708e-12 6.076295933855596536e-11 3.482516594753827860e-11 0.000000000000000000e+00 0.000000000000000000e+00 0.000000000000000000e+00 0.000000000000000000e+00 0.000000000000000000e+00 0.000000000000000000e+00 0.000000000000000000e+00 1.877504771622873386e-10
1.550454416538912561e+01 -7.922070555043428341e-12 5.584806540712189029e-11 3.182407581350218570e-11 0.000000000000000000e+00 0.000000000000000000e+00 0.000000000000000000e+00 0.000000000000000000e+00 0.000000000000000000e+00 0.000000000000000000e+00 0.000000000000000000e+00 1.716865832318542560e-10
1.621715709883418910e+01 -7.229275471629244539e-12 5.122179711303405177e-11 2.908704216887753148e-11 0.000000000000000000e+00 0.000000000000000000e+00 0.000000000000000000e+00 0.000000000000000000e+00 0.000000000000000000e+00 0.000000000000000000e+00 0.000000000000000000e+00 1.569994958806260702e-10
1.696252282962023727e+01 -6.596202645838459609e-12 4.702599507898633901e-11 2.658408935916008875e-11 0.000000000000000000e+00 0.000000000000000000e+00 0.000000000000000000e+00 0.000000000000000000e+00 0.000000000000000000e+00 0.000000000000000000e+00 0.000000000000000000e+00 1.435771542351084423e-10
1.774214672718879626e+01 -6.018313747387152705e-12 4.323461413764444041e-11 2.429340835736402936e-11 0.000000000000000000e+00 0.000000000000000000e+00 0.000000000000000000e+00 0.000000000000000000e+00 0.000000000000000000e+00 0.000000000000000000e+00 0.000000000000000000e+00 1.313088394178383363e-10
1.855760335009928852e+01 -5.489279734760156538e-12 3.970420218504342266e-11 2.220292848585585345e-11 0.000000000000000000e+00 0.000000000000000000e+00 0.000000000000000000e+00 0.000000000000000000e+00 0.000000000000000000e+00 0.000000000000000000e+00 0.000000000000000000e+00 1.200937781740759389e-10
1.941053962606831718e+01 -5.005987594440366820e-12 3.651102999889343770e-11 2.029010571469565987e-11 0.000000000000000000e+00 0.000000000000000000e+00 0.000000000000000000e+00 0.000000000000000000e+00 0.000000000000000000e+00 0.000000000000000000e+00 0.000000000000000000e+00 1.098435902872637194e-10
2.030267817816854148e+01 -4.564289062564406589e-12 3.359622484726275189e-11 1.854141565815396145e-11 0.000000000000000000e+00 0.000000000000000000e+00 0.000000000000000000e+00 0.000000000000000000e+00 0.000000000000000000e+00 0.000000000000000000e+00 0.000000000000000000e+00 1.004742755198992571e-10
2.123582080390486126e+01 -4.160459728864600411e-12 3.091934188975856020e-11 1.694364158656503306e-11 0.000000000000000000e+00 0.000000000000000000e+00 0.000000000000000000e+00 0.000000000000000000e+00 0.000000000000000000e+00 0.000000000000000000e+00 0.000000000000000000e+00 9.190947436767462446e-11
2.221185211419424377e+01 -3.791291773607249092e-12 2.847349097863656005e-11 1.548383819135519051e-11 0.000000000000000000e+00 0.000000000000000000e+00 0.000000000000000000e+00 0.000000000000000000e+00 0.000000000000000000e+00 0.000000000000000000e+00 0.000000000000000000e+00 8.408168646003840999e-11
2.323274333959886206e+01 -3.453620399434095985e-12 2.621364872672189394e-11 1.414908136402825022e-11 0.000000000000000000e+00 0.000000000000000000e+00 0.000000000000000000e+00 0.000000000000000000e+00 0.000000000000000000e+00 0.000000000000000000e+00 0.000000000000000000e+00 7.692573469047338301e-11
2.430055631149943096e+01 -3.144967741821877724e-12 2.414954612483423835e-11 1.292930598793140829e-11 0.000000000000000000e+00 0.000000000000000000e+00 0.000000000000000000e+00 0.000000000000000000e+00 0.000000000000000000e+00 0.000000000000000000e+00 0.000000000000000000e+00 7.038560026246926330e-11
2.541744762624967180e+01 -2.862836795146792524e-12 2.226417520795346984e-11 1.181453025974677285e-11 0.000000000000000000e+00 0.000000000000000000e+00 0.000000000000000000e+00 0.000000000000000000e+00 0.000000000000000000e+00 0.000000000000000000e+00 0.000000000000000000e+00 6.440774464601472360e-11
2.658567300072159867e+01 -2.604880588754107227e-12 2.052990426456695798e-11 1.079602497819163552e-11 0.000000000000000000e+00 0.000000000000000000e+00 0.000000000000000000e+00 0.000000000000000000e+00 0.000000000000000000e+00 0.000000000000000000e+00 0.000000000000000000e+00 5.894333007582006180e-11
2.780759182803850749e+01 -2.369289180181894579e-12 1.895917791810068161e-11 9.863960437394283407e-12 0.000000000000000000e+00 0.000000000000000000e+00 0.000000000000000000e+00 0.000000000000000000e+00 0.000000000000000000e+00 0.000000000000000000e+00 0.000000000000000000e+00 5.394911346929512082e-11
2.908567194269658174e+01 -2.153679522182659887e-12 1.749342829028466428e-11 9.013686351129949769e-12 0.000000000000000000e+00 0.000000000000000000e+00 0.000000000000000000e+00 0.000000000000000000e+00 0.000000000000000000e+00 0.000000000000000000e+00 0.000000000000000000e+00 4.938336049320812945e-11
3.042249460469875899e+01 -1.956840931690154096e-12 1.617518222314682727e-11 8.235263098519170162e-12 0.000000000000000000e+00 0.000000000000000000e+00 0.000000000000000000e+00 0.000000000000000000e+00 0.000000000000000000e+00 0.000000000000000000e+00 0.000000000000000000e+00 4.521092233762007479e-11
3.182075971276728410e+01 -1.776988600916881932e-12 1.497274824363264091e-11 7.523218974215365613e-12 0.000000000000000000e+00 0.000000000000000000e+00 0.000000000000000000e+00 0.000000000000000000e+00 0.000000000000000000e+00 0.000000000000000000e+00 0.000000000000000000e+00 4.139686880877713836e-11
3.328329125716349779e+01 -1.612524826240788123e-12 1.386108895709746619e-11 6.872829014934902002e-12 0.000000000000000000e+00 0.000000000000000000e+00 0.000000000000000000e+00 0.000000000000000000e+00 0.000000000000000000e+00 0.000000000000000000e+00 0.000000000000000000e+00 3.791092696527985653e-11
3.481304302312768328e+01 -1.462189675409479310e-12 1.283895361680635639e-11 6.279936509824322753e-12 0.000000000000000000e+00 0.000000000000000000e+00 0.000000000000000000e+00 0.000000000000000000e+00 0.000000000000000000e+00 0.000000000000000000e+00 0.000000000000000000e+00 3.472436383600153957e-11
3.641310455645803046e+01 -1.324890074671189108e-12 1.191254224321386169e-11 5.735938891052770273e-12 0.000000000000000000e+00 0.000000000000000000e+00 0.000000000000000000e+00 0.000000000000000000e+00 0.000000000000000000e+00 0.000000000000000000e+00 0.000000000000000000e+00 3.181226520584444479e-11
3.808670740327659132e+01 -1.199368857625133559e-12 1.105152760327599034e-11 5.238959307222672642e-12 0.000000000000000000e+00 0.000000000000000000e+00 0.000000000000000000e+00 0.000000000000000000e+00 0.000000000000000000e+00 0.000000000000000000e+00 0.000000000000000000e+00 2.914981696881214553e-11
3.983723163658493149e+01 -1.084704683492752091e-12 1.026541674450284142e-11 4.785445142797512626e-12 0.000000000000000000e+00 0.000000000000000000e+00 0.000000000000000000e+00 0.000000000000000000e+00 0.000000000000000000e+00 0.000000000000000000e+00 0.000000000000000000e+00 2.671675066050638205e-11
4.166821268279002766e+01 -9.800357958131069183e-13 9.552530966065499467e-12 4.370041980184046877e-12 0.000000000000000000e+00 0.000000000000000000e+00 0.000000000000000000e+00 0.000000000000000000e+00 0.000000000000000000e+00 0.000000000000000000e+00 0.000000000000000000e+00 2.449324553063379741e-11
4.358334846198825829e+01 -8.844583676806810616e-13 8.898313970317508014e-12 3.990415647783864987e-12 0.000000000000000000e+00 0.000000000000000000e+00 0.000000000000000000e+00 0.000000000000000000e+00 0.000000000000000000e+00 0.000000000000000000e+00 0.000000000000000000e+00 2.246089468788257498e-11
4.558650685642769673e+01 -7.971983106636452179e-13 8.301168957716700947e-12 3.643583747346186343e-12 0.000000000000000000e+00 0.000000000000000000e+00 0.000000000000000000e+00 0.000000000000000000e+00 0.000000000000000000e+00 0.000000000000000000e+00 0.000000000000000000e+00 2.060349148923881113e-11
4.768173352223256245e+01 -7.175438011914044956e-13 7.749021469028447930e-12 3.326518079671553750e-12 0.000000000000000000e+00 0.000000000000000000e+00 0.000000000000000000e+00 0.000000000000000000e+00 0.000000000000000000e+00 0.000000000000000000e+00 0.000000000000000000e+00 1.890574200220787442e-11
4.987326006016684232e+01 -6.448231330245836907e-13 7.235512250426464738e-12 3.036917324609216553e-12 0.000000000000000000e+00 0.000000000000000000e+00 0.000000000000000000e+00 0.000000000000000000e+00 0.000000000000000000e+00 0.000000000000000000e+00 0.000000000000000000e+00 1.735404476487782615e-11
5.216551256193860553e+01 -5.785417281015275027e-13 6.770209394750953509e-12 2.771972766571949168e-12 0.000000000000000000e+00 0.000000000000000000e+00 0.000000000000000000e+00 0.000000000000000000e+00 0.000000000000000000e+00 0.000000000000000000e+00 0.000000000000000000e+00 1.593602448549453610e-11
5.456312054930609179e+01 -5.181532117597346482e-13 6.348721443706374965e-12 2.529246775259089394e-12 0.000000000000000000e+00 0.000000000000000000e+00 0.000000000000000000e+00 0.000000000000000000e+00 0.000000000000000000e+00 0.000000000000000000e+00 0.000000000000000000e+00 1.464046294225576515e-11
5.707092632403857380e+01 -4.631350969415205688e-13 5.959893591174440500e-12 2.307718885690994724e-12 0.000000000000000000e+00 0.000000000000000000e+00 0.000000000000000000e+00 0.000000000000000000e+00 0.000000000000000000e+00 0.000000000000000000e+00 0.000000000000000000e+00 1.345644670242399482e-11
5.969399474761641500e+01 -4.130639203321940578e-13 5.604960156292766882e-12 2.104975172321164504e-12 0.000000000000000000e+00 0.000000000000000000e+00 0.000000000000000000e+00 0.000000000000000000e+00 0.000000000000000000e+00 0.000000000000000000e+00 0.000000000000000000e+00 1.237474802018841319e-11
6.243762347042098781e+01 -3.675545788938773558e-13 5.279995253609090596e-12 1.919477583107860412e-12 0.000000000000000000e+00 0.000000000000000000e+00 0.000000000000000000e+00 0.000000000000000000e+00 0.000000000000000000e+00 0.000000000000000000e+00 0.000000000000000000e+00 1.138624269472549706e-11
6.530735363107407920e+01 -3.261670568356516282e-13 4.974003123039608400e-12 1.750239652481961307e-12 0.000000000000000000e+00 0.000000000000000000e+00 0.000000000000000000e+00 0.000000000000000000e+00 0.000000000000000000e+00 0.000000000000000000e+00 0.000000000000000000e+00 1.048305755335694426e-11
6.830898104753585187e+01 -2.886618870764337794e-13 4.697830579207407652e-12 1.595241027165714508e-12 0.000000000000000000e+00 0.000000000000000000e+00 0.000000000000000000e+00 0.000000000000000000e+00 0.000000000000000000e+00 0.000000000000000000e+00 0.000000000000000000e+00 9.658116341432598339e-12
7.144856792256257449e+01 -2.547384046943193640e-13 4.454875467592401230e-12 1.452790059520818701e-12 0.000000000000000000e+00 0.000000000000000000e+00 0.000000000000000000e+00 0.000000000000000000e+00 0.000000000000000000e+00 0.000000000000000000e+00 0.000000000000000000e+00 8.904898730062478860e-12
7.473245508716587437e+01 -2.240520399428832401e-13 4.222301300162370380e-12 1.323335424994842923e-12 0.000000000000000000e+00 0.000000000000000000e+00 0.000000000000000000e+00 0.000000000000000000e+00 0.000000000000000000e+00 0.000000000000000000e+00 0.000000000000000000e+00 8.216820251841489697e-12
7.816727480680003737e+01 -1.964075977500069337e-13 4.013033659030633673e-12 1.204361611947293759e-12 0.000000000000000000e+00 0.000000000000000000e+00 0.000000000000000000e+00 0.000000000000000000e+00 0.000000000000000000e+00 0.000000000000000000e+00 0.000000000000000000e+00 7.588650371400908272e-12
8.175996417614160805e+01 -1.715691312853344288e-13 3.819899969642615216e-12 1.095573825495007550e-12 0.000000000000000000e+00 0.000000000000000000e+00 0.000000000000000000e+00 0.000000000000000000e+00 0.000000000000000000e+00 0.000000000000000000e+00 0.000000000000000000e+00 7.015117887662394066e-12
8.551777912951415317e+01 -1.493413482977925001e-13 3.646450588681870664e-12 9.961489397584176868e-13 0.000000000000000000e+00 0.000000000000000000e+00 0.000000000000000000e+00 0.000000000000000000e+00 0.000000000000000000e+00 0.000000000000000000e+00 0.000000000000000000e+00 6.491871286623908921e-12
8.944830909525343543e+01 -1.295340757412515558e-13 3.483862088522337534e-12 9.052698401959255509e-13 0.000000000000000000e+00 0.000000000000000000e+00 0.000000000000000000e+00 0.000000000000000000e+00 0.000000000000000000e+00 0.000000000000000000e+00 0.000000000000000000e+00 6.014358881830631709e-12
9.355949232361055579e+01 -1.119886560110975564e-13 3.341353670099090374e-12 8.218421693234317513e-13 0.000000000000000000e+00 0.000000000000000000e+00 0.000000000000000000e+00 0.000000000000000000e+00 0.000000000000000000e+00 0.000000000000000000e+00 0.000000000000000000e+00 5.579136514007496681e-12
9.785963191914866854e+01 -9.656013240015178534e-14 3.208440413827691773e-12 7.456132953082245753e-13 0.000000000000000000e+00 0.000000000000000000e+00 0.000000000000000000e+00 0.000000000000000000e+00 0.000000000000000000e+00 0.000000000000000000e+00 0.000000000000000000e+00 5.182318935135268210e-12
1.023574126100142365e+02 -8.310179908672058226e-14 3.091488838112954892e-12 6.759954356226290228e-13 0.000000000000000000e+00 0.000000000000000000e+00 0.000000000000000000e+00 0.000000000000000000e+00 0.000000000000000000e+00 0.000000000000000000e+00 0.000000000000000000e+00 4.821043534826097721e-12
1.070619182879493678e+02 -7.151535770077354495e-14 2.982948776500532315e-12 6.124518913878209338e-13 0.000000000000000000e+00 0.000000000000000000e+00 0.000000000000000000e+00 0.000000000000000000e+00 0.000000000000000000e+00 0.000000000000000000e+00 0.000000000000000000e+00 4.492111118344546972e-12
1.119826503544710050e+02 -6.165851444821047231e-14 2.887695854348080475e-12 5.543073237411338576e-13 0.000000000000000000e+00 0.000000000000000000e+00 0.000000000000000000e+00 0.000000000000000000e+00 0.000000000000000000e+00 0.000000000000000000e+00 0.000000000000000000e+00 4.193089516833854472e-12
1.171295469102685729e+02 -5.344405432112622790e-14 2.802357507048283172e-12 5.014893600766947797e-13 0.000000000000000000e+00 0.000000000000000000e+00 0.000000000000000000e+00 0.000000000000000000e+00 0.000000000000000000e+00 0.000000000000000000e+00 0.000000000000000000e+00 3.921539212722250485e-12
1.225130028265763826e+02 -4.678254050219960041e-14 2.725699649620701124e-12 4.534300581374645988e-13 0.000000000000000000e+00 0.000000000000000000e+00 0.000000000000000000e+00 0.000000000000000000e+00 0.000000000000000000e+00 0.000000000000000000e+00 0.000000000000000000e+00 3.675207420594547307e-12
1.281438907390569000e+02 -4.149479914241164784e-14 2.662398334829347927e-12 4.097367160924086452e-13 0.000000000000000000e+00 0.000000000000000000e+00 0.000000000000000000e+00 0.000000000000000000e+00 0.000000000000000000e+00 0.000000000000000000e+00 0.000000000000000000e+00 3.452389602184499347e-12
1.340335830065968139e+02 -3.755708882877497009e-14 2.606754611406777637e-12 3.702821318801416184e-13 0.000000000000000000e+00 0.000000000000000000e+00 0.000000000000000000e+00 0.000000000000000000e+00 0.000000000000000000e+00 0.000000000000000000e+00 0.000000000000000000e+00 3.251086966843862546e-12
1.401939746793620145e+02 -3.486855165715542384e-14 2.558444031787031519e-12 3.349028438066728201e-13 0.000000000000000000e+00 0.000000000000000000e+00 0.000000000000000000e+00 0.000000000000000000e+00 0.000000000000000000e+00 0.000000000000000000e+00 0.000000000000000000e+00 3.069735896682310092e-12
1.466375075225009539e+02 -3.335160066160690031e-14 2.516657820218541295e-12 3.032987742571840145e-13 0.000000000000000000e+00 0.000000000000000000e+00 0.000000000000000000e+00 0.000000000000000000e+00 0.000000000000000000e+00 0.000000000000000000e+00 0.000000000000000000e+00 2.906853457612474768e-12
1.533771951440145926e+02 -3.283773381848059368e-14 2.482189149351369496e-12 2.753846998215952272e-13 0.000000000000000000e+00 0.000000000000000000e+00 0.000000000000000000e+00 0.000000000000000000e+00 0.000000000000000000e+00 0.000000000000000000e+00 0.000000000000000000e+00 2.761255981194254764e-12
1.604266492775414576e+02 -3.319751942172857885e-14 2.455921683612315002e-12 2.509127040228101779e-13 0.000000000000000000e+00 0.000000000000000000e+00 0.000000000000000000e+00 0.000000000000000000e+00 0.000000000000000000e+00 0.000000000000000000e+00 0.000000000000000000e+00 2.631805488019237680e-12
1.678001072731420891e+02 -3.426446629546632595e-14 2.436373034187673361e-12 2.298051942140705476e-13 0.000000000000000000e+00 0.000000000000000000e+00 0.000000000000000000e+00 0.000000000000000000e+00 0.000000000000000000e+00 0.000000000000000000e+00 0.000000000000000000e+00 2.517432103917715302e-12
1.755124608516008209e+02 -3.590266202579320590e-14 2.423021276369383608e-12 2.120558680672062224e-13 0.000000000000000000e+00 0.000000000000000000e+00 0.000000000000000000e+00 0.000000000000000000e+00 0.000000000000000000e+00 0.000000000000000000e+00 0.000000000000000000e+00 2.417182939678700923e-12
1.835792861803209632e+02 -3.792035551665392022e-14 2.415962553940675912e-12 1.974384914474530784e-13 0.000000000000000000e+00 0.000000000000000000e+00 0.000000000000000000e+00 0.000000000000000000e+00 0.000000000000000000e+00 0.000000000000000000e+00 0.000000000000000000e+00 2.330096250548197182e-12
1.920168753315547576e+02 -4.008725012299903372e-14 2.415641868733174531e-12 1.858929112437501849e-13 0.000000000000000000e+00 0.000000000000000000e+00 0.000000000000000000e+00 0.000000000000000000e+00 0.000000000000000000e+00 0.000000000000000000e+00 0.000000000000000000e+00 2.255267157723809383e-12
2.008422691865014258e+02 -4.193704106006118580e-14 2.424336418569324751e-12 1.773147720746181414e-13 0.000000000000000000e+00 0.000000000000000000e+00 0.000000000000000000e+00 0.000000000000000000e+00 0.000000000000000000e+00 0.000000000000000000e+00 0.000000000000000000e+00 2.192046940462849059e-12
2.100732918517307724e+02 -4.319577743737079410e-14 2.445266911534441901e-12 1.715531286614997824e-13 0.000000000000000000e+00 0.000000000000000000e+00 0.000000000000000000e+00 0.000000000000000000e+00 0.000000000000000000e+00 0.000000000000000000e+00 0.000000000000000000e+00 2.139258890649661110e-12
2.197285866574368924e+02 -4.331149620785333367e-14 2.481628562478085951e-12 1.690439107456401073e-13 0.000000000000000000e+00 0.000000000000000000e+00 0.000000000000000000e+00 0.000000000000000000e+00 0.000000000000000000e+00 0.000000000000000000e+00 0.000000000000000000e+00 2.096030123337564451e-12
2.298276538102291227e+02 -4.179244623846435209e-14 2.541938842795918966e-12 1.694958272620235551e-13 0.000000000000000000e+00 0.000000000000000000e+00 0.000000000000000000e+00 0.000000000000000000e+00 0.000000000000000000e+00 0.000000000000000000e+00 0.000000000000000000e+00 2.060793652161978130e-12
2.403908897765019788e+02 -3.803853269848722704e-14 2.634165708825967270e-12 1.736308481931053363e-13 0.000000000000000000e+00 0.000000000000000000e+00 0.000000000000000000e+00 0.000000000000000000e+00 0.000000000000000000e+00 0.000000000000000000e+00 0.000000000000000000e+00 2.032003058239263322e-12
2.514396284759284868e+02 -3.152144799976135915e-14 2.772403999322020947e-12 1.823831243430680794e-13 0.000000000000000000e+00 0.000000000000000000e+00 0.000000000000000000e+00 0.000000000000000000e+00 0.000000000000000000e+00 0.000000000000000000e+00 0.000000000000000000e+00 2.007329142182654904e-12
2.629961843682681319e+02 -2.202591605728832405e-14 2.968797198622333952e-12 1.976451944646705674e-13 0.000000000000000000e+00 0.000000000000000000e+00 0.000000000000000000e+00 0.000000000000000000e+00 0.000000000000000000e+00 0.000000000000000000e+00 0.000000000000000000e+00 1.983880101173963444e-12
2.750838975205127213e+02 -9.745534986235030680e-15 3.237700677735186809e-12 2.218515763581469937e-13 0.000000000000000000e+00 0.000000000000000000e+00 0.000000000000000000e+00 0.000000000000000000e+00 0.000000000000000000e+00 0.000000000000000000e+00 0.000000000000000000e+00 1.957815758127416057e-12
2.877271807453877273e+02 4.700207564425786917e-15 3.586739862301097438e-12 2.597063770236495964e-13 0.000000000000000000e+00 0.000000000000000000e+00 0.000000000000000000e+00 0.000000000000000000e+00 0.000000000000000000e+00 0.000000000000000000e+00 0.000000000000000000e+00 1.924615191864854763e-12
3.009515689064119783e+02 2.003283522824059406e-14 4.002484703574167064e-12 3.148669791364835340e-13 0.000000000000000000e+00 0.000000000000000000e+00 0.000000000000000000e+00 0.000000000000000000e+00 0.000000000000000000e+00 0.000000000000000000e+00 0.000000000000000000e+00 1.879334821494800938e-12
3.147837704890961845e+02 3.457209579072679433e-14 4.430107472317225626e-12 3.907307297964266300e-13 0.000000000000000000e+00 0.000000000000000000e+00 0.000000000000000000e+00 0.000000000000000000e+00 0.000000000000000000e+00 0.000000000000000000e+00 0.000000000000000000e+00 1.817442418210210893e-12
3.292517215424319375e+02 4.652451693427820674e-14 4.749969847180196342e-12 4.798334061863864924e-13 0.000000000000000000e+00 0.000000000000000000e+00 0.000000000000000000e+00 0.000000000000000000e+00 0.000000000000000000e+00 0.000000000000000000e+00 0.000000000000000000e+00 1.736030690650416134e-12
3.443846420996163147e+02 5.445041479463717086e-14 4.813289621661960063e-12 5.611740293734997097e-13 0.000000000000000000e+00 0.000000000000000000e+00 0.000000000000000000e+00 0.000000000000000000e+00 0.000000000000000000e+00 0.000000000000000000e+00 0.000000000000000000e+00 1.635210311831598317e-12
3.602130951919605764e+02 5.771216116723291733e-14 4.550291258255060470e-12 6.081107442813781659e-13 0.000000000000000000e+00 0.000000000000000000e+00 0.000000000000000000e+00 0.000000000000000000e+00 0.000000000000000000e+00 0.000000000000000000e+00 0.000000000000000000e+00 1.518643044075095329e-12
3.767690485751684264e+02 5.654088224295058929e-14 4.038581074717742951e-12 6.064064337803665951e-13 0.000000000000000000e+00 0.000000000000000000e+00 0.000000000000000000e+00 0.000000000000000000e+00 0.000000000000000000e+00 0.000000000000000000e+00 0.000000000000000000e+00 1.392413056710705541e-12
3.940859392926529949e+02 5.192154431427446728e-14 3.449210667658303127e-12 5.643666685183205065e-13 0.000000000000000000e+00 0.000000000000000000e+00 0.000000000000000000e+00 0.000000000000000000e+00 0.000000000000000000e+00 0.000000000000000000e+00 0.000000000000000000e+00 1.263613646911006479e-12
4.121987412062810563e+02 4.504597727307091683e-14 2.913142005214530212e-12 4.999686136375767507e-13 0.000000000000000000e+00 0.000000000000000000e+00 0.000000000000000000e+00 0.000000000000000000e+00 0.000000000000000000e+00 0.000000000000000000e+00 0.000000000000000000e+00 1.138530914808258726e-12
4.311440356309365143e+02 3.713426157815719703e-14 2.495292011718812643e-12 4.298531523468504715e-13 0.000000000000000000e+00 0.000000000000000000e+00 0.000000000000000000e+00 0.000000000000000000e+00 0.000000000000000000e+00 0.000000000000000000e+00 0.000000000000000000e+00 1.022559666925559705e-12
4.509600852155584789e+02 2.903211151651179163e-14 2.198657879483685082e-12 3.637018373024460615e-13 0.000000000000000000e+00 0.000000000000000000e+00 0.000000000000000000e+00 0.000000000000000000e+00 0.000000000000000000e+00 0.000000000000000000e+00 0.000000000000000000e+00 9.189393562978675770e-13
4.716869112198643279e+02 2.155982454397224452e-14 2.018582261378175231e-12 3.069364475349773118e-13 0.000000000000000000e+00 0.000000000000000000e+00 0.000000000000000000e+00 0.000000000000000000e+00 0.000000000000000000e+00 0.000000000000000000e+00 0.000000000000000000e+00 8.296601284382467893e-13
4.933663743428353428e+02 1.530149584167350906e-14 1.926259878338434957e-12 2.622161042294842187e-13 0.000000000000000000e+00 0.000000000000000000e+00 0.000000000000000000e+00 0.000000000000000000e+00 0.000000000000000000e+00 0.000000000000000000e+00 0.000000000000000000e+00 7.547674955428125906e-13
5.160422592662009720e+02 1.079224988507442924e-14 1.896187622333254991e-12 2.308954184894236541e-13 0.000000000000000000e+00 0.000000000000000000e+00 0.000000000000000000e+00 0.000000000000000000e+00 0.000000000000000000e+00 0.000000000000000000e+00 0.000000000000000000e+00 6.933923094648829450e-13
5.397603630836752018e+02 8.295799960137929600e-15 1.906009714646951429e-12 2.136974248961126391e-13 0.000000000000000000e+00 0.000000000000000000e+00 0.000000000000000000e+00 0.000000000000000000e+00 0.000000000000000000e+00 0.000000000000000000e+00 0.000000000000000000e+00 6.436662584396452107e-13
5.645685877945354605e+02 7.820825467110714644e-15 1.944894739109976719e-12 2.103771366635592931e-13 0.000000000000000000e+00 0.000000000000000000e+00 0.000000000000000000e+00 0.000000000000000000e+00 0.000000000000000000e+00 0.000000000000000000e+00 0.000000000000000000e+00 6.031776436455982488e-13
5.905170370483549505e+02 9.092332695911802787e-15 2.008533839295836897e-12 2.209520722701453924e-13 0.000000000000000000e+00 0.000000000000000000e+00 0.000000000000000000e+00 0.000000000000000000e+00 0.000000000000000000e+00 0.000000000000000000e+00 0.000000000000000000e+00 5.688126319258983268e-13
6.176581173362676509e+02 1.131735985840446550e-14 2.067263187897914305e-12 2.436154752090795823e-13 0.000000000000000000e+00 0.000000000000000000e+00 0.000000000000000000e+00 0.000000000000000000e+00 0.000000000000000000e+00 0.000000000000000000e+00 0.000000000000000000e+00 5.372619128834748212e-13
6.460466438331450263e+02 1.333404988489340815e-14 2.057024740069033920e-12 2.710530315809240187e-13 0.000000000000000000e+00 0.000000000000000000e+00 0.000000000000000000e+00 0.000000000000000000e+00 0.000000000000000000e+00 0.000000000000000000e+00 0.000000000000000000e+00 5.053680786062005050e-13
6.757399511044415021e+02 1.392531812329891768e-14 1.905647770992782887e-12 2.866093398819790074e-13 0.000000000000000000e+00 0.000000000000000000e+00 0.000000000000000000e+00 0.000000000000000000e+00 0.000000000000000000e+00 0.000000000000000000e+00 0.000000000000000000e+00 4.711035689450061353e-13
7.067980089012974076e+02 1.264257050241491441e-14 1.636866370421233605e-12 2.790814733867015993e-13 0.000000000000000000e+00 0.000000000000000000e+00 0.000000000000000000e+00 0.000000000000000000e+00 0.000000000000000000e+00 0.000000000000000000e+00 0.000000000000000000e+00 4.340737770402600099e-13
7.392835432777699225e+02 9.892309483510106118e-15 1.357232526581719689e-12 2.523223459994384304e-13 0.000000000000000000e+00 0.000000000000000000e+00 0.000000000000000000e+00 0.000000000000000000e+00 0.000000000000000000e+00 0.000000000000000000e+00 0.000000000000000000e+00 3.956050144278503054e-13
7.732621632747939202e+02 6.573688608859509066e-15 1.151280957922121439e-12 2.185114078328415039e-13 0.000000000000000000e+00 0.000000000000000000e+00 0.000000000000000000e+00 0.000000000000000000e+00 0.000000000000000000e+00 0.000000000000000000e+00 0.000000000000000000e+00 3.581613913172876753e-13
8.088024934267380104e+02 3.612283705950319159e-15 1.040338479960837722e-12 1.871016142181799989e-13 0.000000000000000000e+00 0.000000000000000000e+00 0.000000000000000000e+00 0.000000000000000000e+00 0.000000000000000000e+00 0.000000000000000000e+00 0.000000000000000000e+00 3.243973982645746959e-13
8.459763123581672062e+02 1.758342842225095752e-15 9.898198128231768095e-13 1.648707597348262094e-13 0.000000000000000000e+00 0.000000000000000000e+00 0.000000000000000000e+00 0.000000000000000000e+00 0.000000000000000000e+00 0.000000000000000000e+00 0.000000000000000000e+00 2.960143025183941134e-13
8.848586977507249003e+02 1.239661981096466517e-15 9.557839163975068531e-13 1.553065859200815421e-13 0.000000000000000000e+00 0.000000000000000000e+00 0.000000000000000000e+00 0.000000000000000000e+00 0.000000000000000000e+00 0.000000000000000000e+00 0.000000000000000000e+00 2.731747874457844029e-13
9.255281779729251639e+02 1.758368138149410959e-15 9.233269698340906037e-13 1.554938057949831395e-13 0.000000000000000000e+00 0.000000000000000000e+00 0.000000000000000000e+00 0.000000000000000000e+00 0.000000000000000000e+00 0.000000000000000000e+00 0.000000000000000000e+00 2.546664365373232022e-13
9.680668906790783694e+02 2.601231866630276046e-15 8.742470459698568548e-13 1.588127704110289195e-13 0.000000000000000000e+00 0.000000000000000000e+00 0.000000000000000000e+00 0.000000000000000000e+00 0.000000000000000000e+00 0.000000000000000000e+00 0.000000000000000000e+00 2.383681693215085224e-13
1.012560748697673489e+03 2.967832174533210444e-15 7.858886209346414591e-13 1.576745373171539245e-13 0.000000000000000000e+00 0.000000000000000000e+00 0.000000000000000000e+00 0.000000000000000000e+00 0.000000000000000000e+00 0.000000000000000000e+00 0.000000000000000000e+00 2.222011070887414358e-13
1.059099613544248314e+03 2.641200920601408460e-15 6.761244890861687223e-13 1.497503647367334342e-13 0.000000000000000000e+00 0.000000000000000000e+00 0.000000000000000000e+00 0.000000000000000000e+00 0.000000000000000000e+00 0.000000000000000000e+00 0.000000000000000000e+00 2.051321881446594602e-13
1.107777476909176357e+03 1.944555973720696897e-15 5.999398815358657219e-13 1.372964819292509356e-13 0.000000000000000000e+00 0.000000000000000000e+00 0.000000000000000000e+00 0.000000000000000000e+00 0.000000000000000000e+00 0.000000000000000000e+00 0.000000000000000000e+00 1.877419221805885987e-13
1.158692650486922503e+03 1.426307668452458552e-15 5.962605644002344497e-13 1.236862189736873680e-13 0.000000000000000000e+00 0.000000000000000000e+00 0.000000000000000000e+00 0.000000000000000000e+00 0.000000000000000000e+00 0.000000000000000000e+00 0.000000000000000000e+00 1.717829904323248369e-13
1.211947964530139416e+03 1.345718468905412879e-15 5.742547816433746009e-13 1.163517681095394974e-13 0.000000000000000000e+00 0.000000000000000000e+00 0.000000000000000000e+00 0.000000000000000000e+00 0.000000000000000000e+00 0.000000000000000000e+00 0.000000000000000000e+00 1.586634702579978009e-13
1.267650975529620837e+03 1.180521328491199644e-15 4.934228428727277626e-13 1.150589978099185831e-13 0.000000000000000000e+00 0.000000000000000000e+00 0.000000000000000000e+00 0.000000000000000000e+00 0.000000000000000000e+00 0.000000000000000000e+00 0.000000000000000000e+00 1.483289235962995880e-13
1.325914183439544558e+03 4.297665595641165419e-16 4.087252891402660574e-13 1.123761209012308858e-13 0.000000000000000000e+00 0.000000000000000000e+00 0.000000000000000000e+00 0.000000000000000000e+00 0.000000000000000000e+00 0.000000000000000000e+00 0.000000000000000000e+00 1.394164876151451090e-13
1.386855258886734646e+03 -5.091242382619832348e-16 3.499555412174360098e-13 1.062550735827580345e-13 0.000000000000000000e+00 0.000000000000000000e+00 0.000000000000000000e+00 0.000000000000000000e+00 0.000000000000000000e+00 0.000000000000000000e+00 0.000000000000000000e+00 1.302841059084096458e-13
1.450597280822804123e+03 -9.142964626058849856e-16 3.265083464635768464e-13 9.802410738187271527e-14 0.000000000000000000e+00 0.000000000000000000e+00 0.000000000000000000e+00 0.000000000000000000e+00 0.000000000000000000e+00 0.000000000000000000e+00 0.000000000000000000e+00 1.204292523176484939e-13
1.517268985099163046e+03 -7.367226895487528042e-16 3.183663137062789185e-13 9.069189314773668036e-14 0.000000000000000000e+00 0.000000000000000000e+00 0.000000000000000000e+00 0.000000000000000000e+00 0.000000000000000000e+00 0.000000000000000000e+00 0.000000000000000000e+00 1.111371316024400848e-13
1.587005024466923487e+03 -7.649698956202969127e-16 2.985041480124986120e-13 8.603883741937615904e-14 0.000000000000000000e+00 0.000000000000000000e+00 0.000000000000000000e+00 0.000000000000000000e+00 0.000000000000000000e+00 0.000000000000000000e+00 0.000000000000000000e+00 1.038877949732509879e-13
1.659946240526792508e+03 -1.200637562923637008e-15 2.805635343378324473e-13 8.247825180378581129e-14 0.000000000000000000e+00 0.000000000000000000e+00 0.000000000000000000e+00 0.000000000000000000e+00 0.000000000000000000e+00 0.000000000000000000e+00 0.000000000000000000e+00 9.876405130293255545e-14
1.736239948178224040e+03 -1.305123193891912736e-15 2.232440456066476812e-13 8.053263434593894963e-14 0.000000000000000000e+00 0.000000000000000000e+00 0.000000000000000000e+00 0.000000000000000000e+00 0.000000000000000000e+00 0.000000000000000000e+00 0.000000000000000000e+00 9.422985979136924283e-14
1.816040233142276520e+03 -7.651167159340725432e-16 1.947307463853478477e-13 7.713368360441253572e-14 0.000000000000000000e+00 0.000000000000000000e+00 0.000000000000000000e+00 0.000000000000000000e+00 0.000000000000000000e+00 0.000000000000000000e+00 0.000000000000000000e+00 8.885736692546671798e-14
1.899508263159094213e+03 -3.866422778847279482e-16 1.512996513055002720e-13 7.374104092384887631e-14 0.000000000000000000e+00 0.000000000000000000e+00 0.000000000000000000e+00 0.000000000000000000e+00 0.000000000000000000e+00 0.000000000000000000e+00 0.000000000000000000e+00 8.382496075904319327e-14
1.986812613488506258e+03 -1.106458405782303034e-15 1.229934094317434724e-13 7.164728363592926895e-14 0.000000000000000000e+00 0.000000000000000000e+00 0.000000000000000000e+00 0.000000000000000000e+00 0.000000000000000000e+00 0.000000000000000000e+00 0.000000000000000000e+00 8.110169322218273166e-14
2.078129607371129623e+03 -1.152582579234979866e-15 1.151390328272274391e-13 7.024211872088417683e-14 0.000000000000000000e+00 0.000000000000000000e+00 0.000000000000000000e+00 0.000000000000000000e+00 0.000000000000000000e+00 0.000000000000000000e+00 0.000000000000000000e+00 7.971608941500777314e-14
2.173643672137613066e+03 -4.843244845299020391e-16 9.943325037546657161e-14 6.832987629712288956e-14 0.000000000000000000e+00 0.000000000000000000e+00 0.000000000000000000e+00 0.000000000000000000e+00 0.000000000000000000e+00 0.000000000000000000e+00 0.000000000000000000e+00 7.709361894128577819e-14
2.273547711685196191e+03 -6.684800646045498026e-16 8.298556015527698190e-14 6.893490372623904109e-14 0.000000000000000000e+00 0.000000000000000000e+00 0.000000000000000000e+00 0.000000000000000000e+00 0.000000000000000000e+00 0.000000000000000000e+00 0.000000000000000000e+00 7.603766718999571706e-14
2.378043496073878487e+03 -8.151430801443796955e-16 7.289276018435734971e-14 7.303701174218535496e-14 0.000000000000000000e+00 0.000000000000000000e+00 0.000000000000000000e+00 0.000000000000000000e+00 0.000000000000000000e+00 0.000000000000000000e+00 0.000000000000000000e+00 8.000380173208321931e-14
2.487342069029033155e+03 3.508887938117092739e-16 7.433159381324942443e-14 7.726827054453449307e-14 0.000000000000000000e+00 0.000000000000000000e+00 0.000000000000000000e+00 0.000000000000000000e+00 0.000000000000000000e+00 0.000000000000000000e+00 0.000000000000000000e+00 8.349900914230280104e-14
2.601664174173464289e+03 -4.086480808731775705e-17 8.509558402339319509e-14 8.122414564582634825e-14 0.000000000000000000e+00 0.000000000000000000e+00 0.000000000000000000e+00 0.000000000000000000e+00 0.000000000000000000e+00 0.000000000000000000e+00 0.000000000000000000e+00 8.649385580083871617e-14
2.721240700849774839e+03 -2.121575937298154352e-16 1.016733770026549666e-13 9.402915502265521290e-14 0.000000000000000000e+00 0.000000000000000000e+00 0.000000000000000000e+00 0.000000000000000000e+00 0.000000000000000000e+00 0.000000000000000000e+00 0.000000000000000000e+00 1.004312668195827652e-13
2.846313150433396004e+03 7.515994291114239500e-16 8.680779823105882659e-14 1.052357565264451216e-13 0.000000000000000000e+00 0.000000000000000000e+00 0.000000000000000000e+00 0.000000000000000000e+00 0.000000000000000000e+00 0.000000000000000000e+00 0.000000000000000000e+00 1.115208814947505882e-13
2.977134124078108471e+03 9.902757201001363981e-16 1.278412586503009347e-13 1.240055744572134514e-13 0.000000000000000000e+00 0.000000000000000000e+00 0.000000000000000000e+00 0.000000000000000000e+00 0.000000000000000000e+00 0.000000000000000000e+00 0.000000000000000000e+00 1.312552963363915974e-13
3.113967832879082835e+03 3.234915631900750602e-15 1.485099815275861975e-13 1.661153439329708632e-13 0.000000000000000000e+00 0.000000000000000000e+00 0.000000000000000000e+00 0.000000000000000000e+00 0.000000000000000000e+00 0.000000000000000000e+00 0.000000000000000000e+00 1.715350858218217749e-13
3.257090631483838933e+03 3.713276757322025539e-15 2.015396038012456373e-13 2.023813260226147292e-13 0.000000000000000000e+00 0.000000000000000000e+00 0.000000000000000000e+00 0.000000000000000000e+00 0.000000000000000000e+00 0.000000000000000000e+00 0.000000000000000000e+00 1.876201198336374300e-13
3.406791576228762096e+03 5.119322089054965291e-15 2.574836314144186615e-13 2.877230209750893276e-13 0.000000000000000000e+00 0.000000000000000000e+00 0.000000000000000000e+00 0.000000000000000000e+00 0.000000000000000000e+00 0.000000000000000000e+00 0.000000000000000000e+00 2.367480294094728018e-13
3.563373008928456329e+03 7.402186941347091466e-15 2.381424322643173752e-13 2.360805107503392104e-13 0.000000000000000000e+00 0.000000000000000000e+00 0.000000000000000000e+00 0.000000000000000000e+00 0.000000000000000000e+00 0.000000000000000000e+00 0.000000000000000000e+00 2.342641265464291616e-13
3.727151167496963808e+03 6.922155244118628313e-15 2.242035765243806392e-13 1.726269462811763804e-13 0.000000000000000000e+00 0.000000000000000000e+00 0.000000000000000000e+00 0.000000000000000000e+00 0.000000000000000000e+00 0.000000000000000000e+00 0.000000000000000000e+00 2.016103720861132629e-13
3.898456824634066379e+03 3.676181604182611733e-15 7.676538988052136844e-14 1.254669264946816784e-13 0.000000000000000000e+00 0.000000000000000000e+00 0.000000000000000000e+00 0.000000000000000000e+00 0.000000000000000000e+00 0.000000000000000000e+00 0.000000000000000000e+00 1.501753825082795735e-13
4.077635955866634504e+03 9.417420417654673752e-16 1.842614243816232497e-13 1.204977509301388304e-13 0.000000000000000000e+00 0.000000000000000000e+00 0.000000000000000000e+00 0.000000000000000000e+00 0.000000000000000000e+00 0.000000000000000000e+00 0.000000000000000000e+00 1.249786807912945842e-13
4.265050438294165360e+03 8.289328443001857358e-16 1.391132883667447303e-13 1.078687957367900597e-13 0.000000000000000000e+00 0.000000000000000000e+00 0.000000000000000000e+00 0.000000000000000000e+00 0.000000000000000000e+00 0.000000000000000000e+00 0.000000000000000000e+00 1.091132889604068529e-13
4.461078781449758935e+03 1.054274771977933825e-15 1.344085610529281038e-13 9.455533248338551101e-14 0.000000000000000000e+00 0.000000000000000000e+00 0.000000000000000000e+00 0.000000000000000000e+00 0.000000000000000000e+00 0.000000000000000000e+00 0.000000000000000000e+00 1.060405145942077894e-13
4.666116891752612901e+03 1.006809172980205898e-15 1.229080258473460927e-13 9.246165649439347678e-14 0.000000000000000000e+00 0.000000000000000000e+00 0.000000000000000000e+00 0.000000000000000000e+00 0.000000000000000000e+00 0.000000000000000000e+00 0.000000000000000000e+00 1.073576741396156940e-13
4.880578872095905353e+03 1.257563487572245095e-15 1.496121960823545684e-13 1.060594587629266055e-13 0.000000000000000000e+00 0.000000000000000000e+00 0.000000000000000000e+00 0.000000000000000000e+00 0.000000000000000000e+00 0.000000000000000000e+00 0.000000000000000000e+00 1.180178285695618632e-13
5.104897858185037876e+03 1.717156918626982509e-15 1.804752510379881660e-13 1.312517826380267530e-13 0.000000000000000000e+00 0.000000000000000000e+00 0.000000000000000000e+00 0.000000000000000000e+00 0.000000000000000000e+00 0.000000000000000000e+00 0.000000000000000000e+00 1.478630492032780837e-13
5.339526893315228335e+03 2.095626796325376922e-15 2.389410271903360692e-13 1.599119109303084559e-13 0.000000000000000000e+00 0.000000000000000000e+00 0.000000000000000000e+00 0.000000000000000000e+00 0.000000000000000000e+00 0.000000000000000000e+00 0.000000000000000000e+00 1.892048255873048740e-13
5.584939843355264202e+03 2.848328088159464276e-15 4.445440912644690076e-13 2.230965870256505692e-13 0.000000000000000000e+00 0.000000000000000000e+00 0.000000000000000000e+00 0.000000000000000000e+00 0.000000000000000000e+00 0.000000000000000000e+00 0.000000000000000000e+00 2.484825184293677071e-13
5.841632353785339546e+03 2.979747532464623141e-15 2.296896066103919892e-12 4.787951589380365626e-13 0.000000000000000000e+00 0.000000000000000000e+00 0.000000000000000000e+00 0.000000000000000000e+00 0.000000000000000000e+00 0.000000000000000000e+00 0.000000000000000000e+00 3.891046710604914460e-13
6.110122850721796567e+03 9.297914976310016680e-15 5.459169009153459935e-03 4.996027323447496837e-13 0.000000000000000000e+00 0.000000000000000000e+00 0.000000000000000000e+00 0.000000000000000000e+00 0.000000000000000000e+00 0.000000000000000000e+00 0.000000000000000000e+00 6.667246305998958740e-13
6.390953587950587462e+03 1.859003155857442755e-14 1.608802389747678377e-02 8.542212928021081784e-13 0.000000000000000000e+00 0.000000000000000000e+00 0.000000000000000000e+00 0.000000000000000000e+00 0.000000000000000000e+00 0.000000000000000000e+00 0.000000000000000000e+00 1.249632129006674482e-12
6.684691742083958161e+03 3.224566689309315891e-14 4.934105615981403126e-02 1.460160167032625633e-12 0.000000000000000000e+00 0.000000000000000000e+00 0.000000000000000000e+00 0.000000000000000000e+00 0.000000000000000000e+00 0.000000000000000000e+00 0.000000000000000000e+00 2.468866044778986528e-12
6.991930558052270499e+03 6.065257761794667593e-14 1.544194153218042542e-01 2.677234816930249553e-12 0.000000000000000000e+00 0.000000000000000000e+00 0.000000000000000000e+00 0.000000000000000000e+00 0.000000000000000000e+00 0.000000000000000000e+00 0.000000000000000000e+00 5.822710068779652259e-12
7.313290547244365371e+03 1.166860695424673835e-13 4.858718851414431938e-01 5.771452955346742904e-12 0.000000000000000000e+00 0.000000000000000000e+00 0.000000000000000000e+00 0.000000000000000000e+00 0.000000000000000000e+00 0.000000000000000000e+00 0.000000000000000000e+00 1.739458514007094370e-11
7.649420740716394903e+03 3.198394213301782244e-13 2.085703866859267563e+00 1.914476958109149614e-11 0.000000000000000000e+00 0.000000000000000000e+00 0.000000000000000000e+00 0.000000000000000000e+00 0.000000000000000000e+00 0.000000000000000000e+00 0.000000000000000000e+00 8.454456923104964666e-11
8.000999999999998181e+03 0.000000000000000000e+00 0.000000000000000000e+00 0.000000000000000000e+00 0.000000000000000000e+00 0.000000000000000000e+00 0.000000000000000000e+00 0.000000000000000000e+00 0.000000000000000000e+00 0.000000000000000000e+00 0.000000000000000000e+00 0.000000000000000000e+00
