1.000000000000000000e+00 2.972528926798565110e-10 5.478040740958905222e-09 8.916993143228577091e-09 0.000000000000000000e+00 0.000000000000000000e+00 0.000000000000000000e+00 0.000000000000000000e+00 0.000000000000000000e+00 0.000000000000000000e+00 0.000000000000000000e+00 2.315490731468802754e-08
1.059253778139711555e+00 2.361249015742468886e-10 4.351403984423232969e-09 7.083073742560460801e-09 0.000000000000000000e+00 0.000000000000000000e+00 0.000000000000000000e+00 0.000000000000000000e+00 0.000000000000000000e+00 0.000000000000000000e+00 0.000000000000000000e+00 1.839271423312537031e-08
1.122018566503253378e+00 1.875710814254650287e-10 3.456495983842712293e-09 5.626350261800326379e-09 0.000000000000000000e+00 0.000000000000000000e+00 0.000000000000000000e+00 0.000000000000000000e+00 0.000000000000000000e+00 0.000000000000000000e+00 0.000000000000000000e+00 1.461000094931798059e-08
1.188502405711474585e+00 1.490015442508447587e-10 2.745636847001246394e-09 4.469220403025299894e-09 0.000000000000000000e+00 0.000000000000000000e+00 0.000000000000000000e+00 0.000000000000000000e+00 0.000000000000000000e+00 0.000000000000000000e+00 0.000000000000000000e+00 1.160525932266111279e-08
1.258925663578015941e+00 1.183624987780482812e-10 2.180970957077570382e-09 3.550064802348824349e-09 0.000000000000000000e+00 0.000000000000000000e+00 0.000000000000000000e+00 0.000000000000000000e+00 0.000000000000000000e+00 0.000000000000000000e+00 0.000000000000000000e+00 9.218477353709212883e-09
1.333521765542056814e+00 9.402341661169130949e-11 1.732432654864779877e-09 2.819943092604089469e-09 0.000000000000000000e+00 0.000000000000000000e+00 0.000000000000000000e+00 0.000000000000000000e+00 0.000000000000000000e+00 0.000000000000000000e+00 0.000000000000000000e+00 7.322565658545912413e-09
1.412537968381962550e+00 7.468868824533668518e-11 1.376138597302930396e-09 2.239977221413761657e-09 0.000000000000000000e+00 0.000000000000000000e+00 0.000000000000000000e+00 0.000000000000000000e+00 0.000000000000000000e+00 0.000000000000000000e+00 0.000000000000000000e+00 5.816567712536484248e-09
1.496236179774386388e+00 5.932950465708193291e-11 1.093118522224592107e-09 1.779287516430585252e-09 0.000000000000000000e+00 0.000000000000000000e+00 0.000000000000000000e+00 0.000000000000000000e+00 0.000000000000000000e+00 0.000000000000000000e+00 0.000000000000000000e+00 4.620295467725311779e-09
1.584893826415347595e+00 4.712853175829662510e-11 8.683038127522404203e-10 1.413344323291490017e-09 0.000000000000000000e+00 0.000000000000000000e+00 0.000000000000000000e+00 0.000000000000000000e+00 0.000000000000000000e+00 0.000000000000000000e+00 0.000000000000000000e+00 3.670051804359003924e-09
1.678804773580761189e+00 3.743642662270635410e-11 6.897241472590951146e-10 1.122662408728971137e-09 0.000000000000000000e+00 0.000000000000000000e+00 0.000000000000000000e+00 0.000000000000000000e+00 0.000000000000000000e+00 0.000000000000000000e+00 0.000000000000000000e+00 2.915238607751732367e-09
1.778280299174404444e+00 2.973731523355704371e-11 5.478710203791851615e-10 8.917634403418942719e-10 0.000000000000000000e+00 0.000000000000000000e+00 0.000000000000000000e+00 0.000000000000000000e+00 0.000000000000000000e+00 0.000000000000000000e+00 0.000000000000000000e+00 2.315663331019822696e-09
1.883650125491904692e+00 2.362150512091261665e-11 4.351918641853088413e-10 7.083529840005352430e-10 0.000000000000000000e+00 0.000000000000000000e+00 0.000000000000000000e+00 0.000000000000000000e+00 0.000000000000000000e+00 0.000000000000000000e+00 0.000000000000000000e+00 1.839400808625362065e-09
1.995263512120642124e+00 1.876335462946532962e-11 3.456864368407774535e-10 5.626640318960307898e-10 0.000000000000000000e+00 0.000000000000000000e+00 0.000000000000000000e+00 0.000000000000000000e+00 0.000000000000000000e+00 0.000000000000000000e+00 0.000000000000000000e+00 1.461089265838363371e-09
2.113490413598100748e+00 1.490519823289332871e-11 2.745926095410048964e-10 4.469442531004997587e-10 0.000000000000000000e+00 0.000000000000000000e+00 0.000000000000000000e+00 0.000000000000000000e+00 0.000000000000000000e+00 0.000000000000000000e+00 0.000000000000000000e+00 1.160595530468039311e-09
2.238722705665849855e+00 1.184080608065786739e-11 2.181216530698632963e-10 3.550262495417006924e-10 0.000000000000000000e+00 0.000000000000000000e+00 0.000000000000000000e+00 0.000000000000000000e+00 0.000000000000000000e+00 0.000000000000000000e+00 0.000000000000000000e+00 9.219079059153311289e-10
2.371375484183709137e+00 9.406424374116769339e-12 1.732642248133810816e-10 2.820117667067557191e-10 0.000000000000000000e+00 0.000000000000000000e+00 0.000000000000000000e+00 0.000000000000000000e+00 0.000000000000000000e+00 0.000000000000000000e+00 0.000000000000000000e+00 7.323086585349730285e-10
2.511888441009481721e+00 7.472462579631214735e-12 1.376316257949464908e-10 2.240127854614773517e-10 0.000000000000000000e+00 0.000000000000000000e+00 0.000000000000000000e+00 0.000000000000000000e+00 0.000000000000000000e+00 0.000000000000000000e+00 0.000000000000000000e+00 5.817013738953611840e-10
2.660727321404763757e+00 5.936081218398156609e-12 1.093269290287789350e-10 1.779415925639513170e-10 0.000000000000000000e+00 0.000000000000000000e+00 0.000000000000000000e+00 0.000000000000000000e+00 0.000000000000000000e+00 0.000000000000000000e+00 0.000000000000000000e+00 4.620675729437177539e-10
2.818385467797550614e+00 4.715516447153364607e-12 8.684298222478488060e-11 1.413450015465506570e-10 0.000000000000000000e+00 0.000000000000000000e+00 0.000000000000000000e+00 0.000000000000000000e+00 0.000000000000000000e+00 0.000000000000000000e+00 0.000000000000000000e+00 3.670369093517636212e-10
2.985385455018614298e+00 3.745864378905271190e-12 6.898280361541478871e-11 1.122747106484873265e-10 0.000000000000000000e+00 0.000000000000000000e+00 0.000000000000000000e+00 0.000000000000000000e+00 0.000000000000000000e+00 0.000000000000000000e+00 0.000000000000000000e+00 2.915498789504247188e-10
3.162280822431809302e+00 2.975807518109415259e-12 5.479651471295548553e-11 8.918446453299017094e-11 0.000000000000000000e+00 0.000000000000000000e+00 0.000000000000000000e+00 0.000000000000000000e+00 0.000000000000000000e+00 0.000000000000000000e+00 0.000000000000000000e+00 2.315904339711189407e-10
3.349657908699648967e+00 2.364175012616262576e-12 4.352810499996288869e-11 7.084356735953525070e-11 0.000000000000000000e+00 0.000000000000000000e+00 0.000000000000000000e+00 0.000000000000000000e+00 0.000000000000000000e+00 0.000000000000000000e+00 0.000000000000000000e+00 1.839635639093420320e-10
3.548137795265668082e+00 1.878239544138901531e-12 3.457691576914094970e-11 5.627433563290764087e-11 0.000000000000000000e+00 0.000000000000000000e+00 0.000000000000000000e+00 0.000000000000000000e+00 0.000000000000000000e+00 0.000000000000000000e+00 0.000000000000000000e+00 1.461310369272677806e-10
3.758378364995465848e+00 1.492161356792546623e-12 2.746638778613092318e-11 4.470111668554946467e-11 0.000000000000000000e+00 0.000000000000000000e+00 0.000000000000000000e+00 0.000000000000000000e+00 0.000000000000000000e+00 0.000000000000000000e+00 0.000000000000000000e+00 1.160785407814183043e-10
3.981076482800000260e+00 1.185419839398421833e-12 2.181803113564309578e-11 3.550784046676889068e-11 0.000000000000000000e+00 0.000000000000000000e+00 0.000000000000000000e+00 0.000000000000000000e+00 0.000000000000000000e+00 0.000000000000000000e+00 0.000000000000000000e+00 9.220618654495544686e-11
4.216970305469054381e+00 9.418108173316434109e-13 1.733151688276114232e-11 2.820567988776460547e-11 0.000000000000000000e+00 0.000000000000000000e+00 0.000000000000000000e+00 0.000000000000000000e+00 0.000000000000000000e+00 0.000000000000000000e+00 0.000000000000000000e+00 7.324423358159152043e-11
4.466841728371069742e+00 7.483116800548037142e-13 1.376776585387943753e-11 2.240543599496983595e-11 0.000000000000000000e+00 0.000000000000000000e+00 0.000000000000000000e+00 0.000000000000000000e+00 0.000000000000000000e+00 0.000000000000000000e+00 0.000000000000000000e+00 5.818230484788730050e-11
4.731518977129175241e+00 5.945575983230762634e-13 1.093678184017891531e-11 1.779786111572793349e-11 0.000000000000000000e+00 0.000000000000000000e+00 0.000000000000000000e+00 0.000000000000000000e+00 0.000000000000000000e+00 0.000000000000000000e+00 0.000000000000000000e+00 4.621757981316014157e-11
5.011879352863823023e+00 4.723791430698250566e-13 8.687859028324487695e-12 1.413769222127934866e-11 0.000000000000000000e+00 0.000000000000000000e+00 0.000000000000000000e+00 0.000000000000000000e+00 0.000000000000000000e+00 0.000000000000000000e+00 0.000000000000000000e+00 3.671309978118274717e-11
5.308852140101416595e+00 3.753568550175729634e-13 6.901569714211195440e-12 1.123051634725685139e-11 0.000000000000000000e+00 0.000000000000000000e+00 0.000000000000000000e+00 0.000000000000000000e+00 0.000000000000000000e+00 0.000000000000000000e+00 0.000000000000000000e+00 2.916377183716045457e-11
5.623421686987520651e+00 2.982736198394717584e-13 5.482605785456059115e-12 8.921190801127565854e-12 0.000000000000000000e+00 0.000000000000000000e+00 0.000000000000000000e+00 0.000000000000000000e+00 0.000000000000000000e+00 0.000000000000000000e+00 0.000000000000000000e+00 2.316694537470094605e-11
5.956630668014320840e+00 2.370114999362927286e-13 4.355355874093788272e-12 7.086660951333492453e-12 0.000000000000000000e+00 0.000000000000000000e+00 0.000000000000000000e+00 0.000000000000000000e+00 0.000000000000000000e+00 0.000000000000000000e+00 0.000000000000000000e+00 1.840311463091164312e-11
6.309583540077044361e+00 1.883510407525906608e-13 3.459948545894407357e-12 5.629474010615014254e-12 0.000000000000000000e+00 0.000000000000000000e+00 0.000000000000000000e+00 0.000000000000000000e+00 0.000000000000000000e+00 0.000000000000000000e+00 0.000000000000000000e+00 1.461909332908983577e-11
6.683450203314746929e+00 1.496934864189411887e-13 2.748675863605744580e-12 4.471975215561389144e-12 0.000000000000000000e+00 0.000000000000000000e+00 0.000000000000000000e+00 0.000000000000000000e+00 0.000000000000000000e+00 0.000000000000000000e+00 0.000000000000000000e+00 1.161327885828997998e-11
7.079469878869768529e+00 1.189664371054056009e-13 2.183615051691738550e-12 3.552438651536162634e-12 0.000000000000000000e+00 0.000000000000000000e+00 0.000000000000000000e+00 0.000000000000000000e+00 0.000000000000000000e+00 0.000000000000000000e+00 0.000000000000000000e+00 9.225441107989262702e-12
7.498955216419090242e+00 9.456291266701371106e-14 1.734777335361226261e-12 2.822063524352204700e-12 0.000000000000000000e+00 0.000000000000000000e+00 0.000000000000000000e+00 0.000000000000000000e+00 0.000000000000000000e+00 0.000000000000000000e+00 0.000000000000000000e+00 7.328763894254255836e-12
7.943296645092419617e+00 7.516576456047358361e-14 1.378205614534867268e-12 2.241843155252018781e-12 0.000000000000000000e+00 0.000000000000000000e+00 0.000000000000000000e+00 0.000000000000000000e+00 0.000000000000000000e+00 0.000000000000000000e+00 0.000000000000000000e+00 5.822033838711395280e-12
8.413966982198642697e+00 5.975477897311940890e-14 1.094953856672699490e-12 1.780950443447066763e-12 0.000000000000000000e+00 0.000000000000000000e+00 0.000000000000000000e+00 0.000000000000000000e+00 0.000000000000000000e+00 0.000000000000000000e+00 0.000000000000000000e+00 4.625158209159989112e-12
8.912526315036698676e+00 4.750686644356524764e-14 8.699329149713546268e-13 1.414821332004126170e-12 0.000000000000000000e+00 0.000000000000000000e+00 0.000000000000000000e+00 0.000000000000000000e+00 0.000000000000000000e+00 0.000000000000000000e+00 0.000000000000000000e+00 3.674370970763799653e-12
9.440627171972225895e+00 3.777437865143390156e-14 6.911754320925207915e-13 1.123983515918405500e-12 0.000000000000000000e+00 0.000000000000000000e+00 0.000000000000000000e+00 0.000000000000000000e+00 0.000000000000000000e+00 0.000000000000000000e+00 0.000000000000000000e+00 2.919093533100765784e-12
1.000001999992000101e+01 3.003787224871531824e-14 5.491604062234834561e-13 8.929374186553940994e-13 0.000000000000000000e+00 0.000000000000000000e+00 0.000000000000000000e+00 0.000000000000000000e+00 0.000000000000000000e+00 0.000000000000000000e+00 0.000000000000000000e+00 2.319090509113310385e-12
1.059255896638794070e+01 2.389069288471022335e-14 4.363449523599006640e-13 7.094076264094686549e-13 0.000000000000000000e+00 0.000000000000000000e+00 0.000000000000000000e+00 0.000000000000000000e+00 0.000000000000000000e+00 0.000000000000000000e+00 0.000000000000000000e+00 1.842471201191007412e-12
1.122020810531410717e+01 1.900345765471360660e-14 3.467141880399716676e-13 5.636042984794111061e-13 0.000000000000000000e+00 0.000000000000000000e+00 0.000000000000000000e+00 0.000000000000000000e+00 0.000000000000000000e+00 0.000000000000000000e+00 0.000000000000000000e+00 1.463826863986954329e-12
1.188504782706778506e+01 1.511919769948257868e-14 2.755082519721654946e-13 4.477825931652821296e-13 0.000000000000000000e+00 0.000000000000000000e+00 0.000000000000000000e+00 0.000000000000000000e+00 0.000000000000000000e+00 0.000000000000000000e+00 0.000000000000000000e+00 1.163036117063276385e-12
1.258928181419271652e+01 1.203074859259988632e-14 2.189350306380182781e-13 3.557689848793520498e-13 0.000000000000000000e+00 0.000000000000000000e+00 0.000000000000000000e+00 0.000000000000000000e+00 0.000000000000000000e+00 0.000000000000000000e+00 0.000000000000000000e+00 9.240745700804508797e-13
1.333524432574919949e+01 9.575236102400413486e-15 1.739871254587948181e-13 2.826712123636680126e-13 0.000000000000000000e+00 0.000000000000000000e+00 0.000000000000000000e+00 0.000000000000000000e+00 0.000000000000000000e+00 0.000000000000000000e+00 0.000000000000000000e+00 7.342341104781634280e-13
1.412540793446599174e+01 7.622510115515590083e-15 1.382746754897461537e-13 2.245985763600568432e-13 0.000000000000000000e+00 0.000000000000000000e+00 0.000000000000000000e+00 0.000000000000000000e+00 0.000000000000000000e+00 0.000000000000000000e+00 0.000000000000000000e+00 5.834136580046605350e-13
1.496239172234776404e+01 6.069776845372752921e-15 1.098996836482629748e-13 1.784638874338498114e-13 0.000000000000000000e+00 0.000000000000000000e+00 0.000000000000000000e+00 0.000000000000000000e+00 0.000000000000000000e+00 0.000000000000000000e+00 0.000000000000000000e+00 4.635936991711908372e-13
1.584896996190321872e+01 4.834881037478832097e-15 8.735462514053160247e-14 1.418121987029989358e-13 0.000000000000000000e+00 0.000000000000000000e+00 0.000000000000000000e+00 0.000000000000000000e+00 0.000000000000000000e+00 0.000000000000000000e+00 0.000000000000000000e+00 3.684006704950014771e-13
1.678808131176878149e+01 3.852371736373096423e-15 6.943958260661069038e-14 1.126922160153047117e-13 0.000000000000000000e+00 0.000000000000000000e+00 0.000000000000000000e+00 0.000000000000000000e+00 0.000000000000000000e+00 0.000000000000000000e+00 0.000000000000000000e+00 2.927678221487514739e-13
1.778283855720776785e+01 3.070574479014375589e-15 5.520340402845048954e-14 8.955599196960599833e-14 0.000000000000000000e+00 0.000000000000000000e+00 0.000000000000000000e+00 0.000000000000000000e+00 0.000000000000000000e+00 0.000000000000000000e+00 0.000000000000000000e+00 2.326750615432937798e-13
1.883653892777087080e+01 2.448422056829581116e-15 4.389028150796152451e-14 7.117375039448757374e-14 0.000000000000000000e+00 0.000000000000000000e+00 0.000000000000000000e+00 0.000000000000000000e+00 0.000000000000000000e+00 0.000000000000000000e+00 0.000000000000000000e+00 1.849285626200347957e-13
1.995267502631704915e+01 1.953188411230402114e-15 3.489947715488725459e-14 5.656815662734694518e-14 0.000000000000000000e+00 0.000000000000000000e+00 0.000000000000000000e+00 0.000000000000000000e+00 0.000000000000000000e+00 0.000000000000000000e+00 0.000000000000000000e+00 1.469903226640863016e-13
2.113494640562019811e+01 1.558891394872184733e-15 2.775401972422796683e-14 4.496301882698920122e-14 0.000000000000000000e+00 0.000000000000000000e+00 0.000000000000000000e+00 0.000000000000000000e+00 0.000000000000000000e+00 0.000000000000000000e+00 0.000000000000000000e+00 1.168446128791653472e-13
2.238727183093351414e+01 1.244962875977143953e-15 2.207496004469862995e-14 3.574205243267410497e-14 0.000000000000000000e+00 0.000000000000000000e+00 0.000000000000000000e+00 0.000000000000000000e+00 0.000000000000000000e+00 0.000000000000000000e+00 0.000000000000000000e+00 9.289072549094128407e-14
2.371380226915706757e+01 9.948201757397048419e-16 1.756064217671096527e-14 2.841444820619435946e-14 0.000000000000000000e+00 0.000000000000000000e+00 0.000000000000000000e+00 0.000000000000000000e+00 0.000000000000000000e+00 0.000000000000000000e+00 0.000000000000000000e+00 7.385459856344729784e-14
2.511893464766269446e+01 7.954122209766729451e-16 1.397178539305036560e-14 2.259103171112213914e-14 0.000000000000000000e+00 0.000000000000000000e+00 0.000000000000000000e+00 0.000000000000000000e+00 0.000000000000000000e+00 0.000000000000000000e+00 0.000000000000000000e+00 5.872553536448335702e-14
2.660732642838122075e+01 6.364792638816704252e-16 1.111877292663811551e-14 1.796333585902417165e-14 0.000000000000000000e+00 0.000000000000000000e+00 0.000000000000000000e+00 0.000000000000000000e+00 0.000000000000000000e+00 0.000000000000000000e+00 0.000000000000000000e+00 4.670204239614798338e-14
2.818391104545939641e+01 5.097116253948600433e-16 8.850299676125804225e-15 1.428539456017510578e-14 0.000000000000000000e+00 0.000000000000000000e+00 0.000000000000000000e+00 0.000000000000000000e+00 0.000000000000000000e+00 0.000000000000000000e+00 0.000000000000000000e+00 3.714549501872653072e-14
2.985391425765641671e+01 4.085488805614106687e-16 7.046392691029144792e-15 1.136206437815945880e-14 0.000000000000000000e+00 0.000000000000000000e+00 0.000000000000000000e+00 0.000000000000000000e+00 0.000000000000000000e+00 0.000000000000000000e+00 0.000000000000000000e+00 2.954912444197983657e-14
3.162287146968157003e+01 3.277753536206893502e-16 5.611733624067888576e-15 9.038347616673125334e-15 0.000000000000000000e+00 0.000000000000000000e+00 0.000000000000000000e+00 0.000000000000000000e+00 0.000000000000000000e+00 0.000000000000000000e+00 0.000000000000000000e+00 2.351037623190133378e-14
3.349664607988670184e+01 2.632625149134336120e-16 4.470629743740476949e-15 7.191228350596156589e-15 0.000000000000000000e+00 0.000000000000000000e+00 0.000000000000000000e+00 0.000000000000000000e+00 0.000000000000000000e+00 0.000000000000000000e+00 0.000000000000000000e+00 1.870964183150870567e-14
3.548144891512873755e+01 2.116820209422492890e-16 3.562812029186022981e-15 5.722681054833380687e-15 0.000000000000000000e+00 0.000000000000000000e+00 0.000000000000000000e+00 0.000000000000000000e+00 0.000000000000000000e+00 0.000000000000000000e+00 0.000000000000000000e+00 1.489246787835365437e-14
3.758385881722129085e+01 1.704168257453466435e-16 2.840452977751099646e-15 4.555031001255519463e-15 0.000000000000000000e+00 0.000000000000000000e+00 0.000000000000000000e+00 0.000000000000000000e+00 0.000000000000000000e+00 0.000000000000000000e+00 0.000000000000000000e+00 1.185703799131033529e-14
3.981084444921117438e+01 1.373758938055886620e-16 2.265533934639192808e-15 3.626508345587190327e-15 0.000000000000000000e+00 0.000000000000000000e+00 0.000000000000000000e+00 0.000000000000000000e+00 0.000000000000000000e+00 0.000000000000000000e+00 0.000000000000000000e+00 9.442910084965871734e-15
4.216978739375930729e+01 1.109007937907990898e-16 1.807889733909589447e-15 2.888072867260273736e-15 0.000000000000000000e+00 0.000000000000000000e+00 0.000000000000000000e+00 0.000000000000000000e+00 0.000000000000000000e+00 0.000000000000000000e+00 0.000000000000000000e+00 7.522697928747846728e-15
4.466850662018793372e+01 8.967216902413939725e-17 1.443517282681881083e-15 2.300764000636267603e-15 0.000000000000000000e+00 0.000000000000000000e+00 0.000000000000000000e+00 0.000000000000000000e+00 0.000000000000000000e+00 0.000000000000000000e+00 0.000000000000000000e+00 5.995163252626590859e-15
4.731528440129277158e+01 7.261635456465021078e-17 1.153262397511877179e-15 1.833473906164315978e-15 0.000000000000000000e+00 0.000000000000000000e+00 0.000000000000000000e+00 0.000000000000000000e+00 0.000000000000000000e+00 0.000000000000000000e+00 0.000000000000000000e+00 4.779581650242057978e-15
5.011889376582433897e+01 5.890988961278788337e-17 9.220311582121121393e-16 1.461696260261551911e-15 0.000000000000000000e+00 0.000000000000000000e+00 0.000000000000000000e+00 0.000000000000000000e+00 0.000000000000000000e+00 0.000000000000000000e+00 0.000000000000000000e+00 3.812216549269003698e-15
5.308862757763228046e+01 4.787647134242553979e-17 7.377382423676976270e-16 1.165822384963183116e-15 0.000000000000000000e+00 0.000000000000000000e+00 0.000000000000000000e+00 0.000000000000000000e+00 0.000000000000000000e+00 0.000000000000000000e+00 0.000000000000000000e+00 3.042150546675028830e-15
5.623432933785908716e+01 3.898164407688599451e-17 5.907871555227826588e-16 9.302933859086460396e-16 0.000000000000000000e+00 0.000000000000000000e+00 0.000000000000000000e+00 0.000000000000000000e+00 0.000000000000000000e+00 0.000000000000000000e+00 0.000000000000000000e+00 2.428964118251834514e-15
5.956642581228004474e+01 3.180242411015292549e-17 4.735759783648426372e-16 7.427768382677369748e-16 0.000000000000000000e+00 0.000000000000000000e+00 0.000000000000000000e+00 0.000000000000000000e+00 0.000000000000000000e+00 0.000000000000000000e+00 0.000000000000000000e+00 1.940598714393118117e-15
6.309596159193648646e+01 2.599641388907723958e-17 3.800283207608690548e-16 5.934293683131969452e-16 0.000000000000000000e+00 0.000000000000000000e+00 0.000000000000000000e+00 0.000000000000000000e+00 0.000000000000000000e+00 0.000000000000000000e+00 0.000000000000000000e+00 1.551488081456365464e-15
6.683463570161686107e+01 2.129345449755080244e-17 3.053325104183014972e-16 4.744524596109011616e-16 0.000000000000000000e+00 0.000000000000000000e+00 0.000000000000000000e+00 0.000000000000000000e+00 0.000000000000000000e+00 0.000000000000000000e+00 0.000000000000000000e+00 1.241362341628079232e-15
7.079484037752892789e+01 1.747634591538412524e-17 2.456506127913195246e-16 3.796352745826439722e-16 0.000000000000000000e+00 0.000000000000000000e+00 0.000000000000000000e+00 0.000000000000000000e+00 0.000000000000000000e+00 0.000000000000000000e+00 0.000000000000000000e+00 9.940815112747557345e-16
7.498970214269533585e+01 1.437272733859752599e-17 1.979356488267848484e-16 3.040493061585462775e-16 0.000000000000000000e+00 0.000000000000000000e+00 0.000000000000000000e+00 0.000000000000000000e+00 0.000000000000000000e+00 0.000000000000000000e+00 0.000000000000000000e+00 7.968306090830869145e-16
7.943312531622163419e+01 1.184373336238428842e-17 1.597600291628255563e-16 2.437693158047531394e-16 0.000000000000000000e+00 0.000000000000000000e+00 0.000000000000000000e+00 0.000000000000000000e+00 0.000000000000000000e+00 0.000000000000000000e+00 0.000000000000000000e+00 6.394070572786423838e-16
8.413983810065295188e+01 9.778521507317150496e-18 1.291925946606609662e-16 1.956756752393618421e-16 0.000000000000000000e+00 0.000000000000000000e+00 0.000000000000000000e+00 0.000000000000000000e+00 0.000000000000000000e+00 0.000000000000000000e+00 0.000000000000000000e+00 5.136997407548520196e-16
8.912544140018032124e+01 8.088257654415166788e-18 1.046958302565927415e-16 1.572869557451839389e-16 0.000000000000000000e+00 0.000000000000000000e+00 0.000000000000000000e+00 0.000000000000000000e+00 0.000000000000000000e+00 0.000000000000000000e+00 0.000000000000000000e+00 4.132560582095249213e-16
9.440646053151047568e+01 6.701900907180383374e-18 8.504588663717888338e-17 1.266305730709825958e-16 0.000000000000000000e+00 0.000000000000000000e+00 0.000000000000000000e+00 0.000000000000000000e+00 0.000000000000000000e+00 0.000000000000000000e+00 0.000000000000000000e+00 3.329442989034614088e-16
1.000003999988000061e+02 5.562297799347509005e-18 6.926814036166091580e-17 1.021369912598611986e-16 0.000000000000000000e+00 0.000000000000000000e+00 0.000000000000000000e+00 0.000000000000000000e+00 0.000000000000000000e+00 0.000000000000000000e+00 0.000000000000000000e+00 2.686808975013893770e-16
1.059258015142113862e+02 4.623670094161118068e-18 5.658647753823151928e-17 8.255751591919716535e-17 0.000000000000000000e+00 0.000000000000000000e+00 0.000000000000000000e+00 0.000000000000000000e+00 0.000000000000000000e+00 0.000000000000000000e+00 0.000000000000000000e+00 2.172156003116649768e-16
1.122023054564055542e+02 3.849186345029942199e-18 4.638154787650120346e-17 6.689814620478566157e-17 0.000000000000000000e+00 0.000000000000000000e+00 0.000000000000000000e+00 0.000000000000000000e+00 0.000000000000000000e+00 0.000000000000000000e+00 0.000000000000000000e+00 1.759599535854901452e-16
1.188507159706835239e+02 3.209201418703039112e-18 3.816043118917128353e-17 5.436783937207043900e-17 0.000000000000000000e+00 0.000000000000000000e+00 0.000000000000000000e+00 0.000000000000000000e+00 0.000000000000000000e+00 0.000000000000000000e+00 0.000000000000000000e+00 1.428533571284468893e-16
1.258930699265563788e+02 2.680035045932364373e-18 3.153035822506188557e-17 4.433825781319432925e-17 0.000000000000000000e+00 0.000000000000000000e+00 0.000000000000000000e+00 0.000000000000000000e+00 0.000000000000000000e+00 0.000000000000000000e+00 0.000000000000000000e+00 1.162559689626604334e-16
1.333527099613116889e+02 2.242513021881093702e-18 2.617783426229342663e-17 3.630849718608313603e-17 0.000000000000000000e+00 0.000000000000000000e+00 0.000000000000000000e+00 0.000000000000000000e+00 0.000000000000000000e+00 0.000000000000000000e+00 0.000000000000000000e+00 9.485986252168392732e-17
1.412543618516886568e+02 1.881144230139018005e-18 2.185247028741256441e-17 2.987958731466197905e-17 0.000000000000000000e+00 0.000000000000000000e+00 0.000000000000000000e+00 0.000000000000000000e+00 0.000000000000000000e+00 0.000000000000000000e+00 0.000000000000000000e+00 7.762160753327476788e-17
1.496242164701151012e+02 1.583475731270824313e-18 1.835500327343036771e-17 2.473471938429077637e-17 0.000000000000000000e+00 0.000000000000000000e+00 0.000000000000000000e+00 0.000000000000000000e+00 0.000000000000000000e+00 0.000000000000000000e+00 0.000000000000000000e+00 6.371008342066744736e-17
1.584900165971634465e+02 1.339460754599853886e-18 1.552629162767253749e-17 2.062211734201126793e-17 0.000000000000000000e+00 0.000000000000000000e+00 0.000000000000000000e+00 0.000000000000000000e+00 0.000000000000000000e+00 0.000000000000000000e+00 0.000000000000000000e+00 5.246147000305210908e-17
1.678811488779710714e+02 1.140868635172235742e-18 1.323923972879923516e-17 1.734181126272386335e-17 0.000000000000000000e+00 0.000000000000000000e+00 0.000000000000000000e+00 0.000000000000000000e+00 0.000000000000000000e+00 0.000000000000000000e+00 0.000000000000000000e+00 4.334517645156770235e-17
1.778287412274262067e+02 9.809699260026690833e-19 1.139256678136844781e-17 1.473580462418996548e-17 0.000000000000000000e+00 0.000000000000000000e+00 0.000000000000000000e+00 0.000000000000000000e+00 0.000000000000000000e+00 0.000000000000000000e+00 0.000000000000000000e+00 3.593714747860735597e-17
1.883657660069804365e+02 8.540913606358722456e-19 9.905255335608006521e-18 1.267956153341881751e-17 0.000000000000000000e+00 0.000000000000000000e+00 0.000000000000000000e+00 0.000000000000000000e+00 0.000000000000000000e+00 0.000000000000000000e+00 0.000000000000000000e+00 2.989740446281692203e-17
1.995271493150748086e+02 7.553112100783920927e-19 8.712323851409850283e-18 1.107562418960347706e-17 0.000000000000000000e+00 0.000000000000000000e+00 0.000000000000000000e+00 0.000000000000000000e+00 0.000000000000000000e+00 0.000000000000000000e+00 0.000000000000000000e+00 2.495297152258300202e-17
2.113498867534393071e+02 6.801645165014990606e-19 7.761263905362566161e-18 9.848599965171375153e-18 0.000000000000000000e+00 0.000000000000000000e+00 0.000000000000000000e+00 0.000000000000000000e+00 0.000000000000000000e+00 0.000000000000000000e+00 0.000000000000000000e+00 2.088428700434049534e-17
2.238731660529809062e+02 6.243624535447859807e-19 7.008753547763176248e-18 8.940764667406005243e-18 0.000000000000000000e+00 0.000000000000000000e+00 0.000000000000000000e+00 0.000000000000000000e+00 0.000000000000000000e+00 0.000000000000000000e+00 0.000000000000000000e+00 1.751439740897367012e-17
2.371384969657189856e+02 5.834737254839565514e-19 6.417051701178371157e-18 8.306946221760259697e-18 0.000000000000000000e+00 0.000000000000000000e+00 0.000000000000000000e+00 0.000000000000000000e+00 0.000000000000000000e+00 0.000000000000000000e+00 0.000000000000000000e+00 1.470036539152451950e-17
2.511898488533105365e+02 5.527565979298546300e-19 5.950305105583392750e-18 7.908602133788678898e-18 0.000000000000000000e+00 0.000000000000000000e+00 0.000000000000000000e+00 0.000000000000000000e+00 0.000000000000000000e+00 0.000000000000000000e+00 0.000000000000000000e+00 1.232744294588828205e-17
2.660737964282121766e+02 5.270554501778818910e-19 5.569685046960413710e-18 7.703255114518090278e-18 0.000000000000000000e+00 0.000000000000000000e+00 0.000000000000000000e+00 0.000000000000000000e+00 0.000000000000000000e+00 0.000000000000000000e+00 0.000000000000000000e+00 1.030491347287116602e-17
2.818396741305601836e+02 5.010008220929163250e-19 5.228330342791261201e-18 7.628028899447808767e-18 0.000000000000000000e+00 0.000000000000000000e+00 0.000000000000000000e+00 0.000000000000000000e+00 0.000000000000000000e+00 0.000000000000000000e+00 0.000000000000000000e+00 8.563970729590032975e-18
2.985397396524612077e+02 4.696264489085380796e-19 4.869179432047308477e-18 7.579379539334072955e-18 0.000000000000000000e+00 0.000000000000000000e+00 0.000000000000000000e+00 0.000000000000000000e+00 0.000000000000000000e+00 0.000000000000000000e+00 0.000000000000000000e+00 7.056755694259686738e-18
3.162293471517152739e+02 4.293927059636187826e-19 4.432299881157939673e-18 7.406081182254820756e-18 0.000000000000000000e+00 0.000000000000000000e+00 0.000000000000000000e+00 0.000000000000000000e+00 0.000000000000000000e+00 0.000000000000000000e+00 0.000000000000000000e+00 5.754537553601897376e-18
3.349671307291087601e+02 3.794071648764720562e-19 3.880355938599819255e-18 6.949968035195190505e-18 0.000000000000000000e+00 0.000000000000000000e+00 0.000000000000000000e+00 0.000000000000000000e+00 0.000000000000000000e+00 0.000000000000000000e+00 0.000000000000000000e+00 4.642535710679120734e-18
3.548151987774273834e+02 3.220182790310216942e-19 3.230632639882387558e-18 6.142755239363017326e-18 0.000000000000000000e+00 0.000000000000000000e+00 0.000000000000000000e+00 0.000000000000000000e+00 0.000000000000000000e+00 0.000000000000000000e+00 0.000000000000000000e+00 3.710361141285770520e-18
3.758393398463825861e+02 2.621308831302066438e-19 2.557825290804701592e-18 5.078765886464341998e-18 0.000000000000000000e+00 0.000000000000000000e+00 0.000000000000000000e+00 0.000000000000000000e+00 0.000000000000000000e+00 0.000000000000000000e+00 0.000000000000000000e+00 2.943333545833739751e-18
3.981092407058160916e+02 2.053417843841334669e-19 1.950128420981498404e-18 3.960923276925908922e-18 0.000000000000000000e+00 0.000000000000000000e+00 0.000000000000000000e+00 0.000000000000000000e+00 0.000000000000000000e+00 0.000000000000000000e+00 0.000000000000000000e+00 2.321274753200303273e-18
4.216987173299673941e+02 1.559875583784511862e-19 1.460677193068370299e-18 2.969147359488950075e-18 0.000000000000000000e+00 0.000000000000000000e+00 0.000000000000000000e+00 0.000000000000000000e+00 0.000000000000000000e+00 0.000000000000000000e+00 0.000000000000000000e+00 1.822821082454087012e-18
4.466859595684380793e+02 1.161838477381215957e-19 1.097173080175381899e-18 2.187337100988257418e-18 0.000000000000000000e+00 0.000000000000000000e+00 0.000000000000000000e+00 0.000000000000000000e+00 0.000000000000000000e+00 0.000000000000000000e+00 0.000000000000000000e+00 1.428365875090873602e-18
4.731537903148308146e+02 8.603034432299404075e-20 8.403028786747804634e-19 1.617772882581680264e-18 0.000000000000000000e+00 0.000000000000000000e+00 0.000000000000000000e+00 0.000000000000000000e+00 0.000000000000000000e+00 0.000000000000000000e+00 0.000000000000000000e+00 1.120084132504610748e-18
5.011899400321092344e+02 6.440341816319238658e-20 6.633619663512736106e-19 1.224528600397315972e-18 0.000000000000000000e+00 0.000000000000000000e+00 0.000000000000000000e+00 0.000000000000000000e+00 0.000000000000000000e+00 0.000000000000000000e+00 0.000000000000000000e+00 8.814162314962116226e-19
5.308873375446275986e+02 4.966272435977334901e-20 5.421001529915667547e-19 9.639321594500524702e-19 0.000000000000000000e+00 0.000000000000000000e+00 0.000000000000000000e+00 0.000000000000000000e+00 0.000000000000000000e+00 0.000000000000000000e+00 0.000000000000000000e+00 6.971885940538064624e-19
5.623444180606788905e+02 4.001967240029939025e-20 4.569308240342248881e-19 7.965827589512492839e-19 0.000000000000000000e+00 0.000000000000000000e+00 0.000000000000000000e+00 0.000000000000000000e+00 0.000000000000000000e+00 0.000000000000000000e+00 0.000000000000000000e+00 5.541254082007777842e-19
5.956654494465514063e+02 3.366357048893231081e-20 3.919271317849266433e-19 6.881163789895199880e-19 0.000000000000000000e+00 0.000000000000000000e+00 0.000000000000000000e+00 0.000000000000000000e+00 0.000000000000000000e+00 0.000000000000000000e+00 0.000000000000000000e+00 4.413807827394076286e-19
6.309608778335493753e+02 2.888099047540051558e-20 3.341911048352149348e-19 6.064424397951167429e-19 0.000000000000000000e+00 0.000000000000000000e+00 0.000000000000000000e+00 0.000000000000000000e+00 0.000000000000000000e+00 0.000000000000000000e+00 0.000000000000000000e+00 3.509373011227013391e-19
6.683476937035359242e+02 2.436209302865216173e-20 2.758364398943725708e-19 5.237558012575407773e-19 0.000000000000000000e+00 0.000000000000000000e+00 0.000000000000000000e+00 0.000000000000000000e+00 0.000000000000000000e+00 0.000000000000000000e+00 0.000000000000000000e+00 2.775821031444912663e-19
7.079498196664336547e+02 1.958245330573097475e-20 2.170926212461549455e-19 4.275505462383835076e-19 0.000000000000000000e+00 0.000000000000000000e+00 0.000000000000000000e+00 0.000000000000000000e+00 0.000000000000000000e+00 0.000000000000000000e+00 0.000000000000000000e+00 2.181185945995240319e-19
7.498985212149971176e+02 1.484788010018219879e-20 1.645641587729752048e-19 3.270745795234139670e-19 0.000000000000000000e+00 0.000000000000000000e+00 0.000000000000000000e+00 0.000000000000000000e+00 0.000000000000000000e+00 0.000000000000000000e+00 0.000000000000000000e+00 1.703203185784679644e-19
7.943328418183681379e+02 1.081375105130584551e-20 1.239589804655527050e-19 2.403167804994783671e-19 0.000000000000000000e+00 0.000000000000000000e+00 0.000000000000000000e+00 0.000000000000000000e+00 0.000000000000000000e+00 0.000000000000000000e+00 0.000000000000000000e+00 1.324494950072940053e-19
8.414000637965608576e+02 7.907854828212825313e-21 9.570653068396715563e-20 1.773800428871217242e-19 0.000000000000000000e+00 0.000000000000000000e+00 0.000000000000000000e+00 0.000000000000000000e+00 0.000000000000000000e+00 0.000000000000000000e+00 0.000000000000000000e+00 1.029993658494245623e-19
8.912561965035012008e+02 6.107953614518978933e-21 7.651224226842040787e-20 1.372786476635382528e-19 0.000000000000000000e+00 0.000000000000000000e+00 0.000000000000000000e+00 0.000000000000000000e+00 0.000000000000000000e+00 0.000000000000000000e+00 0.000000000000000000e+00 8.035801970808958385e-20
9.440664934367624710e+02 5.025529861815014543e-21 6.219198369304138289e-20 1.122489014502478031e-19 0.000000000000000000e+00 0.000000000000000000e+00 0.000000000000000000e+00 0.000000000000000000e+00 0.000000000000000000e+00 0.000000000000000000e+00 0.000000000000000000e+00 6.281534369129949575e-20
1.000005999988000553e+03 4.150860534453186626e-21 4.959700287684358408e-20 9.257916925351661778e-20 0.000000000000000000e+00 0.000000000000000000e+00 0.000000000000000000e+00 0.000000000000000000e+00 0.000000000000000000e+00 0.000000000000000000e+00 0.000000000000000000e+00 4.893796823400261589e-20
1.059260133649669569e+03 3.205860070319775762e-21 3.796162774338385780e-20 7.240022207047558045e-20 0.000000000000000000e+00 0.000000000000000000e+00 0.000000000000000000e+00 0.000000000000000000e+00 0.000000000000000000e+00 0.000000000000000000e+00 0.000000000000000000e+00 3.783590298389162589e-20
1.122025298601189206e+03 2.300952082674063517e-21 2.844075671112323106e-20 5.310561333953071395e-20 0.000000000000000000e+00 0.000000000000000000e+00 0.000000000000000000e+00 0.000000000000000000e+00 0.000000000000000000e+00 0.000000000000000000e+00 0.000000000000000000e+00 2.904850426513928479e-20
1.188509536711647343e+03 1.665021408644555570e-21 2.171259627116290651e-20 3.875571215710276578e-20 0.000000000000000000e+00 0.000000000000000000e+00 0.000000000000000000e+00 0.000000000000000000e+00 0.000000000000000000e+00 0.000000000000000000e+00 0.000000000000000000e+00 2.227107138218840069e-20
1.258933217116890319e+03 1.316757624115191608e-21 1.700780712190693984e-20 3.003980064473131087e-20 0.000000000000000000e+00 0.000000000000000000e+00 0.000000000000000000e+00 0.000000000000000000e+00 0.000000000000000000e+00 0.000000000000000000e+00 0.000000000000000000e+00 1.711137628441824169e-20
1.333529766656648690e+03 1.065902664344083484e-21 1.318429047682624464e-20 2.397143160870130698e-20 0.000000000000000000e+00 0.000000000000000000e+00 0.000000000000000000e+00 0.000000000000000000e+00 0.000000000000000000e+00 0.000000000000000000e+00 0.000000000000000000e+00 1.310504899172305277e-20
1.412546443592822698e+03 7.800616376602176617e-22 9.845322813774243334e-21 1.796585937575380347e-20 0.000000000000000000e+00 0.000000000000000000e+00 0.000000000000000000e+00 0.000000000000000000e+00 0.000000000000000000e+00 0.000000000000000000e+00 0.000000000000000000e+00 9.937600043729465679e-21
1.496245157173511416e+03 5.354796398424075706e-22 7.294907823794100167e-21 1.269643811408244241e-20 0.000000000000000000e+00 0.000000000000000000e+00 0.000000000000000000e+00 0.000000000000000000e+00 0.000000000000000000e+00 0.000000000000000000e+00 0.000000000000000000e+00 7.484862794312170943e-21
1.584903335759287984e+03 4.054776251748095430e-22 5.528962089431245311e-21 9.412876252767833121e-21 0.000000000000000000e+00 0.000000000000000000e+00 0.000000000000000000e+00 0.000000000000000000e+00 0.000000000000000000e+00 0.000000000000000000e+00 0.000000000000000000e+00 5.640772587875912183e-21
1.678814846389257127e+03 3.177099752674168474e-22 4.159318282264023532e-21 7.244972163000267197e-21 0.000000000000000000e+00 0.000000000000000000e+00 0.000000000000000000e+00 0.000000000000000000e+00 0.000000000000000000e+00 0.000000000000000000e+00 0.000000000000000000e+00 4.234162770002297787e-21
1.778290968834861360e+03 2.180210537397345173e-22 3.038064976307883191e-21 5.173481154322758244e-21 0.000000000000000000e+00 0.000000000000000000e+00 0.000000000000000000e+00 0.000000000000000000e+00 0.000000000000000000e+00 0.000000000000000000e+00 0.000000000000000000e+00 3.144295957582427907e-21
1.883661427370054525e+03 1.538130427293048173e-22 2.235896994307041704e-21 3.659675984405165368e-21 0.000000000000000000e+00 0.000000000000000000e+00 0.000000000000000000e+00 0.000000000000000000e+00 0.000000000000000000e+00 0.000000000000000000e+00 0.000000000000000000e+00 2.326661109734473177e-21
1.995275483677773536e+03 1.189635649617029796e-22 1.651335832119450504e-21 2.752454463924854593e-21 0.000000000000000000e+00 0.000000000000000000e+00 0.000000000000000000e+00 0.000000000000000000e+00 0.000000000000000000e+00 0.000000000000000000e+00 0.000000000000000000e+00 1.716873228966429834e-21
2.113503094515221164e+03 7.857047174811062197e-23 1.188123069571002636e-21 1.919606043234292735e-21 0.000000000000000000e+00 0.000000000000000000e+00 0.000000000000000000e+00 0.000000000000000000e+00 0.000000000000000000e+00 0.000000000000000000e+00 0.000000000000000000e+00 1.252816425220231313e-21
2.238736137975219208e+03 5.470429039013864992e-23 8.588510105330289552e-22 1.342301309367062831e-21 0.000000000000000000e+00 0.000000000000000000e+00 0.000000000000000000e+00 0.000000000000000000e+00 0.000000000000000000e+00 0.000000000000000000e+00 0.000000000000000000e+00 9.106769247080191286e-22
2.371389712408159539e+03 3.917616471242664707e-23 6.182399783670785934e-22 9.678125183488765164e-22 0.000000000000000000e+00 0.000000000000000000e+00 0.000000000000000000e+00 0.000000000000000000e+00 0.000000000000000000e+00 0.000000000000000000e+00 0.000000000000000000e+00 6.585723878053455791e-22
2.511903512309986127e+03 2.492419212093680989e-23 4.399172613421065765e-22 6.554239056949803017e-22 0.000000000000000000e+00 0.000000000000000000e+00 0.000000000000000000e+00 0.000000000000000000e+00 0.000000000000000000e+00 0.000000000000000000e+00 0.000000000000000000e+00 4.725724587834203725e-22
2.660743285736766211e+03 1.773699503331355127e-23 3.142268161503753232e-22 4.664042205833002517e-22 0.000000000000000000e+00 0.000000000000000000e+00 0.000000000000000000e+00 0.000000000000000000e+00 0.000000000000000000e+00 0.000000000000000000e+00 0.000000000000000000e+00 3.381724017273389123e-22
2.818402378076538753e+03 1.061703442284505020e-23 2.220797406202376320e-22 3.108315511344534289e-22 0.000000000000000000e+00 0.000000000000000000e+00 0.000000000000000000e+00 0.000000000000000000e+00 0.000000000000000000e+00 0.000000000000000000e+00 0.000000000000000000e+00 2.402692559391764915e-22
2.985403367295520638e+03 7.013771624831086418e-24 1.576374841106102383e-22 2.138189507799797537e-22 0.000000000000000000e+00 0.000000000000000000e+00 0.000000000000000000e+00 0.000000000000000000e+00 0.000000000000000000e+00 0.000000000000000000e+00 0.000000000000000000e+00 1.705582762680131686e-22
3.162299796078799318e+03 3.943821704006938314e-24 1.116104417169718495e-22 1.405408500186262533e-22 0.000000000000000000e+00 0.000000000000000000e+00 0.000000000000000000e+00 0.000000000000000000e+00 0.000000000000000000e+00 0.000000000000000000e+00 0.000000000000000000e+00 1.207805832058030397e-22
3.349678006606906365e+03 2.084576740475301252e-24 7.919626232118429512e-23 9.451918716375953788e-23 0.000000000000000000e+00 0.000000000000000000e+00 0.000000000000000000e+00 0.000000000000000000e+00 0.000000000000000000e+00 0.000000000000000000e+00 0.000000000000000000e+00 8.569985312672578791e-23
3.548159084049862486e+03 1.112474618408750490e-24 5.662396103336081873e-23 6.266211441654131625e-23 0.000000000000000000e+00 0.000000000000000000e+00 0.000000000000000000e+00 0.000000000000000000e+00 0.000000000000000000e+00 0.000000000000000000e+00 0.000000000000000000e+00 6.104966552173710594e-23
3.758400915220557636e+03 5.712893718138009353e-25 4.092610820142282306e-23 4.113826289666842559e-23 0.000000000000000000e+00 0.000000000000000000e+00 0.000000000000000000e+00 0.000000000000000000e+00 0.000000000000000000e+00 0.000000000000000000e+00 0.000000000000000000e+00 4.387267546824091868e-23
3.981100369211124416e+03 2.233279356873557795e-25 2.987977609512081773e-23 2.779950085780047267e-23 0.000000000000000000e+00 0.000000000000000000e+00 0.000000000000000000e+00 0.000000000000000000e+00 0.000000000000000000e+00 0.000000000000000000e+00 0.000000000000000000e+00 3.190616769155723148e-23
4.216995607240287427e+03 1.336717778301899132e-25 2.209383085961011672e-23 1.967848769907538428e-23 0.000000000000000000e+00 0.000000000000000000e+00 0.000000000000000000e+00 0.000000000000000000e+00 0.000000000000000000e+00 0.000000000000000000e+00 0.000000000000000000e+00 2.356187186467280508e-23
4.466868529367839983e+03 1.121571316439200436e-25 1.658951739804985175e-23 1.397397328457036917e-23 0.000000000000000000e+00 0.000000000000000000e+00 0.000000000000000000e+00 0.000000000000000000e+00 0.000000000000000000e+00 0.000000000000000000e+00 0.000000000000000000e+00 1.769373468934463140e-23
4.731547366186259751e+03 9.958639130792442733e-26 1.265865596334657796e-23 1.013557106625832399e-23 0.000000000000000000e+00 0.000000000000000000e+00 0.000000000000000000e+00 0.000000000000000000e+00 0.000000000000000000e+00 0.000000000000000000e+00 0.000000000000000000e+00 1.349536434450131599e-23
5.011909424079800374e+03 9.988238031120368023e-26 9.696935909968513451e-24 7.655146917605305060e-24 0.000000000000000000e+00 0.000000000000000000e+00 0.000000000000000000e+00 0.000000000000000000e+00 0.000000000000000000e+00 0.000000000000000000e+00 0.000000000000000000e+00 1.043657671916306287e-23
5.308883993150553579e+03 9.983542395310263935e-26 7.513473173434329713e-24 5.877730623555740737e-24 0.000000000000000000e+00 0.000000000000000000e+00 0.000000000000000000e+00 0.000000000000000000e+00 0.000000000000000000e+00 0.000000000000000000e+00 0.000000000000000000e+00 8.172400762762623729e-24
5.623455427450166098e+03 8.743068990142271911e-26 5.926068677485831481e-24 4.615057121686975356e-24 0.000000000000000000e+00 0.000000000000000000e+00 0.000000000000000000e+00 0.000000000000000000e+00 0.000000000000000000e+00 0.000000000000000000e+00 0.000000000000000000e+00 6.512012148831686117e-24
5.956666407726853322e+03 6.951961652096697915e-26 4.784190312910815438e-24 3.701193824028221894e-24 0.000000000000000000e+00 0.000000000000000000e+00 0.000000000000000000e+00 0.000000000000000000e+00 0.000000000000000000e+00 0.000000000000000000e+00 0.000000000000000000e+00 5.319297534677235675e-24
6.309621397502571199e+03 5.038763905272736800e-26 3.951219610106280481e-24 3.134124176701494124e-24 0.000000000000000000e+00 0.000000000000000000e+00 0.000000000000000000e+00 0.000000000000000000e+00 0.000000000000000000e+00 0.000000000000000000e+00 0.000000000000000000e+00 4.466252392118484431e-24
6.683490303935769589e+03 3.500932280366159319e-26 3.423289207437319268e-24 2.680080702895234205e-24 0.000000000000000000e+00 0.000000000000000000e+00 0.000000000000000000e+00 0.000000000000000000e+00 0.000000000000000000e+00 0.000000000000000000e+00 0.000000000000000000e+00 3.873358282482819356e-24
7.079512355604090772e+03 2.201688476871513320e-26 3.083996343378445215e-24 2.336378132364409717e-24 0.000000000000000000e+00 0.000000000000000000e+00 0.000000000000000000e+00 0.000000000000000000e+00 0.000000000000000000e+00 0.000000000000000000e+00 0.000000000000000000e+00 3.478791649603481696e-24
7.499000210060407881e+03 1.299026006111753447e-26 2.841537590483526518e-24 2.117147860299639660e-24 0.000000000000000000e+00 0.000000000000000000e+00 0.000000000000000000e+00 0.000000000000000000e+00 0.000000000000000000e+00 0.000000000000000000e+00 0.000000000000000000e+00 3.212930090102866511e-24
7.943344304776975150e+03 7.418895488685032882e-27 2.668396056442573080e-24 1.965245725501632360e-24 0.000000000000000000e+00 0.000000000000000000e+00 0.000000000000000000e+00 0.000000000000000000e+00 0.000000000000000000e+00 0.000000000000000000e+00 0.000000000000000000e+00 3.042524602086855400e-24
8.414017465899569288e+03 4.154674769471123098e-27 2.551627618057552700e-24 1.835381781413453621e-24 0.000000000000000000e+00 0.000000000000000000e+00 0.000000000000000000e+00 0.000000000000000000e+00 0.000000000000000000e+00 0.000000000000000000e+00 0.000000000000000000e+00 2.945284516310583893e-24
8.912579790087645961e+03 2.315319731073224819e-27 2.489897264471840392e-24 1.765511336676359913e-24 0.000000000000000000e+00 0.000000000000000000e+00 0.000000000000000000e+00 0.000000000000000000e+00 0.000000000000000000e+00 0.000000000000000000e+00 0.000000000000000000e+00 2.907777803536984348e-24
9.440683815621974645e+03 1.365881136073920173e-27 2.463124676891544741e-24 1.774786524499730321e-24 0.000000000000000000e+00 0.000000000000000000e+00 0.000000000000000000e+00 0.000000000000000000e+00 0.000000000000000000e+00 0.000000000000000000e+00 0.000000000000000000e+00 2.921119778564698500e-24
1.000007999992000077e+04 8.885953282951806208e-28 2.505921850573573526e-24 1.792216474958835109e-24 0.000000000000000000e+00 0.000000000000000000e+00 0.000000000000000000e+00 0.000000000000000000e+00 0.000000000000000000e+00 0.000000000000000000e+00 0.000000000000000000e+00 2.997949678037071219e-24
1.059262252161462311e+04 5.988830159880976015e-28 2.608403142799649490e-24 1.831624280239880987e-24 0.000000000000000000e+00 0.000000000000000000e+00 0.000000000000000000e+00 0.000000000000000000e+00 0.000000000000000000e+00 0.000000000000000000e+00 0.000000000000000000e+00 3.148011466999375473e-24
1.122027542642810840e+04 3.969303682606805129e-28 2.763690438505086755e-24 1.926951933808349246e-24 0.000000000000000000e+00 0.000000000000000000e+00 0.000000000000000000e+00 0.000000000000000000e+00 0.000000000000000000e+00 0.000000000000000000e+00 0.000000000000000000e+00 3.380533608616222190e-24
1.188511913721213386e+04 2.496948026731113795e-28 2.995150738965224856e-24 2.086433272015961513e-24 0.000000000000000000e+00 0.000000000000000000e+00 0.000000000000000000e+00 0.000000000000000000e+00 0.000000000000000000e+00 0.000000000000000000e+00 0.000000000000000000e+00 3.717504814171729159e-24
1.258935734973253784e+04 1.547126137946314294e-28 3.337265787480204230e-24 2.348467956538139501e-24 0.000000000000000000e+00 0.000000000000000000e+00 0.000000000000000000e+00 0.000000000000000000e+00 0.000000000000000000e+00 0.000000000000000000e+00 0.000000000000000000e+00 4.196812928477916779e-24
1.333532433705513176e+04 9.791507924687897432e-29 3.860043659674964830e-24 2.653429413312969892e-24 0.000000000000000000e+00 0.000000000000000000e+00 0.000000000000000000e+00 0.000000000000000000e+00 0.000000000000000000e+00 0.000000000000000000e+00 0.000000000000000000e+00 4.893150487447903071e-24
1.412549268674408813e+04 6.436272476561340866e-29 4.599697420404011547e-24 3.116893772884107189e-24 0.000000000000000000e+00 0.000000000000000000e+00 0.000000000000000000e+00 0.000000000000000000e+00 0.000000000000000000e+00 0.000000000000000000e+00 0.000000000000000000e+00 5.902934033230772092e-24
1.496248149651856693e+04 4.471911362195882386e-29 5.669418271981381186e-24 3.845598820768320774e-24 0.000000000000000000e+00 0.000000000000000000e+00 0.000000000000000000e+00 0.000000000000000000e+00 0.000000000000000000e+00 0.000000000000000000e+00 0.000000000000000000e+00 7.382571334310842893e-24
1.584906505553281204e+04 3.261677791326980359e-29 7.294384910523156138e-24 4.984697625802490828e-24 0.000000000000000000e+00 0.000000000000000000e+00 0.000000000000000000e+00 0.000000000000000000e+00 0.000000000000000000e+00 0.000000000000000000e+00 0.000000000000000000e+00 9.624405898640341004e-24
1.678818204005520238e+04 2.343789011716856073e-29 9.881359023937444950e-24 6.667638863411943334e-24 0.000000000000000000e+00 0.000000000000000000e+00 0.000000000000000000e+00 0.000000000000000000e+00 0.000000000000000000e+00 0.000000000000000000e+00 0.000000000000000000e+00 1.318070499523323314e-23
1.778294525402571890e+04 1.605053845425700347e-29 1.408615357141398674e-23 9.498490093053648359e-24 0.000000000000000000e+00 0.000000000000000000e+00 0.000000000000000000e+00 0.000000000000000000e+00 0.000000000000000000e+00 0.000000000000000000e+00 0.000000000000000000e+00 1.904421220622875437e-23
1.883665194677839099e+04 1.061062987700145533e-29 2.135824914224605119e-23 1.443143371545830150e-23 0.000000000000000000e+00 0.000000000000000000e+00 0.000000000000000000e+00 0.000000000000000000e+00 0.000000000000000000e+00 0.000000000000000000e+00 0.000000000000000000e+00 2.922672022860710678e-23
1.995279474212779678e+04 6.728251476566331268e-30 3.474526166454761311e-23 2.327987052364729300e-23 0.000000000000000000e+00 0.000000000000000000e+00 0.000000000000000000e+00 0.000000000000000000e+00 0.000000000000000000e+00 0.000000000000000000e+00 0.000000000000000000e+00 4.806833845441592540e-23
2.113507321504503489e+04 4.192050242373360033e-30 6.090194955150923148e-23 4.091679515922147884e-23 0.000000000000000000e+00 0.000000000000000000e+00 0.000000000000000000e+00 0.000000000000000000e+00 0.000000000000000000e+00 0.000000000000000000e+00 0.000000000000000000e+00 8.531089715191199023e-23
2.238740615429586614e+04 2.673719711092215345e-30 1.165485921524325555e-22 7.840276874097123982e-23 0.000000000000000000e+00 0.000000000000000000e+00 0.000000000000000000e+00 0.000000000000000000e+00 0.000000000000000000e+00 0.000000000000000000e+00 0.000000000000000000e+00 1.650852182751299923e-22
2.371394455168611967e+04 1.772686744132540715e-30 2.458999886699758349e-22 1.655068470542469032e-22 0.000000000000000000e+00 0.000000000000000000e+00 0.000000000000000000e+00 0.000000000000000000e+00 0.000000000000000000e+00 0.000000000000000000e+00 0.000000000000000000e+00 3.522275872716199551e-22
2.511908536096914395e+04 1.292620309519631488e-30 5.790631705263789235e-22 3.908483761174973641e-22 0.000000000000000000e+00 0.000000000000000000e+00 0.000000000000000000e+00 0.000000000000000000e+00 0.000000000000000000e+00 0.000000000000000000e+00 0.000000000000000000e+00 8.383609598822594580e-22
2.660748607202053245e+04 5.515825364950020764e-31 1.542992410002280885e-21 1.044269938263364819e-21 0.000000000000000000e+00 0.000000000000000000e+00 0.000000000000000000e+00 0.000000000000000000e+00 0.000000000000000000e+00 0.000000000000000000e+00 0.000000000000000000e+00 2.257218995229408693e-21
2.818408014858749084e+04 2.221417540363887566e-32 4.721973532837704808e-21 3.212895566603880677e-21 0.000000000000000000e+00 0.000000000000000000e+00 0.000000000000000000e+00 0.000000000000000000e+00 0.000000000000000000e+00 0.000000000000000000e+00 0.000000000000000000e+00 6.977728973522204347e-21
2.985409338078373548e+04 9.281921219611767024e-36 1.689063127495196895e-20 1.156074942182862187e-20 0.000000000000000000e+00 0.000000000000000000e+00 0.000000000000000000e+00 0.000000000000000000e+00 0.000000000000000000e+00 0.000000000000000000e+00 0.000000000000000000e+00 2.520130939696209170e-20
3.162306120653091421e+04 -2.411478772042933253e-39 7.197403259055103439e-20 4.964464177092875979e-20 0.000000000000000000e+00 0.000000000000000000e+00 0.000000000000000000e+00 0.000000000000000000e+00 0.000000000000000000e+00 0.000000000000000000e+00 0.000000000000000000e+00 1.083830279359904642e-19
3.349684705936120736e+04 1.589782403717160005e-39 3.732759712970482277e-19 2.599440401455809339e-19 0.000000000000000000e+00 0.000000000000000000e+00 0.000000000000000000e+00 0.000000000000000000e+00 0.000000000000000000e+00 0.000000000000000000e+00 0.000000000000000000e+00 5.670995945164966276e-19
3.548166180339650600e+04 -6.838480401859539514e-39 2.413644936149490858e-18 1.700381895629195318e-18 0.000000000000000000e+00 0.000000000000000000e+00 0.000000000000000000e+00 0.000000000000000000e+00 0.000000000000000000e+00 0.000000000000000000e+00 0.000000000000000000e+00 3.697986884024345290e-18
3.758408431992323312e+04 6.976311748470352732e-39 1.998878087126128791e-17 1.427712057158859646e-17 0.000000000000000000e+00 0.000000000000000000e+00 0.000000000000000000e+00 0.000000000000000000e+00 0.000000000000000000e+00 0.000000000000000000e+00 0.000000000000000000e+00 3.087354858894327209e-17
3.981108331380016170e+04 -2.846431113792754929e-38 2.185083490276986875e-16 1.586295736702065753e-16 0.000000000000000000e+00 0.000000000000000000e+00 0.000000000000000000e+00 0.000000000000000000e+00 0.000000000000000000e+00 0.000000000000000000e+00 0.000000000000000000e+00 3.401152971848138807e-16
4.217004041197763581e+04 -3.432614837418358358e-37 3.261203289399101002e-15 2.412907902991807816e-15 0.000000000000000000e+00 0.000000000000000000e+00 0.000000000000000000e+00 0.000000000000000000e+00 0.000000000000000000e+00 0.000000000000000000e+00 0.000000000000000000e+00 5.114086241593989825e-15
4.466877463069161604e+04 -1.579960587876695186e-36 6.901306726089468893e-14 5.219945467087152698e-14 0.000000000000000000e+00 0.000000000000000000e+00 0.000000000000000000e+00 0.000000000000000000e+00 0.000000000000000000e+00 0.000000000000000000e+00 0.000000000000000000e+00 1.090056939720914893e-13
4.731556829243147513e+04 -2.632197943854968650e-36 2.160210968637353687e-12 1.676002238761243040e-12 0.000000000000000000e+00 0.000000000000000000e+00 0.000000000000000000e+00 0.000000000000000000e+00 0.000000000000000000e+00 0.000000000000000000e+00 0.000000000000000000e+00 3.436169965465475481e-12
5.011919447858556669e+04 0.000000000000000000e+00 1.165720817416939491e-10 9.990170263103823936e-11 0.000000000000000000e+00 0.000000000000000000e+00 0.000000000000000000e+00 0.000000000000000000e+00 0.000000000000000000e+00 0.000000000000000000e+00 0.000000000000000000e+00 1.845690357836759603e-10
5.308894610876071238e+04 0.000000000000000000e+00 8.631362330453376556e-08 2.137212072457130033e-07 0.000000000000000000e+00 0.000000000000000000e+00 0.000000000000000000e+00 0.000000000000000000e+00 0.000000000000000000e+00 0.000000000000000000e+00 0.000000000000000000e+00 1.358944985803354577e-07
5.623466674316030549e+04 0.000000000000000000e+00 2.425351843712591350e-09 3.448607735904140866e-06 0.000000000000000000e+00 0.000000000000000000e+00 0.000000000000000000e+00 0.000000000000000000e+00 0.000000000000000000e+00 0.000000000000000000e+00 0.000000000000000000e+00 2.828995562543995057e-04
5.956678321012012748e+04 0.000000000000000000e+00 -1.374387888745774654e-08 2.678568629656711089e-06 0.000000000000000000e+00 0.000000000000000000e+00 0.000000000000000000e+00 0.000000000000000000e+00 0.000000000000000000e+00 0.000000000000000000e+00 0.000000000000000000e+00 1.285445319925770068e-02
6.309634016694899037e+04 0.000000000000000000e+00 1.044523964340618436e-07 2.746760353104148135e-05 0.000000000000000000e+00 0.000000000000000000e+00 0.000000000000000000e+00 0.000000000000000000e+00 0.000000000000000000e+00 0.000000000000000000e+00 0.000000000000000000e+00 8.683036303813713719e-01
6.683503670862913714e+04 0.000000000000000000e+00 -2.065085793004739954e-06 3.067904376607985344e-04 0.000000000000000000e+00 0.000000000000000000e+00 0.000000000000000000e+00 0.000000000000000000e+00 0.000000000000000000e+00 0.000000000000000000e+00 0.000000000000000000e+00 9.871072946655841918e+01
7.079526514572169981e+04 0.000000000000000000e+00 -1.021025417277193975e-04 1.307064876975488898e-02 0.000000000000000000e+00 0.000000000000000000e+00 0.000000000000000000e+00 0.000000000000000000e+00 0.000000000000000000e+00 0.000000000000000000e+00 0.000000000000000000e+00 2.352829603619210684e+04
7.499015208000832354e+04 0.000000000000000000e+00 0.000000000000000000e+00 0.000000000000000000e+00 0.000000000000000000e+00 0.000000000000000000e+00 0.000000000000000000e+00 0.000000000000000000e+00 0.000000000000000000e+00 0.000000000000000000e+00 0.000000000000000000e+00 1.495571704323455691e+07
7.943360191402034252e+04 0.000000000000000000e+00 0.000000000000000000e+00 0.000000000000000000e+00 0.000000000000000000e+00 0.000000000000000000e+00 0.000000000000000000e+00 0.000000000000000000e+00 0.000000000000000000e+00 0.000000000000000000e+00 0.000000000000000000e+00 5.298268976013085938e+10
8.414034293867184897e+04 0.000000000000000000e+00 0.000000000000000000e+00 0.000000000000000000e+00 0.000000000000000000e+00 0.000000000000000000e+00 0.000000000000000000e+00 0.000000000000000000e+00 0.000000000000000000e+00 0.000000000000000000e+00 0.000000000000000000e+00 0.000000000000000000e+00
8.912597615175931423e+04 0.000000000000000000e+00 0.000000000000000000e+00 0.000000000000000000e+00 0.000000000000000000e+00 0.000000000000000000e+00 0.000000000000000000e+00 0.000000000000000000e+00 0.000000000000000000e+00 0.000000000000000000e+00 0.000000000000000000e+00 0.000000000000000000e+00
9.440702696914084663e+04 0.000000000000000000e+00 0.000000000000000000e+00 0.000000000000000000e+00 0.000000000000000000e+00 0.000000000000000000e+00 0.000000000000000000e+00 0.000000000000000000e+00 0.000000000000000000e+00 0.000000000000000000e+00 0.000000000000000000e+00 0.000000000000000000e+00
1.000010000000000582e+05 0.000000000000000000e+00 0.000000000000000000e+00 0.000000000000000000e+00 0.000000000000000000e+00 0.000000000000000000e+00 0.000000000000000000e+00 0.000000000000000000e+00 0.000000000000000000e+00 0.000000000000000000e+00 0.000000000000000000e+00 0.000000000000000000e+00
