1.000000000000000000e+00 7.441673603844696306e-06 9.826028798001542119e-07 0.000000000000000000e+00 0.000000000000000000e+00 0.000000000000000000e+00
1.044458330493748033e+00 6.821634808391496190e-06 9.007325553208516832e-07 0.000000000000000000e+00 0.000000000000000000e+00 0.000000000000000000e+00
1.090893204137787231e+00 6.253259319566373071e-06 8.256838263945825440e-07 0.000000000000000000e+00 0.000000000000000000e+00 0.000000000000000000e+00
1.139392494740728790e+00 5.732243212554521542e-06 7.568883811091241017e-07 0.000000000000000000e+00 0.000000000000000000e+00 0.000000000000000000e+00
1.190047982834008033e+00 5.254639898796890445e-06 6.938251379033244819e-07 0.000000000000000000e+00 0.000000000000000000e+00 0.000000000000000000e+00
1.242955529358260591e+00 4.816821293034122128e-06 6.360154456064234389e-07 0.000000000000000000e+00 0.000000000000000000e+00 0.000000000000000000e+00
1.298215257071501538e+00 4.415490929831101882e-06 5.830233355614632170e-07 0.000000000000000000e+00 0.000000000000000000e+00 0.000000000000000000e+00
1.355931740022412457e+00 4.047590215693904407e-06 5.344456495922455598e-07 0.000000000000000000e+00 0.000000000000000000e+00 0.000000000000000000e+00
1.416214201447291599e+00 3.710351280107263130e-06 4.899162483575657777e-07 0.000000000000000000e+00 0.000000000000000000e+00 0.000000000000000000e+00
1.479176720465174677e+00 3.401202799856630497e-06 4.490962448208204524e-07 0.000000000000000000e+00 0.000000000000000000e+00 0.000000000000000000e+00
1.544938447962273864e+00 3.117813490908316256e-06 4.116773767348983864e-07 0.000000000000000000e+00 0.000000000000000000e+00 0.000000000000000000e+00
1.613623832074278619e+00 2.858040633498674033e-06 3.773768173397113013e-07 0.000000000000000000e+00 0.000000000000000000e+00 0.000000000000000000e+00
1.685362853693225027e+00 2.619906663153867589e-06 3.459335973240776112e-07 0.000000000000000000e+00 0.000000000000000000e+00 0.000000000000000000e+00
1.760291272444604704e+00 2.401614007232911720e-06 3.171102251669100997e-07 0.000000000000000000e+00 0.000000000000000000e+00 0.000000000000000000e+00
1.838550883600207131e+00 2.201510068681927703e-06 2.906884243569424020e-07 0.000000000000000000e+00 0.000000000000000000e+00 0.000000000000000000e+00
1.920289786412877620e+00 2.018081576273457257e-06 2.664684432360053422e-07 0.000000000000000000e+00 0.000000000000000000e+00 0.000000000000000000e+00
2.005662664380989835e+00 1.849932973054805924e-06 2.442661057182465197e-07 0.000000000000000000e+00 0.000000000000000000e+00 0.000000000000000000e+00
2.094831077973011269e+00 1.695794948870942380e-06 2.239137138283206332e-07 0.000000000000000000e+00 0.000000000000000000e+00 0.000000000000000000e+00
2.187963770366109895e+00 1.554500240882289979e-06 2.052571110087508316e-07 0.000000000000000000e+00 0.000000000000000000e+00 0.000000000000000000e+00
2.285236986777393398e+00 1.424980061124528139e-06 1.881552072002475251e-07 0.000000000000000000e+00 0.000000000000000000e+00 0.000000000000000000e+00
2.386834807992079366e+00 1.306249839843942904e-06 1.724780540263009041e-07 0.000000000000000000e+00 0.000000000000000000e+00 0.000000000000000000e+00
2.492949498719772894e+00 1.197411044267831396e-06 1.581069947603092993e-07 0.000000000000000000e+00 0.000000000000000000e+00 0.000000000000000000e+00
2.603781871438080042e+00 1.097641866080870173e-06 1.449334579902570683e-07 0.000000000000000000e+00 0.000000000000000000e+00 0.000000000000000000e+00
2.719541666412103709e+00 1.006184426729700503e-06 1.328574160714692090e-07 0.000000000000000000e+00 0.000000000000000000e+00 0.000000000000000000e+00
2.840447948608971096e+00 9.223472085021567932e-07 1.217875494515361749e-07 0.000000000000000000e+00 0.000000000000000000e+00 0.000000000000000000e+00
2.966729522258517271e+00 8.454960107745983153e-07 1.116401240151106829e-07 0.000000000000000000e+00 0.000000000000000000e+00 0.000000000000000000e+00
3.098625363844645264e+00 7.750484396317530093e-07 1.023382073717703138e-07 0.000000000000000000e+00 0.000000000000000000e+00 0.000000000000000000e+00
3.236385074346761037e+00 7.104699411386780668e-07 9.381127297893504805e-08 0.000000000000000000e+00 0.000000000000000000e+00 0.000000000000000000e+00
3.380269351587102289e+00 6.512730312117205616e-07 8.599491313090328954e-08 0.000000000000000000e+00 0.000000000000000000e+00 0.000000000000000000e+00
3.530550483577849175e+00 5.970070298311008328e-07 7.882963053529254903e-08 0.000000000000000000e+00 0.000000000000000000e+00 0.000000000000000000e+00
3.687512863801615026e+00 5.472632808134268405e-07 7.226147820652358760e-08 0.000000000000000000e+00 0.000000000000000000e+00 0.000000000000000000e+00
3.851453529400454379e+00 5.016634111188162155e-07 6.624046624264746297e-08 0.000000000000000000e+00 0.000000000000000000e+00 0.000000000000000000e+00
4.022682723291851836e+00 4.598640133301363208e-07 6.072128958514967732e-08 0.000000000000000000e+00 0.000000000000000000e+00 0.000000000000000000e+00
4.201524481275451528e+00 4.215463120093494191e-07 5.566182118129554878e-08 0.000000000000000000e+00 0.000000000000000000e+00 0.000000000000000000e+00
4.388317245241568187e+00 3.864219953460219315e-07 5.102402121235925060e-08 0.000000000000000000e+00 0.000000000000000000e+00 0.000000000000000000e+00
4.583414503641932036e+00 3.542234910984010509e-07 4.677254582684465337e-08 0.000000000000000000e+00 0.000000000000000000e+00 0.000000000000000000e+00
4.787185460434682405e+00 3.247079131811676423e-07 4.287531238552022863e-08 0.000000000000000000e+00 0.000000000000000000e+00 0.000000000000000000e+00
5.000015733769552995e+00 2.976513791971968352e-07 3.930277805070341207e-08 0.000000000000000000e+00 0.000000000000000000e+00 0.000000000000000000e+00
5.222308085735419603e+00 2.728497186525008137e-07 3.602798042376510128e-08 0.000000000000000000e+00 0.000000000000000000e+00 0.000000000000000000e+00
5.454483184551217612e+00 2.501143532978808632e-07 3.302601479039750394e-08 0.000000000000000000e+00 0.000000000000000000e+00 0.000000000000000000e+00
5.696980400642586595e+00 2.292732217150890091e-07 3.027416321267112589e-08 0.000000000000000000e+00 0.000000000000000000e+00 0.000000000000000000e+00
5.950258638110759613e+00 2.101683722738363344e-07 2.775156770193749402e-08 0.000000000000000000e+00 0.000000000000000000e+00 0.000000000000000000e+00
6.214797203167166550e+00 1.926558092836978800e-07 2.543923144022955653e-08 0.000000000000000000e+00 0.000000000000000000e+00 0.000000000000000000e+00
6.491096711177193335e+00 1.766018229090116962e-07 2.331946451324220148e-08 0.000000000000000000e+00 0.000000000000000000e+00 0.000000000000000000e+00
6.779680034029589741e+00 1.618857176335269145e-07 2.137637609582342753e-08 0.000000000000000000e+00 0.000000000000000000e+00 0.000000000000000000e+00
7.081093289624342368e+00 1.483955621150324478e-07 1.959513927565793160e-08 0.000000000000000000e+00 0.000000000000000000e+00 0.000000000000000000e+00
7.395906875351522913e+00 1.360293800209604212e-07 1.796232224627293257e-08 0.000000000000000000e+00 0.000000000000000000e+00 0.000000000000000000e+00
7.724716547516883303e+00 1.246937784981344714e-07 1.646558577402337587e-08 0.000000000000000000e+00 0.000000000000000000e+00 0.000000000000000000e+00
8.068144548756912116e+00 1.143025385787743367e-07 1.509355121691740382e-08 0.000000000000000000e+00 0.000000000000000000e+00 0.000000000000000000e+00
8.426840785576876769e+00 1.047770103027674625e-07 1.383579946891263805e-08 0.000000000000000000e+00 0.000000000000000000e+00 0.000000000000000000e+00
8.801484058240248487e+00 9.604524636634201746e-08 1.268287698310898577e-08 0.000000000000000000e+00 0.000000000000000000e+00 0.000000000000000000e+00
9.192783345336948742e+00 8.804105628916511562e-08 1.162602345493906504e-08 0.000000000000000000e+00 0.000000000000000000e+00 0.000000000000000000e+00
9.601479145461361497e+00 8.070363865412708600e-08 1.065720711981218724e-08 0.000000000000000000e+00 0.000000000000000000e+00 0.000000000000000000e+00
1.002834487853911227e+01 7.397750852191028686e-08 9.769101746736830224e-09 0.000000000000000000e+00 0.000000000000000000e+00 0.000000000000000000e+00
1.047418834945448829e+01 6.781176526085391405e-08 8.954991285738361004e-09 0.000000000000000000e+00 0.000000000000000000e+00 0.000000000000000000e+00
1.093985327674830188e+01 6.215973282447441113e-08 8.208693268625126147e-09 0.000000000000000000e+00 0.000000000000000000e+00 0.000000000000000000e+00
1.142622088927908841e+01 5.697888227955242356e-08 7.524652668796320033e-09 0.000000000000000000e+00 0.000000000000000000e+00 0.000000000000000000e+00
1.193421159386922703e+01 5.222953338359219624e-08 6.897563991574573970e-09 0.000000000000000000e+00 0.000000000000000000e+00 0.000000000000000000e+00
1.246478671709178343e+01 4.787579838416870932e-08 6.322691204566724142e-09 0.000000000000000000e+00 0.000000000000000000e+00 0.000000000000000000e+00
1.301895032449433032e+01 4.388499358415259275e-08 5.795783993767823621e-09 0.000000000000000000e+00 0.000000000000000000e+00 0.000000000000000000e+00
1.359775112070238734e+01 4.022651353201465804e-08 5.312718090735379905e-09 0.000000000000000000e+00 0.000000000000000000e+00 0.000000000000000000e+00
1.420228443399830631e+01 3.687304702123603627e-08 4.869962991240128908e-09 0.000000000000000000e+00 0.000000000000000000e+00 0.000000000000000000e+00
1.483369428913121624e+01 3.379880910040200395e-08 4.464034593740046594e-09 0.000000000000000000e+00 0.000000000000000000e+00 0.000000000000000000e+00
1.549317557228063258e+01 3.098084237569159106e-08 4.091976819853905084e-09 0.000000000000000000e+00 0.000000000000000000e+00 0.000000000000000000e+00
1.618197629227075041e+01 2.839758835989476845e-08 3.750893994688402895e-09 0.000000000000000000e+00 0.000000000000000000e+00 0.000000000000000000e+00
1.690139994231451581e+01 2.602963907913247770e-08 3.438257199931183962e-09 0.000000000000000000e+00 0.000000000000000000e+00 0.000000000000000000e+00
1.765280796675694930e+01 2.385896436941623828e-08 3.151660586185689657e-09 0.000000000000000000e+00 0.000000000000000000e+00 0.000000000000000000e+00
1.843762233748569912e+01 2.186911513436255249e-08 2.888922918365381682e-09 0.000000000000000000e+00 0.000000000000000000e+00 0.000000000000000000e+00
1.925732824488454753e+01 2.004508232432646522e-08 2.648086090792526147e-09 0.000000000000000000e+00 0.000000000000000000e+00 0.000000000000000000e+00
2.011347690842221425e+01 1.837308286604187684e-08 2.427359371550973230e-09 0.000000000000000000e+00 0.000000000000000000e+00 0.000000000000000000e+00
2.100768851219521594e+01 1.684034533825869132e-08 2.224977771077681607e-09 0.000000000000000000e+00 0.000000000000000000e+00 0.000000000000000000e+00
2.194165527098010315e+01 1.543536571375197828e-08 2.039480523772807080e-09 0.000000000000000000e+00 0.000000000000000000e+00 0.000000000000000000e+00
2.291714463259722478e+01 1.414743470480992009e-08 1.869443180958175218e-09 0.000000000000000000e+00 0.000000000000000000e+00 0.000000000000000000e+00
2.393600262264625655e+01 1.296684147425917696e-08 1.713566108908250579e-09 0.000000000000000000e+00 0.000000000000000000e+00 0.000000000000000000e+00
2.500015733794308304e+01 1.188462753401168545e-08 1.570679341506070856e-09 0.000000000000000000e+00 0.000000000000000000e+00 0.000000000000000000e+00
2.611162259526905771e+01 1.089260603137079376e-08 1.439719531675995351e-09 0.000000000000000000e+00 0.000000000000000000e+00 0.000000000000000000e+00
2.727250174233754620e+01 9.983268419086198680e-09 1.319659093983107553e-09 0.000000000000000000e+00 0.000000000000000000e+00 0.000000000000000000e+00
2.848499163818970814e+01 9.149717689498335189e-09 1.209621119115994180e-09 0.000000000000000000e+00 0.000000000000000000e+00 0.000000000000000000e+00
2.975138681055199186e+01 8.385645290321541024e-09 1.108738596287723640e-09 0.000000000000000000e+00 0.000000000000000000e+00 0.000000000000000000e+00
3.107408379802284770e+01 7.685274161501462882e-09 1.016272256803210786e-09 0.000000000000000000e+00 0.000000000000000000e+00 0.000000000000000000e+00
3.245558568530577048e+01 7.043296923293459931e-09 9.315055490085020785e-10 0.000000000000000000e+00 0.000000000000000000e+00 0.000000000000000000e+00
3.389850684007124926e+01 6.454861208289104282e-09 8.538270216170795732e-10 0.000000000000000000e+00 0.000000000000000000e+00 0.000000000000000000e+00
3.540557786041171795e+01 5.915495134303035435e-09 7.826139859636824927e-10 0.000000000000000000e+00 0.000000000000000000e+00 0.000000000000000000e+00
3.697965074225202642e+01 5.421122530030699041e-09 7.173337809562888533e-10 0.000000000000000000e+00 0.000000000000000000e+00 0.000000000000000000e+00
3.862370427649444338e+01 4.967996507086791242e-09 6.575001896674778116e-10 0.000000000000000000e+00 0.000000000000000000e+00 0.000000000000000000e+00
4.034084968611161770e+01 4.552707086810874374e-09 6.026651726412879286e-10 0.000000000000000000e+00 0.000000000000000000e+00 0.000000000000000000e+00
4.213433651385538070e+01 4.172069158276142811e-09 5.523890931552895162e-10 0.000000000000000000e+00 0.000000000000000000e+00 0.000000000000000000e+00
4.400755877172315422e+01 3.823250628645287144e-09 5.063229632641547008e-10 0.000000000000000000e+00 0.000000000000000000e+00 0.000000000000000000e+00
4.596406136381946084e+01 3.503569873243641296e-09 4.640904799518055779e-10 0.000000000000000000e+00 0.000000000000000000e+00 0.000000000000000000e+00
4.800754679476705888e+01 3.210634062996756657e-09 4.253894985740637313e-10 0.000000000000000000e+00 0.000000000000000000e+00 0.000000000000000000e+00
5.014188217636289124e+01 2.942147537670070464e-09 3.899027614708925226e-10 0.000000000000000000e+00 0.000000000000000000e+00 0.000000000000000000e+00
5.237110654573820057e+01 2.696188105241502936e-09 3.573899545772528556e-10 0.000000000000000000e+00 0.000000000000000000e+00 0.000000000000000000e+00
5.469943850887192127e+01 2.470864637996647011e-09 3.275935979049788412e-10 0.000000000000000000e+00 0.000000000000000000e+00 0.000000000000000000e+00
5.713128422392179573e+01 2.264403014605213212e-09 3.002783918303092465e-10 0.000000000000000000e+00 0.000000000000000000e+00 0.000000000000000000e+00
5.967124573948116506e+01 2.075272188517992242e-09 2.752440517309586372e-10 0.000000000000000000e+00 0.000000000000000000e+00 0.000000000000000000e+00
6.232412970354067028e+01 1.902055587806577522e-09 2.523018400469459374e-10 0.000000000000000000e+00 0.000000000000000000e+00 0.000000000000000000e+00
6.509495645963586696e+01 1.743406444743277119e-09 2.312724617462061822e-10 0.000000000000000000e+00 0.000000000000000000e+00 0.000000000000000000e+00
6.798896954739448972e+01 1.598103743745579285e-09 2.119965509795035994e-10 0.000000000000000000e+00 0.000000000000000000e+00 0.000000000000000000e+00
7.101164562546192371e+01 1.465080476326490423e-09 1.943312697553749684e-10 0.000000000000000000e+00 0.000000000000000000e+00 0.000000000000000000e+00
7.416870483558362537e+01 1.343254619249901653e-09 1.781399373319883708e-10 0.000000000000000000e+00 0.000000000000000000e+00 0.000000000000000000e+00
7.746612162745724106e+01 1.231752918605856345e-09 1.633017281143642951e-10 0.000000000000000000e+00 0.000000000000000000e+00 0.000000000000000000e+00
8.091013606483961951e+01 1.129703407422300100e-09 1.497020238164413998e-10 0.000000000000000000e+00 0.000000000000000000e+00 0.000000000000000000e+00
8.450726563430438887e+01 1.036232463265258707e-09 1.372341270092277023e-10 0.000000000000000000e+00 0.000000000000000000e+00 0.000000000000000000e+00
8.826431757899723607e+01 9.506946825903435038e-10 1.258064527765697705e-10 0.000000000000000000e+00 0.000000000000000000e+00 0.000000000000000000e+00
9.218840178072943559e+01 8.723444032053660932e-10 1.153297035941298749e-10 0.000000000000000000e+00 0.000000000000000000e+00 0.000000000000000000e+00
9.628694421478752474e+01 8.006515127218730916e-10 1.057291301880052106e-10 0.000000000000000000e+00 0.000000000000000000e+00 0.000000000000000000e+00
1.005677010029216234e+02 7.350144389323444973e-10 9.692884283269030624e-11 0.000000000000000000e+00 0.000000000000000000e+00 0.000000000000000000e+00
1.050387730911060089e+02 6.748422540965721879e-10 8.885930691171713089e-11 0.000000000000000000e+00 0.000000000000000000e+00 0.000000000000000000e+00
1.097086215798481419e+02 6.196898389282377637e-10 8.146025082606009097e-11 0.000000000000000000e+00 0.000000000000000000e+00 0.000000000000000000e+00
1.145860837360586260e+02 5.691676109898365948e-10 7.467842487176032488e-11 0.000000000000000000e+00 0.000000000000000000e+00 0.000000000000000000e+00
1.196803897167805388e+02 5.227540953026820555e-10 6.845745912096746351e-11 0.000000000000000000e+00 0.000000000000000000e+00 0.000000000000000000e+00
1.250011800364298011e+02 4.801866408023326213e-10 6.275508605842655057e-11 0.000000000000000000e+00 0.000000000000000000e+00 0.000000000000000000e+00
1.305585238105978192e+02 4.410688107284377168e-10 5.752586738462235016e-11 0.000000000000000000e+00 0.000000000000000000e+00 0.000000000000000000e+00
1.363629378109453114e+02 4.051429865938531382e-10 5.273232183391289721e-11 0.000000000000000000e+00 0.000000000000000000e+00 0.000000000000000000e+00
1.424254063672426582e+02 3.721630450348098838e-10 4.833954691411472379e-11 0.000000000000000000e+00 0.000000000000000000e+00 0.000000000000000000e+00
1.487574021542239677e+02 3.418488350390763163e-10 4.431328955336106165e-11 0.000000000000000000e+00 0.000000000000000000e+00 0.000000000000000000e+00
1.553709079025877600e+02 3.139753932860603630e-10 4.062339141698727574e-11 0.000000000000000000e+00 0.000000000000000000e+00 0.000000000000000000e+00
1.622784390752347861e+02 2.883728479867276264e-10 3.724340518139836237e-11 0.000000000000000000e+00 0.000000000000000000e+00 0.000000000000000000e+00
1.694930675516510235e+02 2.648662752503320345e-10 3.414825149263208426e-11 0.000000000000000000e+00 0.000000000000000000e+00 0.000000000000000000e+00
1.770284463652615727e+02 2.433264258600093164e-10 3.131594515640950762e-11 0.000000000000000000e+00 0.000000000000000000e+00 0.000000000000000000e+00
1.848988355405630273e+02 2.236194992338060905e-10 2.872541087301250327e-11 0.000000000000000000e+00 0.000000000000000000e+00 0.000000000000000000e+00
1.931191290789346340e+02 2.056554073729425043e-10 2.635881445319765628e-11 0.000000000000000000e+00 0.000000000000000000e+00 0.000000000000000000e+00
2.017048831441905747e+02 1.893248344826139634e-10 2.419867704356156695e-11 0.000000000000000000e+00 0.000000000000000000e+00 0.000000000000000000e+00
2.106723455012179329e+02 1.745346427085914455e-10 2.222893321452431423e-11 0.000000000000000000e+00 0.000000000000000000e+00 0.000000000000000000e+00
2.200384862634040246e+02 1.611977814451677726e-10 2.043580095669017577e-11 0.000000000000000000e+00 0.000000000000000000e+00 0.000000000000000000e+00
2.298210300070466019e+02 1.492145107321579037e-10 1.880498327560904483e-11 0.000000000000000000e+00 0.000000000000000000e+00 0.000000000000000000e+00
2.400384893135133382e+02 1.384852201684316390e-10 1.732405464873869592e-11 0.000000000000000000e+00 0.000000000000000000e+00 0.000000000000000000e+00
2.507101998026336389e+02 1.289058524862255856e-10 1.598126250234940411e-11 0.000000000000000000e+00 0.000000000000000000e+00 0.000000000000000000e+00
2.618563567236125778e+02 1.203512991378554234e-10 1.476500324526193576e-11 0.000000000000000000e+00 0.000000000000000000e+00 0.000000000000000000e+00
2.734980531727196080e+02 1.126952758182887331e-10 1.366471747555140122e-11 0.000000000000000000e+00 0.000000000000000000e+00 0.000000000000000000e+00
2.856573200100691565e+02 1.058125672750454083e-10 1.267071703553851633e-11 0.000000000000000000e+00 0.000000000000000000e+00 0.000000000000000000e+00
2.983571675510349905e+02 9.952463443626793661e-11 1.177229962744276494e-11 0.000000000000000000e+00 0.000000000000000000e+00 0.000000000000000000e+00
3.116216291111976489e+02 9.364748855964763409e-11 1.095925280207859197e-11 0.000000000000000000e+00 0.000000000000000000e+00 0.000000000000000000e+00
3.254758064872232239e+02 8.800566777062353530e-11 1.022163016050555125e-11 0.000000000000000000e+00 0.000000000000000000e+00 0.000000000000000000e+00
3.399459174597515698e+02 8.246269719037122832e-11 9.549657145577208541e-12 0.000000000000000000e+00 0.000000000000000000e+00 0.000000000000000000e+00
3.550593454081774212e+02 7.696446058022179625e-11 8.933849220199476603e-12 0.000000000000000000e+00 0.000000000000000000e+00 0.000000000000000000e+00
3.708446911312281600e+02 7.157441876333866660e-11 8.365244144022857901e-12 0.000000000000000000e+00 0.000000000000000000e+00 0.000000000000000000e+00
3.873318269713919904e+02 6.646055856434157675e-11 7.835776882844938695e-12 0.000000000000000000e+00 0.000000000000000000e+00 0.000000000000000000e+00
4.045519533456335921e+02 6.181465127627807329e-11 7.338793708358692997e-12 0.000000000000000000e+00 0.000000000000000000e+00 0.000000000000000000e+00
4.225376577893648573e+02 5.773555938162645872e-11 6.869578601987348573e-12 0.000000000000000000e+00 0.000000000000000000e+00 0.000000000000000000e+00
4.413229766254188462e+02 5.415602283463615423e-11 6.425751191571273961e-12 0.000000000000000000e+00 0.000000000000000000e+00 0.000000000000000000e+00
4.609434593747161557e+02 5.088520342909178225e-11 6.007431998888930359e-12 0.000000000000000000e+00 0.000000000000000000e+00 0.000000000000000000e+00
4.814362360305290167e+02 4.773840392464275175e-11 5.616987852114058218e-12 0.000000000000000000e+00 0.000000000000000000e+00 0.000000000000000000e+00
5.028400873236400912e+02 4.465167487618555066e-11 5.258294059836565796e-12 0.000000000000000000e+00 0.000000000000000000e+00 0.000000000000000000e+00
5.251955181113798972e+02 4.169192616887305852e-11 4.935622631364243851e-12 0.000000000000000000e+00 0.000000000000000000e+00 0.000000000000000000e+00
5.485448340294104810e+02 3.897935581469485754e-11 4.652446440415958269e-12 0.000000000000000000e+00 0.000000000000000000e+00 0.000000000000000000e+00
5.729322215513284391e+02 3.659677474521000638e-11 4.410277107327411442e-12 0.000000000000000000e+00 0.000000000000000000e+00 0.000000000000000000e+00
5.984038316075743751e+02 3.455358695658158921e-11 4.207761410406019586e-12 0.000000000000000000e+00 0.000000000000000000e+00 0.000000000000000000e+00
6.250078669219093399e+02 3.282447339428411747e-11 4.039971692096965746e-12 0.000000000000000000e+00 0.000000000000000000e+00 0.000000000000000000e+00
6.527946732307157163e+02 3.143317783078425745e-11 3.898204710113650560e-12 0.000000000000000000e+00 0.000000000000000000e+00 0.000000000000000000e+00
6.818168345577655600e+02 3.047691299958533306e-11 3.770887612424893914e-12 0.000000000000000000e+00 0.000000000000000000e+00 0.000000000000000000e+00
7.121292727247354151e+02 2.998634669518481915e-11 3.646239149336307450e-12 0.000000000000000000e+00 0.000000000000000000e+00 0.000000000000000000e+00
7.437893512858045142e+02 2.970792653611325335e-11 3.516589970648465784e-12 0.000000000000000000e+00 0.000000000000000000e+00 0.000000000000000000e+00
7.768569840829987925e+02 2.915614027515192493e-11 3.382623747855109083e-12 0.000000000000000000e+00 0.000000000000000000e+00 0.000000000000000000e+00
8.113947486277374992e+02 2.807435739238857931e-11 3.254364783393559002e-12 0.000000000000000000e+00 0.000000000000000000e+00 0.000000000000000000e+00
8.474680045231206122e+02 2.673188960178430904e-11 3.147206410283248274e-12 0.000000000000000000e+00 0.000000000000000000e+00 0.000000000000000000e+00
8.851450171510871314e+02 2.557188742653259617e-11 3.074908666537642555e-12 0.000000000000000000e+00 0.000000000000000000e+00 0.000000000000000000e+00
9.244970868584839536e+02 2.474136175911121603e-11 3.042658645504452207e-12 0.000000000000000000e+00 0.000000000000000000e+00 0.000000000000000000e+00
9.655986838865461550e+02 2.410941714928315030e-11 3.041996813034994349e-12 0.000000000000000000e+00 0.000000000000000000e+00 0.000000000000000000e+00
1.008527589299101805e+03 2.367897046792675950e-11 3.050297372890011838e-12 0.000000000000000000e+00 0.000000000000000000e+00 0.000000000000000000e+00
1.053365042176224733e+03 2.361134046737647296e-11 3.041051240176297393e-12 0.000000000000000000e+00 0.000000000000000000e+00 0.000000000000000000e+00
1.100195893351855602e+03 2.364334083415756851e-11 3.004689352297021008e-12 0.000000000000000000e+00 0.000000000000000000e+00 0.000000000000000000e+00
1.149108765986357412e+03 2.326805119733074338e-11 2.960473062122482076e-12 0.000000000000000000e+00 0.000000000000000000e+00 0.000000000000000000e+00
1.200196223277841000e+03 2.262618849829621845e-11 2.941442320576297219e-12 0.000000000000000000e+00 0.000000000000000000e+00 0.000000000000000000e+00
1.253554943629676245e+03 2.223296250898251385e-11 2.966314815756681219e-12 0.000000000000000000e+00 0.000000000000000000e+00 0.000000000000000000e+00
1.309285903605635212e+03 2.237466852170798472e-11 3.021433744032934868e-12 0.000000000000000000e+00 0.000000000000000000e+00 0.000000000000000000e+00
1.367494569018940865e+03 2.304158435870579538e-11 3.068174354327534243e-12 0.000000000000000000e+00 0.000000000000000000e+00 0.000000000000000000e+00
1.428291094516789599e+03 2.361055809729510206e-11 3.084266333972957252e-12 0.000000000000000000e+00 0.000000000000000000e+00 0.000000000000000000e+00
1.491790532038094852e+03 2.348695464761013229e-11 3.094604400653116322e-12 0.000000000000000000e+00 0.000000000000000000e+00 0.000000000000000000e+00
1.558113048538887824e+03 2.317390493015991758e-11 3.138068927194743175e-12 0.000000000000000000e+00 0.000000000000000000e+00 0.000000000000000000e+00
1.627384153397451882e+03 2.334386868266406265e-11 3.215538544306785061e-12 0.000000000000000000e+00 0.000000000000000000e+00 0.000000000000000000e+00
1.699734935929483299e+03 2.411965487393599543e-11 3.289291206812710313e-12 0.000000000000000000e+00 0.000000000000000000e+00 0.000000000000000000e+00
1.775302313462806751e+03 2.491818344142562947e-11 3.338551448359085080e-12 0.000000000000000000e+00 0.000000000000000000e+00 0.000000000000000000e+00
1.854229290441050580e+03 2.528802930730238966e-11 3.389306248488316607e-12 0.000000000000000000e+00 0.000000000000000000e+00 0.000000000000000000e+00
1.936665229046667719e+03 2.589287960786126807e-11 3.467180531221261006e-12 0.000000000000000000e+00 0.000000000000000000e+00 0.000000000000000000e+00
2.022766131855373487e+03 2.715560526462654134e-11 3.574432262441654525e-12 0.000000000000000000e+00 0.000000000000000000e+00 0.000000000000000000e+00
2.112694937056960953e+03 2.836775023592301116e-11 3.704478365532090966e-12 0.000000000000000000e+00 0.000000000000000000e+00 0.000000000000000000e+00
2.206621826801106636e+03 2.915103364329940217e-11 3.846130660939985297e-12 0.000000000000000000e+00 0.000000000000000000e+00 0.000000000000000000e+00
2.304724549251749067e+03 3.050705486681842778e-11 4.008165880999487988e-12 0.000000000000000000e+00 0.000000000000000000e+00 0.000000000000000000e+00
2.407188754959436665e+03 3.243340635158858254e-11 4.213198591489596555e-12 0.000000000000000000e+00 0.000000000000000000e+00 0.000000000000000000e+00
2.514208348188258242e+03 3.380542318986924619e-11 4.404212497429864312e-12 0.000000000000000000e+00 0.000000000000000000e+00 0.000000000000000000e+00
2.625985853862151089e+03 3.489981553481059437e-11 4.558300675886863289e-12 0.000000000000000000e+00 0.000000000000000000e+00 0.000000000000000000e+00
2.742732800825062895e+03 3.597117750262703917e-11 4.698895148338590906e-12 0.000000000000000000e+00 0.000000000000000000e+00 0.000000000000000000e+00
2.864670122140184958e+03 3.648149118143073327e-11 4.762892317040592530e-12 0.000000000000000000e+00 0.000000000000000000e+00 0.000000000000000000e+00
2.992028573185860296e+03 3.650383827279055848e-11 4.798965475380875788e-12 0.000000000000000000e+00 0.000000000000000000e+00 0.000000000000000000e+00
3.125049168339293374e+03 3.666396025589301175e-11 4.847340938771916166e-12 0.000000000000000000e+00 0.000000000000000000e+00 0.000000000000000000e+00
3.263983637074535636e+03 3.754550545776534281e-11 4.968297358759568269e-12 0.000000000000000000e+00 0.000000000000000000e+00 0.000000000000000000e+00
3.409094900337779109e+03 3.940182258893601311e-11 5.294429733980455888e-12 0.000000000000000000e+00 0.000000000000000000e+00 0.000000000000000000e+00
3.560657568101548804e+03 4.263669426255901597e-11 5.897322682209911486e-12 0.000000000000000000e+00 0.000000000000000000e+00 0.000000000000000000e+00
3.718958459039270565e+03 5.046338475666388022e-11 7.113478919509504152e-12 0.000000000000000000e+00 0.000000000000000000e+00 0.000000000000000000e+00
3.884297143303760095e+03 6.014678400711495385e-11 9.111357683510530868e-12 0.000000000000000000e+00 0.000000000000000000e+00 0.000000000000000000e+00
4.056986509436678261e+03 7.687167138166744544e-11 1.295919876546390491e-11 0.000000000000000000e+00 0.000000000000000000e+00 0.000000000000000000e+00
4.237353356481889023e+03 1.015913846714480221e-10 1.970811499896819859e-11 0.000000000000000000e+00 0.000000000000000000e+00 0.000000000000000000e+00
4.425739012423155145e+03 1.509656771297518115e-10 3.391528739838117956e-11 0.000000000000000000e+00 0.000000000000000000e+00 0.000000000000000000e+00
4.622499980116535880e+03 2.228005690834304781e-10 6.813860758950751849e-11 0.000000000000000000e+00 0.000000000000000000e+00 0.000000000000000000e+00
4.828008611939902949e+03 3.746226890963258956e-10 1.477667010796580094e-10 0.000000000000000000e+00 0.000000000000000000e+00 0.000000000000000000e+00
5.042653814436185712e+03 7.657233929558744191e-10 4.025810300335924323e-10 0.000000000000000000e+00 0.000000000000000000e+00 0.000000000000000000e+00
5.266841784283951711e+03 1.568179205212740650e-09 1.276070377122793022e-09 0.000000000000000000e+00 0.000000000000000000e+00 0.000000000000000000e+00
5.500996776987925841e+03 5.157966863042039210e-09 5.003292956828656481e-09 0.000000000000000000e+00 0.000000000000000000e+00 0.000000000000000000e+00
5.745561909744300465e+03 6.540634929774923891e-08 3.837727826738276745e-08 0.000000000000000000e+00 0.000000000000000000e+00 0.000000000000000000e+00
6.001000000000000000e+03 0.000000000000000000e+00 0.000000000000000000e+00 0.000000000000000000e+00 0.000000000000000000e+00 0.000000000000000000e+00
