1.000000000000000000e+00 2.153452085098160897e-06 2.572505165253130749e-07 0.000000000000000000e+00 0.000000000000000000e+00 0.000000000000000000e+00
1.044458330493748033e+00 1.974026970415523734e-06 2.358164519415027373e-07 0.000000000000000000e+00 0.000000000000000000e+00 0.000000000000000000e+00
1.090893204137787231e+00 1.809552041350471310e-06 2.161683138890036723e-07 0.000000000000000000e+00 0.000000000000000000e+00 0.000000000000000000e+00
1.139392494740728790e+00 1.658781840263858054e-06 1.981573149276010996e-07 0.000000000000000000e+00 0.000000000000000000e+00 0.000000000000000000e+00
1.190047982834008033e+00 1.520574313996350024e-06 1.816470340419026698e-07 0.000000000000000000e+00 0.000000000000000000e+00 0.000000000000000000e+00
1.242955529358260591e+00 1.393879572259277547e-06 1.665121698804425009e-07 0.000000000000000000e+00 0.000000000000000000e+00 0.000000000000000000e+00
1.298215257071501538e+00 1.277743701693353520e-06 1.526385628772125662e-07 0.000000000000000000e+00 0.000000000000000000e+00 0.000000000000000000e+00
1.355931740022412457e+00 1.171281606229152157e-06 1.399206847645688813e-07 0.000000000000000000e+00 0.000000000000000000e+00 0.000000000000000000e+00
1.416214201447291599e+00 1.073692335647537234e-06 1.282626587203436507e-07 0.000000000000000000e+00 0.000000000000000000e+00 0.000000000000000000e+00
1.479176720465174677e+00 9.842317993364364910e-07 1.175757810540028831e-07 0.000000000000000000e+00 0.000000000000000000e+00 0.000000000000000000e+00
1.544938447962273864e+00 9.022255383054415765e-07 1.077793474922930772e-07 0.000000000000000000e+00 0.000000000000000000e+00 0.000000000000000000e+00
1.613623832074278619e+00 8.270530296472585990e-07 9.879927540955757095e-08 0.000000000000000000e+00 0.000000000000000000e+00 0.000000000000000000e+00
1.685362853693225027e+00 7.581424763834922806e-07 9.056728625375445935e-08 0.000000000000000000e+00 0.000000000000000000e+00 0.000000000000000000e+00
1.760291272444604704e+00 6.949735480999715812e-07 8.302118597715211919e-08 0.000000000000000000e+00 0.000000000000000000e+00 0.000000000000000000e+00
1.838550883600207131e+00 6.370681193244491733e-07 7.610383532470186287e-08 0.000000000000000000e+00 0.000000000000000000e+00 0.000000000000000000e+00
1.920289786412877620e+00 5.839879902837044657e-07 6.976291471994949038e-08 0.000000000000000000e+00 0.000000000000000000e+00 0.000000000000000000e+00
2.005662664380989835e+00 5.353296098055171371e-07 6.395023398203915807e-08 0.000000000000000000e+00 0.000000000000000000e+00 0.000000000000000000e+00
2.094831077973011269e+00 4.907255718496784713e-07 5.862187732293625199e-08 0.000000000000000000e+00 0.000000000000000000e+00 0.000000000000000000e+00
2.187963770366109895e+00 4.498381525568309130e-07 5.373748998424518459e-08 0.000000000000000000e+00 0.000000000000000000e+00 0.000000000000000000e+00
2.285236986777393398e+00 4.123579046823083207e-07 4.926012065036531468e-08 0.000000000000000000e+00 0.000000000000000000e+00 0.000000000000000000e+00
2.386834807992079366e+00 3.780000790623842863e-07 4.515576394294821664e-08 0.000000000000000000e+00 0.000000000000000000e+00 0.000000000000000000e+00
2.492949498719772894e+00 3.465046079118340600e-07 4.139335090972868278e-08 0.000000000000000000e+00 0.000000000000000000e+00 0.000000000000000000e+00
2.603781871438080042e+00 3.176336769965433282e-07 3.794445334877629903e-08 0.000000000000000000e+00 0.000000000000000000e+00 0.000000000000000000e+00
2.719541666412103709e+00 2.911679996446041167e-07 3.478288873246979417e-08 0.000000000000000000e+00 0.000000000000000000e+00 0.000000000000000000e+00
2.840447948608971096e+00 2.669074377654941339e-07 3.188474558577007373e-08 0.000000000000000000e+00 0.000000000000000000e+00 0.000000000000000000e+00
2.966729522258517271e+00 2.446684239365744182e-07 2.922809731474591550e-08 0.000000000000000000e+00 0.000000000000000000e+00 0.000000000000000000e+00
3.098625363844645264e+00 2.242824981464563933e-07 2.679280874038978406e-08 0.000000000000000000e+00 0.000000000000000000e+00 0.000000000000000000e+00
3.236385074346761037e+00 2.055949476114004006e-07 2.456041496203697542e-08 0.000000000000000000e+00 0.000000000000000000e+00 0.000000000000000000e+00
3.380269351587102289e+00 1.884646895025354070e-07 2.251405033703344855e-08 0.000000000000000000e+00 0.000000000000000000e+00 0.000000000000000000e+00
3.530550483577849175e+00 1.727613668586913484e-07 2.063814674873159351e-08 0.000000000000000000e+00 0.000000000000000000e+00 0.000000000000000000e+00
3.687512863801615026e+00 1.583666450143177293e-07 1.891857036117837989e-08 0.000000000000000000e+00 0.000000000000000000e+00 0.000000000000000000e+00
3.851453529400454379e+00 1.451711097241979184e-07 1.734224289460861582e-08 0.000000000000000000e+00 0.000000000000000000e+00 0.000000000000000000e+00
4.022682723291851836e+00 1.330752785852003938e-07 1.589729114488824815e-08 0.000000000000000000e+00 0.000000000000000000e+00 0.000000000000000000e+00
4.201524481275451528e+00 1.219870280879097790e-07 1.457269957731147248e-08 0.000000000000000000e+00 0.000000000000000000e+00 0.000000000000000000e+00
4.388317245241568187e+00 1.118228338700609652e-07 1.335849849977025356e-08 0.000000000000000000e+00 0.000000000000000000e+00 0.000000000000000000e+00
4.583414503641932036e+00 1.025053181243442836e-07 1.224544175290137156e-08 0.000000000000000000e+00 0.000000000000000000e+00 0.000000000000000000e+00
4.787185460434682405e+00 9.396419603503470194e-08 1.122512822494532620e-08 0.000000000000000000e+00 0.000000000000000000e+00 0.000000000000000000e+00
5.000015733769552995e+00 8.613464373574737509e-08 1.028982135250824318e-08 0.000000000000000000e+00 0.000000000000000000e+00 0.000000000000000000e+00
5.222308085735419603e+00 7.895759795741687003e-08 9.432461870140385963e-09 0.000000000000000000e+00 0.000000000000000000e+00 0.000000000000000000e+00
5.454483184551217612e+00 7.237850684568346213e-08 8.646532532319415080e-09 0.000000000000000000e+00 0.000000000000000000e+00 0.000000000000000000e+00
5.696980400642586595e+00 6.634755829770595957e-08 7.926084268666510602e-09 0.000000000000000000e+00 0.000000000000000000e+00 0.000000000000000000e+00
5.950258638110759613e+00 6.081905067328430106e-08 7.265656864470845847e-09 0.000000000000000000e+00 0.000000000000000000e+00 0.000000000000000000e+00
6.214797203167166550e+00 5.575130060994331375e-08 6.660273832387946866e-09 0.000000000000000000e+00 0.000000000000000000e+00 0.000000000000000000e+00
6.491096711177193335e+00 5.110565566214953760e-08 6.105310142736289153e-09 0.000000000000000000e+00 0.000000000000000000e+00 0.000000000000000000e+00
6.779680034029589741e+00 4.684713974159919333e-08 5.596598784045045785e-09 0.000000000000000000e+00 0.000000000000000000e+00 0.000000000000000000e+00
7.081093289624342368e+00 4.294340089788086902e-08 5.130263090141513167e-09 0.000000000000000000e+00 0.000000000000000000e+00 0.000000000000000000e+00
7.395906875351522913e+00 3.936491016667478234e-08 4.702783833453321137e-09 0.000000000000000000e+00 0.000000000000000000e+00 0.000000000000000000e+00
7.724716547516883303e+00 3.608464731054433953e-08 4.310930521801200220e-09 0.000000000000000000e+00 0.000000000000000000e+00 0.000000000000000000e+00
8.068144548756912116e+00 3.307764961969677935e-08 3.951724051628296068e-09 0.000000000000000000e+00 0.000000000000000000e+00 0.000000000000000000e+00
8.426840785576876769e+00 3.032118260025218351e-08 3.622439266712475303e-09 0.000000000000000000e+00 0.000000000000000000e+00 0.000000000000000000e+00
8.801484058240248487e+00 2.779440696956212380e-08 3.320597936108919046e-09 0.000000000000000000e+00 0.000000000000000000e+00 0.000000000000000000e+00
9.192783345336948742e+00 2.547817193088580749e-08 3.043907657738400116e-09 0.000000000000000000e+00 0.000000000000000000e+00 0.000000000000000000e+00
9.601479145461361497e+00 2.335488983653603591e-08 2.790266629028281366e-09 0.000000000000000000e+00 0.000000000000000000e+00 0.000000000000000000e+00
1.002834487853911227e+01 2.140850228188641069e-08 2.557756454708093848e-09 0.000000000000000000e+00 0.000000000000000000e+00 0.000000000000000000e+00
1.047418834945448829e+01 1.962427457619322159e-08 2.344618238270140070e-09 0.000000000000000000e+00 0.000000000000000000e+00 0.000000000000000000e+00
1.093985327674830188e+01 1.798871261443024273e-08 2.149234891382363249e-09 0.000000000000000000e+00 0.000000000000000000e+00 0.000000000000000000e+00
1.142622088927908841e+01 1.648948832628966079e-08 1.970148048274838384e-09 0.000000000000000000e+00 0.000000000000000000e+00 0.000000000000000000e+00
1.193421159386922703e+01 1.511513080970338977e-08 1.805972663631533592e-09 0.000000000000000000e+00 0.000000000000000000e+00 0.000000000000000000e+00
1.246478671709178343e+01 1.385526350983930870e-08 1.655469096294174602e-09 0.000000000000000000e+00 0.000000000000000000e+00 0.000000000000000000e+00
1.301895032449433032e+01 1.270041136490500965e-08 1.517520655795078839e-09 0.000000000000000000e+00 0.000000000000000000e+00 0.000000000000000000e+00
1.359775112070238734e+01 1.164172973825829528e-08 1.391052021609687032e-09 0.000000000000000000e+00 0.000000000000000000e+00 0.000000000000000000e+00
1.420228443399830631e+01 1.067131094600697329e-08 1.275135145624853048e-09 0.000000000000000000e+00 0.000000000000000000e+00 0.000000000000000000e+00
1.483369428913121624e+01 9.781695947017252258e-09 1.168861661908629293e-09 0.000000000000000000e+00 0.000000000000000000e+00 0.000000000000000000e+00
1.549317557228063258e+01 8.966240315031997108e-09 1.071454225228991882e-09 0.000000000000000000e+00 0.000000000000000000e+00 0.000000000000000000e+00
1.618197629227075041e+01 8.218703386651546996e-09 9.821567841663972571e-10 0.000000000000000000e+00 0.000000000000000000e+00 0.000000000000000000e+00
1.690139994231451581e+01 7.533470225372689648e-09 9.003058527746633036e-10 0.000000000000000000e+00 0.000000000000000000e+00 0.000000000000000000e+00
1.765280796675694930e+01 6.905324781532822014e-09 8.252727228132449891e-10 0.000000000000000000e+00 0.000000000000000000e+00 0.000000000000000000e+00
1.843762233748569912e+01 6.329505742310981373e-09 7.564866290552140756e-10 0.000000000000000000e+00 0.000000000000000000e+00 0.000000000000000000e+00
1.925732824488454753e+01 5.801671882695497464e-09 6.934340929860595323e-10 0.000000000000000000e+00 0.000000000000000000e+00 0.000000000000000000e+00
2.011347690842221425e+01 5.317830503744527294e-09 6.356448894008981631e-10 0.000000000000000000e+00 0.000000000000000000e+00 0.000000000000000000e+00
2.100768851219521594e+01 4.874288011806723918e-09 5.826601246107495562e-10 0.000000000000000000e+00 0.000000000000000000e+00 0.000000000000000000e+00
2.194165527098010315e+01 4.467715039749912060e-09 5.340950457456688894e-10 0.000000000000000000e+00 0.000000000000000000e+00 0.000000000000000000e+00
2.291714463259722478e+01 4.095013534984594626e-09 4.895772983722538762e-10 0.000000000000000000e+00 0.000000000000000000e+00 0.000000000000000000e+00
2.393600262264625655e+01 3.753374245893365013e-09 4.487672509811245022e-10 0.000000000000000000e+00 0.000000000000000000e+00 0.000000000000000000e+00
2.500015733794308304e+01 3.440201878918897966e-09 4.113579296238268427e-10 0.000000000000000000e+00 0.000000000000000000e+00 0.000000000000000000e+00
2.611162259526905771e+01 3.153128645343407661e-09 3.770703841780182490e-10 0.000000000000000000e+00 0.000000000000000000e+00 0.000000000000000000e+00
2.727250174233754620e+01 2.889982041501437007e-09 3.456369299313006144e-10 0.000000000000000000e+00 0.000000000000000000e+00 0.000000000000000000e+00
2.848499163818970814e+01 2.648765818224459437e-09 3.168267254202291247e-10 0.000000000000000000e+00 0.000000000000000000e+00 0.000000000000000000e+00
2.975138681055199186e+01 2.427655003587675390e-09 2.904140844573213168e-10 0.000000000000000000e+00 0.000000000000000000e+00 0.000000000000000000e+00
3.107408379802284770e+01 2.224976272344032608e-09 2.662044218968880616e-10 0.000000000000000000e+00 0.000000000000000000e+00 0.000000000000000000e+00
3.245558568530577048e+01 2.039195318761476104e-09 2.440108812596983202e-10 0.000000000000000000e+00 0.000000000000000000e+00 0.000000000000000000e+00
3.389850684007124926e+01 1.868906900551565434e-09 2.236721535686073753e-10 0.000000000000000000e+00 0.000000000000000000e+00 0.000000000000000000e+00
3.540557786041171795e+01 1.712817166170499415e-09 2.050264806340444592e-10 0.000000000000000000e+00 0.000000000000000000e+00 0.000000000000000000e+00
3.697965074225202642e+01 1.569746525466923201e-09 1.879341486287747326e-10 0.000000000000000000e+00 0.000000000000000000e+00 0.000000000000000000e+00
3.862370427649444338e+01 1.438611059771438649e-09 1.722676163116399180e-10 0.000000000000000000e+00 0.000000000000000000e+00 0.000000000000000000e+00
4.034084968611161770e+01 1.318422991878921286e-09 1.579093063444028267e-10 0.000000000000000000e+00 0.000000000000000000e+00 0.000000000000000000e+00
4.213433651385538070e+01 1.208261503791751245e-09 1.447450531116469955e-10 0.000000000000000000e+00 0.000000000000000000e+00 0.000000000000000000e+00
4.400755877172315422e+01 1.107305920650393501e-09 1.326822703395237588e-10 0.000000000000000000e+00 0.000000000000000000e+00 0.000000000000000000e+00
4.596406136381946084e+01 1.014781217582523653e-09 1.216234894117819927e-10 0.000000000000000000e+00 0.000000000000000000e+00 0.000000000000000000e+00
4.800754679476705888e+01 9.299940592787029548e-10 1.114889073841416329e-10 0.000000000000000000e+00 0.000000000000000000e+00 0.000000000000000000e+00
5.014188217636289124e+01 8.522816554222049868e-10 1.021963393189248164e-10 0.000000000000000000e+00 0.000000000000000000e+00 0.000000000000000000e+00
5.237110654573820057e+01 7.810852607905471790e-10 9.368180318404942491e-11 0.000000000000000000e+00 0.000000000000000000e+00 0.000000000000000000e+00
5.469943850887192127e+01 7.158581788367663098e-10 8.587830782698378569e-11 0.000000000000000000e+00 0.000000000000000000e+00 0.000000000000000000e+00
5.713128422392179573e+01 6.560883799262507235e-10 7.872458461545715333e-11 0.000000000000000000e+00 0.000000000000000000e+00 0.000000000000000000e+00
5.967124573948116506e+01 6.013318925607215029e-10 7.216793157860253347e-11 0.000000000000000000e+00 0.000000000000000000e+00 0.000000000000000000e+00
6.232412970354067028e+01 5.511783804265396882e-10 6.615891141571087974e-11 0.000000000000000000e+00 0.000000000000000000e+00 0.000000000000000000e+00
6.509495645963586696e+01 5.052387375988840815e-10 6.065077197077153268e-11 0.000000000000000000e+00 0.000000000000000000e+00 0.000000000000000000e+00
6.798896954739448972e+01 4.631598371905725996e-10 5.560176479835444524e-11 0.000000000000000000e+00 0.000000000000000000e+00 0.000000000000000000e+00
7.101164562546192371e+01 4.246320561566080981e-10 5.097438546411892237e-11 0.000000000000000000e+00 0.000000000000000000e+00 0.000000000000000000e+00
7.416870483558362537e+01 3.893438512751497431e-10 4.673293687864678043e-11 0.000000000000000000e+00 0.000000000000000000e+00 0.000000000000000000e+00
7.746612162745724106e+01 3.570410783908512704e-10 4.284569658532954142e-11 0.000000000000000000e+00 0.000000000000000000e+00 0.000000000000000000e+00
8.091013606483961951e+01 3.274718620977247816e-10 3.928273465125611822e-11 0.000000000000000000e+00 0.000000000000000000e+00 0.000000000000000000e+00
8.450726563430438887e+01 3.003857192349142791e-10 3.601624635707774673e-11 0.000000000000000000e+00 0.000000000000000000e+00 0.000000000000000000e+00
8.826431757899723607e+01 2.755940633267479754e-10 3.302213206686442337e-11 0.000000000000000000e+00 0.000000000000000000e+00 0.000000000000000000e+00
9.218840178072943559e+01 2.528833590801365247e-10 3.027711260816214482e-11 0.000000000000000000e+00 0.000000000000000000e+00 0.000000000000000000e+00
9.628694421478752474e+01 2.320983547586097421e-10 2.776142188810266746e-11 0.000000000000000000e+00 0.000000000000000000e+00 0.000000000000000000e+00
1.005677010029216234e+02 2.130661811359616414e-10 2.545529897978339141e-11 0.000000000000000000e+00 0.000000000000000000e+00 0.000000000000000000e+00
1.050387730911060089e+02 1.956180073629002247e-10 2.334064953426105884e-11 0.000000000000000000e+00 0.000000000000000000e+00 0.000000000000000000e+00
1.097086215798481419e+02 1.796245189942011282e-10 2.140163947567132712e-11 0.000000000000000000e+00 0.000000000000000000e+00 0.000000000000000000e+00
1.145860837360586260e+02 1.649720821838736422e-10 1.962422146655338473e-11 0.000000000000000000e+00 0.000000000000000000e+00 0.000000000000000000e+00
1.196803897167805388e+02 1.515131151857491682e-10 1.799381052370555195e-11 0.000000000000000000e+00 0.000000000000000000e+00 0.000000000000000000e+00
1.250011800364298011e+02 1.391692020939604158e-10 1.649914861599703088e-11 0.000000000000000000e+00 0.000000000000000000e+00 0.000000000000000000e+00
1.305585238105978192e+02 1.278273775431890008e-10 1.512841826588757086e-11 0.000000000000000000e+00 0.000000000000000000e+00 0.000000000000000000e+00
1.363629378109453114e+02 1.174119887442005633e-10 1.387171628538475101e-11 0.000000000000000000e+00 0.000000000000000000e+00 0.000000000000000000e+00
1.424254063672426582e+02 1.078510501164231054e-10 1.271984530512578005e-11 0.000000000000000000e+00 0.000000000000000000e+00 0.000000000000000000e+00
1.487574021542239677e+02 9.906419074411135515e-11 1.166386840782298344e-11 0.000000000000000000e+00 0.000000000000000000e+00 0.000000000000000000e+00
1.553709079025877600e+02 9.098612380067153396e-11 1.069586683523441040e-11 0.000000000000000000e+00 0.000000000000000000e+00 0.000000000000000000e+00
1.622784390752347861e+02 8.356660050375896807e-11 9.808857361142262553e-12 0.000000000000000000e+00 0.000000000000000000e+00 0.000000000000000000e+00
1.694930675516510235e+02 7.675447810078361472e-11 8.996249215159418497e-12 0.000000000000000000e+00 0.000000000000000000e+00 0.000000000000000000e+00
1.770284463652615727e+02 7.051109440549595189e-11 8.252230508629279571e-12 0.000000000000000000e+00 0.000000000000000000e+00 0.000000000000000000e+00
1.848988355405630273e+02 6.479695199557925925e-11 7.571261757281329228e-12 0.000000000000000000e+00 0.000000000000000000e+00 0.000000000000000000e+00
1.931191290789346340e+02 5.958446082424562583e-11 6.948614405179423646e-12 0.000000000000000000e+00 0.000000000000000000e+00 0.000000000000000000e+00
2.017048831441905747e+02 5.484123025321136627e-11 6.379695432734387682e-12 0.000000000000000000e+00 0.000000000000000000e+00 0.000000000000000000e+00
2.106723455012179329e+02 5.053943373888985144e-11 5.860283608935555765e-12 0.000000000000000000e+00 0.000000000000000000e+00 0.000000000000000000e+00
2.200384862634040246e+02 4.665307521855295656e-11 5.386740733808033370e-12 0.000000000000000000e+00 0.000000000000000000e+00 0.000000000000000000e+00
2.298210300070466019e+02 4.315295941650236630e-11 4.955334800566861052e-12 0.000000000000000000e+00 0.000000000000000000e+00 0.000000000000000000e+00
2.400384893135133382e+02 4.001010077481669889e-11 4.562814227188607656e-12 0.000000000000000000e+00 0.000000000000000000e+00 0.000000000000000000e+00
2.507101998026336389e+02 3.719451146192634302e-11 4.206114200264573536e-12 0.000000000000000000e+00 0.000000000000000000e+00 0.000000000000000000e+00
2.618563567236125778e+02 3.467080594631787321e-11 3.882236531954024852e-12 0.000000000000000000e+00 0.000000000000000000e+00 0.000000000000000000e+00
2.734980531727196080e+02 3.240356431374814746e-11 3.588454036713278970e-12 0.000000000000000000e+00 0.000000000000000000e+00 0.000000000000000000e+00
2.856573200100691565e+02 3.035799685070697234e-11 3.322263919271042666e-12 0.000000000000000000e+00 0.000000000000000000e+00 0.000000000000000000e+00
2.983571675510349905e+02 2.848601366544217703e-11 3.080966729359596929e-12 0.000000000000000000e+00 0.000000000000000000e+00 0.000000000000000000e+00
3.116216291111976489e+02 2.673894823537606219e-11 2.862007013989797653e-12 0.000000000000000000e+00 0.000000000000000000e+00 0.000000000000000000e+00
3.254758064872232239e+02 2.507115942776360078e-11 2.662921233870677242e-12 0.000000000000000000e+00 0.000000000000000000e+00 0.000000000000000000e+00
3.399459174597515698e+02 2.344774102403589292e-11 2.481320792535557928e-12 0.000000000000000000e+00 0.000000000000000000e+00 0.000000000000000000e+00
3.550593454081774212e+02 2.185483178370454346e-11 2.314913687389514829e-12 0.000000000000000000e+00 0.000000000000000000e+00 0.000000000000000000e+00
3.708446911312281600e+02 2.030804345415534700e-11 2.161555951468794498e-12 0.000000000000000000e+00 0.000000000000000000e+00 0.000000000000000000e+00
3.873318269713919904e+02 1.884880588742125869e-11 2.019323599094310719e-12 0.000000000000000000e+00 0.000000000000000000e+00 0.000000000000000000e+00
4.045519533456335921e+02 1.752412905906706781e-11 1.886610386836378195e-12 0.000000000000000000e+00 0.000000000000000000e+00 0.000000000000000000e+00
4.225376577893648573e+02 1.635752978916708877e-11 1.762228930192990247e-12 0.000000000000000000e+00 0.000000000000000000e+00 0.000000000000000000e+00
4.413229766254188462e+02 1.533057036193556836e-11 1.645474649230590071e-12 0.000000000000000000e+00 0.000000000000000000e+00 0.000000000000000000e+00
4.609434593747161557e+02 1.439384952516487050e-11 1.536153480734028385e-12 0.000000000000000000e+00 0.000000000000000000e+00 0.000000000000000000e+00
4.814362360305290167e+02 1.349956427327110682e-11 1.434527388950648667e-12 0.000000000000000000e+00 0.000000000000000000e+00 0.000000000000000000e+00
5.028400873236400912e+02 1.263015642221002797e-11 1.341176639169464566e-12 0.000000000000000000e+00 0.000000000000000000e+00 0.000000000000000000e+00
5.251955181113798972e+02 1.180057726522540242e-11 1.256770535080341827e-12 0.000000000000000000e+00 0.000000000000000000e+00 0.000000000000000000e+00
5.485448340294104810e+02 1.103932477064453237e-11 1.181838549040060243e-12 0.000000000000000000e+00 0.000000000000000000e+00 0.000000000000000000e+00
5.729322215513284391e+02 1.036593549218477655e-11 1.116514668538845917e-12 0.000000000000000000e+00 0.000000000000000000e+00 0.000000000000000000e+00
5.984038316075743751e+02 9.781871487993119856e-12 1.060355430974619665e-12 0.000000000000000000e+00 0.000000000000000000e+00 0.000000000000000000e+00
6.250078669219093399e+02 9.280178826558065641e-12 1.012216459916146341e-12 0.000000000000000000e+00 0.000000000000000000e+00 0.000000000000000000e+00
6.527946732307157163e+02 8.866467797415696143e-12 9.702634043390709111e-13 0.000000000000000000e+00 0.000000000000000000e+00 0.000000000000000000e+00
6.818168345577655600e+02 8.564458705401446685e-12 9.321944965646563745e-13 0.000000000000000000e+00 0.000000000000000000e+00 0.000000000000000000e+00
7.121292727247354151e+02 8.380686022593126192e-12 8.957793913070137447e-13 0.000000000000000000e+00 0.000000000000000000e+00 0.000000000000000000e+00
7.437893512858045142e+02 8.252099348905774926e-12 8.596107398559001821e-13 0.000000000000000000e+00 0.000000000000000000e+00 0.000000000000000000e+00
7.768569840829987925e+02 8.062846125699859326e-12 8.238030632946689758e-13 0.000000000000000000e+00 0.000000000000000000e+00 0.000000000000000000e+00
8.113947486277374992e+02 7.754518367354987390e-12 7.901047221588173966e-13 0.000000000000000000e+00 0.000000000000000000e+00 0.000000000000000000e+00
8.474680045231206122e+02 7.391585139693485107e-12 7.611751364538749322e-13 0.000000000000000000e+00 0.000000000000000000e+00 0.000000000000000000e+00
8.851450171510871314e+02 7.077602753192172000e-12 7.393402015798824284e-13 0.000000000000000000e+00 0.000000000000000000e+00 0.000000000000000000e+00
9.244970868584839536e+02 6.844982995037694125e-12 7.252906799057472132e-13 0.000000000000000000e+00 0.000000000000000000e+00 0.000000000000000000e+00
9.655986838865461550e+02 6.660032401474723706e-12 7.172876624311745035e-13 0.000000000000000000e+00 0.000000000000000000e+00 0.000000000000000000e+00
1.008527589299101805e+03 6.522857229832365258e-12 7.113673756681557723e-13 0.000000000000000000e+00 0.000000000000000000e+00 0.000000000000000000e+00
1.053365042176224733e+03 6.472828331970633895e-12 7.032588872208516235e-13 0.000000000000000000e+00 0.000000000000000000e+00 0.000000000000000000e+00
1.100195893351855602e+03 6.449997460300278689e-12 6.916240835423516049e-13 0.000000000000000000e+00 0.000000000000000000e+00 0.000000000000000000e+00
1.149108765986357412e+03 6.339134093642424930e-12 6.796623199466183154e-13 0.000000000000000000e+00 0.000000000000000000e+00 0.000000000000000000e+00
1.200196223277841000e+03 6.172446435185631426e-12 6.726848891129340485e-13 0.000000000000000000e+00 0.000000000000000000e+00 0.000000000000000000e+00
1.253554943629676245e+03 6.065427482462570740e-12 6.736430382288262748e-13 0.000000000000000000e+00 0.000000000000000000e+00 0.000000000000000000e+00
1.309285903605635212e+03 6.081000040255530936e-12 6.802185040746864932e-13 0.000000000000000000e+00 0.000000000000000000e+00 0.000000000000000000e+00
1.367494569018940865e+03 6.214602047901606937e-12 6.864094161204624727e-13 0.000000000000000000e+00 0.000000000000000000e+00 0.000000000000000000e+00
1.428291094516789599e+03 6.326632503163965341e-12 6.889682403793114403e-13 0.000000000000000000e+00 0.000000000000000000e+00 0.000000000000000000e+00
1.491790532038094852e+03 6.290206364098444172e-12 6.918531001760045844e-13 0.000000000000000000e+00 0.000000000000000000e+00 0.000000000000000000e+00
1.558113048538887824e+03 6.216114400309008475e-12 7.012657150769169624e-13 0.000000000000000000e+00 0.000000000000000000e+00 0.000000000000000000e+00
1.627384153397451882e+03 6.250481148910372202e-12 7.173003071393881470e-13 0.000000000000000000e+00 0.000000000000000000e+00 0.000000000000000000e+00
1.699734935929483299e+03 6.420898484731274796e-12 7.337515277791052708e-13 0.000000000000000000e+00 0.000000000000000000e+00 0.000000000000000000e+00
1.775302313462806751e+03 6.599625475456587173e-12 7.469870002895406952e-13 0.000000000000000000e+00 0.000000000000000000e+00 0.000000000000000000e+00
1.854229290441050580e+03 6.689857603153461456e-12 7.611946052614304563e-13 0.000000000000000000e+00 0.000000000000000000e+00 0.000000000000000000e+00
1.936665229046667719e+03 6.836109542509963344e-12 7.808361120068441584e-13 0.000000000000000000e+00 0.000000000000000000e+00 0.000000000000000000e+00
2.022766131855373487e+03 7.128671091324062008e-12 8.059660460132374297e-13 0.000000000000000000e+00 0.000000000000000000e+00 0.000000000000000000e+00
2.112694937056960953e+03 7.413132469774992243e-12 8.345645503853244294e-13 0.000000000000000000e+00 0.000000000000000000e+00 0.000000000000000000e+00
2.206621826801106636e+03 7.609176475325397506e-12 8.641975454747118547e-13 0.000000000000000000e+00 0.000000000000000000e+00 0.000000000000000000e+00
2.304724549251749067e+03 7.944252305847730233e-12 8.964721928890046137e-13 0.000000000000000000e+00 0.000000000000000000e+00 0.000000000000000000e+00
2.407188754959436665e+03 8.410643305928285192e-12 9.344215587012942706e-13 0.000000000000000000e+00 0.000000000000000000e+00 0.000000000000000000e+00
2.514208348188258242e+03 8.737707735607125447e-12 9.660591896175710194e-13 0.000000000000000000e+00 0.000000000000000000e+00 0.000000000000000000e+00
2.625985853862151089e+03 8.986221233052683995e-12 9.885388722773708629e-13 0.000000000000000000e+00 0.000000000000000000e+00 0.000000000000000000e+00
2.742732800825062895e+03 9.216344914557743741e-12 1.006958572208369000e-12 0.000000000000000000e+00 0.000000000000000000e+00 0.000000000000000000e+00
2.864670122140184958e+03 9.302606841234869779e-12 1.010487254407684094e-12 0.000000000000000000e+00 0.000000000000000000e+00 0.000000000000000000e+00
2.992028573185860296e+03 9.258264669248924651e-12 1.009613948092724299e-12 0.000000000000000000e+00 0.000000000000000000e+00 0.000000000000000000e+00
3.125049168339293374e+03 9.251459820179760624e-12 1.012020697588462324e-12 0.000000000000000000e+00 0.000000000000000000e+00 0.000000000000000000e+00
3.263983637074535636e+03 9.428206486691454239e-12 1.028140621956730286e-12 0.000000000000000000e+00 0.000000000000000000e+00 0.000000000000000000e+00
3.409094900337779109e+03 9.849568421050731890e-12 1.080796930171824643e-12 0.000000000000000000e+00 0.000000000000000000e+00 0.000000000000000000e+00
3.560657568101548804e+03 1.061430554657890871e-11 1.180451179908967318e-12 0.000000000000000000e+00 0.000000000000000000e+00 0.000000000000000000e+00
3.718958459039270565e+03 1.250302231969961031e-11 1.377778525549879994e-12 0.000000000000000000e+00 0.000000000000000000e+00 0.000000000000000000e+00
3.884297143303760095e+03 1.482698542559165971e-11 1.691226876324616324e-12 0.000000000000000000e+00 0.000000000000000000e+00 0.000000000000000000e+00
4.056986509436678261e+03 1.882590102367950245e-11 2.253099660815249954e-12 0.000000000000000000e+00 0.000000000000000000e+00 0.000000000000000000e+00
4.237353356481889023e+03 2.468178213153965709e-11 3.177876858929932897e-12 0.000000000000000000e+00 0.000000000000000000e+00 0.000000000000000000e+00
4.425739012423155145e+03 3.621845356651026598e-11 4.927928884075196554e-12 0.000000000000000000e+00 0.000000000000000000e+00 0.000000000000000000e+00
4.622499980116535880e+03 5.272577630191604415e-11 8.634682039582846117e-12 0.000000000000000000e+00 0.000000000000000000e+00 0.000000000000000000e+00
4.828008611939902949e+03 8.691386588065417041e-11 1.642860485862554788e-11 0.000000000000000000e+00 0.000000000000000000e+00 0.000000000000000000e+00
5.042653814436185712e+03 1.722664571751977133e-10 3.809583739552177733e-11 0.000000000000000000e+00 0.000000000000000000e+00 0.000000000000000000e+00
5.266841784283951711e+03 3.435790347872531366e-10 1.066461130834169513e-10 0.000000000000000000e+00 0.000000000000000000e+00 0.000000000000000000e+00
5.500996776987925841e+03 1.088119895338290824e-09 3.797333781709705442e-10 0.000000000000000000e+00 0.000000000000000000e+00 0.000000000000000000e+00
5.745561909744300465e+03 1.279183269237768379e-08 2.703967287020233471e-09 0.000000000000000000e+00 0.000000000000000000e+00 0.000000000000000000e+00
6.001000000000000000e+03 0.000000000000000000e+00 0.000000000000000000e+00 0.000000000000000000e+00 0.000000000000000000e+00 0.000000000000000000e+00
