1.000000000000000000e+00 3.853000877671688225e-10 7.014383847831952082e-09 9.064585858098022038e-09 0.000000000000000000e+00 0.000000000000000000e+00 0.000000000000000000e+00 0.000000000000000000e+00 0.000000000000000000e+00 0.000000000000000000e+00 0.000000000000000000e+00 2.551938663797572550e-08
1.045961553325497784e+00 3.522031943324356727e-10 6.412065303855482959e-09 8.285602970501485074e-09 0.000000000000000000e+00 0.000000000000000000e+00 0.000000000000000000e+00 0.000000000000000000e+00 0.000000000000000000e+00 0.000000000000000000e+00 0.000000000000000000e+00 2.332656258687960579e-08
1.094035571035088195e+00 3.219469935491537571e-10 5.861160801298923680e-09 7.573526247297714313e-09 0.000000000000000000e+00 0.000000000000000000e+00 0.000000000000000000e+00 0.000000000000000000e+00 0.000000000000000000e+00 0.000000000000000000e+00 0.000000000000000000e+00 2.132190046432842536e-08
1.144319145273208882e+00 2.942909235102095727e-10 5.357570835930049451e-09 6.922648081956790868e-09 0.000000000000000000e+00 0.000000000000000000e+00 0.000000000000000000e+00 0.000000000000000000e+00 0.000000000000000000e+00 0.000000000000000000e+00 0.000000000000000000e+00 1.948951129621303402e-08
1.196913830690071512e+00 2.690099310666209997e-10 4.897224115804449688e-09 6.327700914876185144e-09 0.000000000000000000e+00 0.000000000000000000e+00 0.000000000000000000e+00 0.000000000000000000e+00 0.000000000000000000e+00 0.000000000000000000e+00 0.000000000000000000e+00 1.781457058556938404e-08
1.251925849545358904e+00 2.458981487962155094e-10 4.476348353853356411e-09 5.783863414789887784e-09 0.000000000000000000e+00 0.000000000000000000e+00 0.000000000000000000e+00 0.000000000000000000e+00 0.000000000000000000e+00 0.000000000000000000e+00 0.000000000000000000e+00 1.628348699398557045e-08
1.309466306238806999e+00 2.247730081131838415e-10 4.091696844568922012e-09 5.286775573507502773e-09 0.000000000000000000e+00 0.000000000000000000e+00 0.000000000000000000e+00 0.000000000000000000e+00 0.000000000000000000e+00 0.000000000000000000e+00 0.000000000000000000e+00 1.488404331978130640e-08
1.369651411700944621e+00 2.054604178490223770e-10 3.740044200352245699e-09 4.832392144972612918e-09 0.000000000000000000e+00 0.000000000000000000e+00 0.000000000000000000e+00 0.000000000000000000e+00 0.000000000000000000e+00 0.000000000000000000e+00 0.000000000000000000e+00 1.360480882869276330e-08
1.432602718097180983e+00 1.878074534923047022e-10 3.418641532659052818e-09 4.417065661606120084e-09 0.000000000000000000e+00 0.000000000000000000e+00 0.000000000000000000e+00 0.000000000000000000e+00 0.000000000000000000e+00 0.000000000000000000e+00 0.000000000000000000e+00 1.243554373677779647e-08
1.498447364319257513e+00 1.716697305892422639e-10 3.124828211597178582e-09 4.037423963177813015e-09 0.000000000000000000e+00 0.000000000000000000e+00 0.000000000000000000e+00 0.000000000000000000e+00 0.000000000000000000e+00 0.000000000000000000e+00 0.000000000000000000e+00 1.136673423430887741e-08
1.567318332759868760e+00 1.569183372001090029e-10 2.856277602623493108e-09 3.690411781942671250e-09 0.000000000000000000e+00 0.000000000000000000e+00 0.000000000000000000e+00 0.000000000000000000e+00 0.000000000000000000e+00 0.000000000000000000e+00 0.000000000000000000e+00 1.038979164863873003e-08
1.639354717889041746e+00 1.434337909372075955e-10 2.610791785402840089e-09 3.373219307367808397e-09 0.000000000000000000e+00 0.000000000000000000e+00 0.000000000000000000e+00 0.000000000000000000e+00 0.000000000000000000e+00 0.000000000000000000e+00 0.000000000000000000e+00 9.496797060442274714e-09
1.714702007174705223e+00 1.311074160201560728e-10 2.386401614983258493e-09 3.083286348395898356e-09 0.000000000000000000e+00 0.000000000000000000e+00 0.000000000000000000e+00 0.000000000000000000e+00 0.000000000000000000e+00 0.000000000000000000e+00 0.000000000000000000e+00 8.680546737376838771e-09
1.793512374914803642e+00 1.198400165195016131e-10 2.181299975857217089e-09 2.818272544969227737e-09 0.000000000000000000e+00 0.000000000000000000e+00 0.000000000000000000e+00 0.000000000000000000e+00 0.000000000000000000e+00 0.000000000000000000e+00 0.000000000000000000e+00 7.934451836739825983e-09
1.875944989574390709e+00 1.095405292950826915e-10 1.993819794611597409e-09 2.576034189697038998e-09 0.000000000000000000e+00 0.000000000000000000e+00 0.000000000000000000e+00 0.000000000000000000e+00 0.000000000000000000e+00 0.000000000000000000e+00 0.000000000000000000e+00 7.252475481114431373e-09
1.962166335248414217e+00 1.001258402783872573e-10 1.822451224923211403e-09 2.354614827691009494e-09 0.000000000000000000e+00 0.000000000000000000e+00 0.000000000000000000e+00 0.000000000000000000e+00 0.000000000000000000e+00 0.000000000000000000e+00 0.000000000000000000e+00 6.629110525855329812e-09
2.052350547899430833e+00 9.152347989477700717e-11 1.665889314706945700e-09 2.152247169773677485e-09 0.000000000000000000e+00 0.000000000000000000e+00 0.000000000000000000e+00 0.000000000000000000e+00 0.000000000000000000e+00 0.000000000000000000e+00 0.000000000000000000e+00 6.059411830650171355e-09
2.146679767049325172e+00 8.366315442187167354e-11 1.522749357472732840e-09 1.967281980757211043e-09 0.000000000000000000e+00 0.000000000000000000e+00 0.000000000000000000e+00 0.000000000000000000e+00 0.000000000000000000e+00 0.000000000000000000e+00 0.000000000000000000e+00 5.538672638320150070e-09
2.245344503635329669e+00 7.647854609987218896e-11 1.391907298619311038e-09 1.798214458701489344e-09 0.000000000000000000e+00 0.000000000000000000e+00 0.000000000000000000e+00 0.000000000000000000e+00 0.000000000000000000e+00 0.000000000000000000e+00 0.000000000000000000e+00 5.062688995956889759e-09
2.348544024773278505e+00 6.991077385411510722e-11 1.272304605963542764e-09 1.643674874990615920e-09 0.000000000000000000e+00 0.000000000000000000e+00 0.000000000000000000e+00 0.000000000000000000e+00 0.000000000000000000e+00 0.000000000000000000e+00 0.000000000000000000e+00 4.627606534427483358e-09
2.456486756205174871e+00 6.390670442580622527e-11 1.162967958420960371e-09 1.502413285608681100e-09 0.000000000000000000e+00 0.000000000000000000e+00 0.000000000000000000e+00 0.000000000000000000e+00 0.000000000000000000e+00 0.000000000000000000e+00 0.000000000000000000e+00 4.229902788665971357e-09
2.569390703243878082e+00 5.841798647156725736e-11 1.063033160801466062e-09 1.373290825432527133e-09 0.000000000000000000e+00 0.000000000000000000e+00 0.000000000000000000e+00 0.000000000000000000e+00 0.000000000000000000e+00 0.000000000000000000e+00 0.000000000000000000e+00 3.866380295651607611e-09
2.687483891065059805e+00 5.340007218356516274e-11 9.716775631635102594e-10 1.255261640268455607e-09 0.000000000000000000e+00 0.000000000000000000e+00 0.000000000000000000e+00 0.000000000000000000e+00 0.000000000000000000e+00 0.000000000000000000e+00 0.000000000000000000e+00 3.534087668011439098e-09
2.811004825235662974e+00 4.881291528379866290e-11 8.881757478144487359e-10 1.147375355951124228e-09 0.000000000000000000e+00 0.000000000000000000e+00 0.000000000000000000e+00 0.000000000000000000e+00 0.000000000000000000e+00 0.000000000000000000e+00 0.000000000000000000e+00 3.230353091917653258e-09
2.940202973408962972e+00 4.461930374375234731e-11 8.118443895931411593e-10 1.048758596563190466e-09 0.000000000000000000e+00 0.000000000000000000e+00 0.000000000000000000e+00 0.000000000000000000e+00 0.000000000000000000e+00 0.000000000000000000e+00 0.000000000000000000e+00 2.952714436123961269e-09
3.075339269159086619e+00 4.078801618637666564e-11 7.421394573079645368e-10 9.586321915794960677e-10 0.000000000000000000e+00 0.000000000000000000e+00 0.000000000000000000e+00 0.000000000000000000e+00 0.000000000000000000e+00 0.000000000000000000e+00 0.000000000000000000e+00 2.699007024478843180e-09
3.216686638972539480e+00 3.728747119742074294e-11 6.783916717054682341e-10 8.762557195744248723e-10 0.000000000000000000e+00 0.000000000000000000e+00 0.000000000000000000e+00 0.000000000000000000e+00 0.000000000000000000e+00 0.000000000000000000e+00 0.000000000000000000e+00 2.467090377079018508e-09
3.364530553461092310e+00 3.408748975968467145e-11 6.201161898374579863e-10 8.009576471570127723e-10 0.000000000000000000e+00 0.000000000000000000e+00 0.000000000000000000e+00 0.000000000000000000e+00 0.000000000000000000e+00 0.000000000000000000e+00 0.000000000000000000e+00 2.255099792837251311e-09
3.519169603909261035e+00 3.116185883917538284e-11 5.668433067425803660e-10 7.321280387131516982e-10 0.000000000000000000e+00 0.000000000000000000e+00 0.000000000000000000e+00 0.000000000000000000e+00 0.000000000000000000e+00 0.000000000000000000e+00 0.000000000000000000e+00 2.061319867161408661e-09
3.680916105320806597e+00 2.848705580793109171e-11 5.181378610216926628e-10 6.692106125067996282e-10 0.000000000000000000e+00 0.000000000000000000e+00 0.000000000000000000e+00 0.000000000000000000e+00 0.000000000000000000e+00 0.000000000000000000e+00 0.000000000000000000e+00 1.884181459583843667e-09
3.850096727182192424e+00 2.604156039483340141e-11 4.736218056453036971e-10 6.116989164009467853e-10 0.000000000000000000e+00 0.000000000000000000e+00 0.000000000000000000e+00 0.000000000000000000e+00 0.000000000000000000e+00 0.000000000000000000e+00 0.000000000000000000e+00 1.722266179120850143e-09
4.027053153216901826e+00 2.380582372732836980e-11 4.329353313226173761e-10 5.591289801364247448e-10 0.000000000000000000e+00 0.000000000000000000e+00 0.000000000000000000e+00 0.000000000000000000e+00 0.000000000000000000e+00 0.000000000000000000e+00 0.000000000000000000e+00 1.574267293303425504e-09
4.212142771463094348e+00 2.176389370722611391e-11 3.957503635025714040e-10 5.110850488374871024e-10 0.000000000000000000e+00 0.000000000000000000e+00 0.000000000000000000e+00 0.000000000000000000e+00 0.000000000000000000e+00 0.000000000000000000e+00 0.000000000000000000e+00 1.439005454665580490e-09
4.405739396068305780e+00 1.989764930478315628e-11 3.617579652885923891e-10 4.671707967636822171e-10 0.000000000000000000e+00 0.000000000000000000e+00 0.000000000000000000e+00 0.000000000000000000e+00 0.000000000000000000e+00 0.000000000000000000e+00 0.000000000000000000e+00 1.315368166233835808e-09
4.608234022258945295e+00 1.819135491700812993e-11 3.306844764248946222e-10 4.270288796634703540e-10 0.000000000000000000e+00 0.000000000000000000e+00 0.000000000000000000e+00 0.000000000000000000e+00 0.000000000000000000e+00 0.000000000000000000e+00 0.000000000000000000e+00 1.202352126786068174e-09
4.820035616009373136e+00 1.663121881014084738e-11 3.022804267015483589e-10 3.903350167019069375e-10 0.000000000000000000e+00 0.000000000000000000e+00 0.000000000000000000e+00 0.000000000000000000e+00 0.000000000000000000e+00 0.000000000000000000e+00 0.000000000000000000e+00 1.099044826337775887e-09
5.041571940005385777e+00 1.520482399802633021e-11 2.763281342523180423e-10 3.567944444152166690e-10 0.000000000000000000e+00 0.000000000000000000e+00 0.000000000000000000e+00 0.000000000000000000e+00 0.000000000000000000e+00 0.000000000000000000e+00 0.000000000000000000e+00 1.004622634775552444e-09
5.273290417570277278e+00 1.390206484199620989e-11 2.526020816957186506e-10 3.261409221595572724e-10 0.000000000000000000e+00 0.000000000000000000e+00 0.000000000000000000e+00 0.000000000000000000e+00 0.000000000000000000e+00 0.000000000000000000e+00 0.000000000000000000e+00 9.183211407714530416e-10
5.515659036298269591e+00 1.271141438836563155e-11 2.309212833584966006e-10 2.981231996860094638e-10 0.000000000000000000e+00 0.000000000000000000e+00 0.000000000000000000e+00 0.000000000000000000e+00 0.000000000000000000e+00 0.000000000000000000e+00 0.000000000000000000e+00 8.394430748334558654e-10
5.769167293220356818e+00 1.162241395594821399e-11 2.110882410579828057e-10 2.725093430595079030e-10 0.000000000000000000e+00 0.000000000000000000e+00 0.000000000000000000e+00 0.000000000000000000e+00 0.000000000000000000e+00 0.000000000000000000e+00 0.000000000000000000e+00 7.673270527865197797e-10
6.034327183411422268e+00 1.062651339551220436e-11 1.929629918589289932e-10 2.490952802379953335e-10 0.000000000000000000e+00 0.000000000000000000e+00 0.000000000000000000e+00 0.000000000000000000e+00 0.000000000000000000e+00 0.000000000000000000e+00 0.000000000000000000e+00 7.014081058393202079e-10
6.311674234035287157e+00 9.717174463181188116e-12 1.764030710653734814e-10 2.276983904921368059e-10 0.000000000000000000e+00 0.000000000000000000e+00 0.000000000000000000e+00 0.000000000000000000e+00 0.000000000000000000e+00 0.000000000000000000e+00 0.000000000000000000e+00 6.411683008937029381e-10
6.601768585916069298e+00 8.885874059551390613e-12 1.612596208068097724e-10 2.081394548382999099e-10 0.000000000000000000e+00 0.000000000000000000e+00 0.000000000000000000e+00 0.000000000000000000e+00 0.000000000000000000e+00 0.000000000000000000e+00 0.000000000000000000e+00 5.860998265878632643e-10
6.905196124820247583e+00 8.125504111836514727e-12 1.474166562934846654e-10 1.902594004459532438e-10 0.000000000000000000e+00 0.000000000000000000e+00 0.000000000000000000e+00 0.000000000000000000e+00 0.000000000000000000e+00 0.000000000000000000e+00 0.000000000000000000e+00 5.357597190960143362e-10
7.222569664734193928e+00 7.430938380287395133e-12 1.347747695583400346e-10 1.739189855850086840e-10 0.000000000000000000e+00 0.000000000000000000e+00 0.000000000000000000e+00 0.000000000000000000e+00 0.000000000000000000e+00 0.000000000000000000e+00 0.000000000000000000e+00 4.897587053490636973e-10
7.554530185526997954e+00 6.796101719137538634e-12 1.232111691491038321e-10 1.589825861218858484e-10 0.000000000000000000e+00 0.000000000000000000e+00 0.000000000000000000e+00 0.000000000000000000e+00 0.000000000000000000e+00 0.000000000000000000e+00 0.000000000000000000e+00 4.477055810950487386e-10
7.901748127498179564e+00 6.215483047423349185e-12 1.126391639161615811e-10 1.453283289210679077e-10 0.000000000000000000e+00 0.000000000000000000e+00 0.000000000000000000e+00 0.000000000000000000e+00 0.000000000000000000e+00 0.000000000000000000e+00 0.000000000000000000e+00 4.092624023853204469e-10
8.264924745424840680e+00 5.684879703863417465e-12 1.029797305304122635e-10 1.328484952121071026e-10 0.000000000000000000e+00 0.000000000000000000e+00 0.000000000000000000e+00 0.000000000000000000e+00 0.000000000000000000e+00 0.000000000000000000e+00 0.000000000000000000e+00 3.741273860014198117e-10
8.644793524842908639e+00 5.200043991733858942e-12 9.414583148472559965e-11 1.214415759631992012e-10 0.000000000000000000e+00 0.000000000000000000e+00 0.000000000000000000e+00 0.000000000000000000e+00 0.000000000000000000e+00 0.000000000000000000e+00 0.000000000000000000e+00 3.420098893041743420e-10
9.042121663422893363e+00 4.756501478609417770e-12 8.607221429278707078e-11 1.110135834382585189e-10 0.000000000000000000e+00 0.000000000000000000e+00 0.000000000000000000e+00 0.000000000000000000e+00 0.000000000000000000e+00 0.000000000000000000e+00 0.000000000000000000e+00 3.126506774240372847e-10
9.457711620431943800e+00 4.351532549683548481e-12 7.869697454707039472e-11 1.014842057511270798e-10 0.000000000000000000e+00 0.000000000000000000e+00 0.000000000000000000e+00 0.000000000000000000e+00 0.000000000000000000e+00 0.000000000000000000e+00 0.000000000000000000e+00 2.858220681295629340e-10
9.892402737411607916e+00 3.981067391166757386e-12 7.195074647461517980e-11 9.277223697599605752e-11 0.000000000000000000e+00 0.000000000000000000e+00 0.000000000000000000e+00 0.000000000000000000e+00 0.000000000000000000e+00 0.000000000000000000e+00 0.000000000000000000e+00 2.612933134651763682e-10
1.034707293334445133e+01 3.642587078606197742e-12 6.578710324531957916e-11 8.480992110144046920e-11 0.000000000000000000e+00 0.000000000000000000e+00 0.000000000000000000e+00 0.000000000000000000e+00 0.000000000000000000e+00 0.000000000000000000e+00 0.000000000000000000e+00 2.388760889502818610e-10
1.082264047773317550e+01 3.333134631733329148e-12 6.015057631360017429e-11 7.753144068887276385e-11 0.000000000000000000e+00 0.000000000000000000e+00 0.000000000000000000e+00 0.000000000000000000e+00 0.000000000000000000e+00 0.000000000000000000e+00 0.000000000000000000e+00 2.183830124026635412e-10
1.132006584517320391e+01 3.050339043283243709e-12 5.500278494014668679e-11 7.087912052362277710e-11 0.000000000000000000e+00 0.000000000000000000e+00 0.000000000000000000e+00 0.000000000000000000e+00 0.000000000000000000e+00 0.000000000000000000e+00 0.000000000000000000e+00 1.996550275545506363e-10
1.184035365516427518e+01 2.791806820609341647e-12 5.029275407007297226e-11 6.479810338975886654e-11 0.000000000000000000e+00 0.000000000000000000e+00 0.000000000000000000e+00 0.000000000000000000e+00 0.000000000000000000e+00 0.000000000000000000e+00 0.000000000000000000e+00 1.825330251220021321e-10
1.238455470107886391e+01 2.555412036183130765e-12 4.598900188356383390e-11 5.923953674798181458e-11 0.000000000000000000e+00 0.000000000000000000e+00 0.000000000000000000e+00 0.000000000000000000e+00 0.000000000000000000e+00 0.000000000000000000e+00 0.000000000000000000e+00 1.668831548854860872e-10
1.295376807238504213e+01 2.339394758272192358e-12 4.205364874823222529e-11 5.415881121838076971e-11 0.000000000000000000e+00 0.000000000000000000e+00 0.000000000000000000e+00 0.000000000000000000e+00 0.000000000000000000e+00 0.000000000000000000e+00 0.000000000000000000e+00 1.525775755789014281e-10
1.354914337441009486e+01 2.142003710844442517e-12 3.845869431754384935e-11 4.951525701346833838e-11 0.000000000000000000e+00 0.000000000000000000e+00 0.000000000000000000e+00 0.000000000000000000e+00 0.000000000000000000e+00 0.000000000000000000e+00 0.000000000000000000e+00 1.395038565341472141e-10
1.417188305012786387e+01 1.961448753694286736e-12 3.517173482497251763e-11 4.527018959175966103e-11 0.000000000000000000e+00 0.000000000000000000e+00 0.000000000000000000e+00 0.000000000000000000e+00 0.000000000000000000e+00 0.000000000000000000e+00 0.000000000000000000e+00 1.275520304879386282e-10
1.482324480865903027e+01 1.796491313348211823e-12 3.216615993324783999e-11 4.139025623352060697e-11 0.000000000000000000e+00 0.000000000000000000e+00 0.000000000000000000e+00 0.000000000000000000e+00 0.000000000000000000e+00 0.000000000000000000e+00 0.000000000000000000e+00 1.166272991176605875e-10
1.550454416538912561e+01 1.645746073788080727e-12 2.942149142015200842e-11 3.784413609192731348e-11 0.000000000000000000e+00 0.000000000000000000e+00 0.000000000000000000e+00 0.000000000000000000e+00 0.000000000000000000e+00 0.000000000000000000e+00 0.000000000000000000e+00 1.066437249188320538e-10
1.621715709883418910e+01 1.507818050074201106e-12 2.690953960539483301e-11 3.460200935319029378e-11 0.000000000000000000e+00 0.000000000000000000e+00 0.000000000000000000e+00 0.000000000000000000e+00 0.000000000000000000e+00 0.000000000000000000e+00 0.000000000000000000e+00 9.751487340611576957e-11
1.696252282962023727e+01 1.381841392956602823e-12 2.461463167428740840e-11 3.163904690600486838e-11 0.000000000000000000e+00 0.000000000000000000e+00 0.000000000000000000e+00 0.000000000000000000e+00 0.000000000000000000e+00 0.000000000000000000e+00 0.000000000000000000e+00 8.917223461950715948e-11
1.774214672718879626e+01 1.266683373176618008e-12 2.251765338981716697e-11 2.893077688052037789e-11 0.000000000000000000e+00 0.000000000000000000e+00 0.000000000000000000e+00 0.000000000000000000e+00 0.000000000000000000e+00 0.000000000000000000e+00 0.000000000000000000e+00 8.154716785462961088e-11
1.855760335009928852e+01 1.161390215227776586e-12 2.059963389029958568e-11 2.645507132893196653e-11 0.000000000000000000e+00 0.000000000000000000e+00 0.000000000000000000e+00 0.000000000000000000e+00 0.000000000000000000e+00 0.000000000000000000e+00 0.000000000000000000e+00 7.457631614011737316e-11
1.941053962606831718e+01 1.065177091075835797e-12 1.884724335127717806e-11 2.419232770592843461e-11 0.000000000000000000e+00 0.000000000000000000e+00 0.000000000000000000e+00 0.000000000000000000e+00 0.000000000000000000e+00 0.000000000000000000e+00 0.000000000000000000e+00 6.820539776371266140e-11
2.030267817816854148e+01 9.772112106000020055e-13 1.724549288156494670e-11 2.212401765062083896e-11 0.000000000000000000e+00 0.000000000000000000e+00 0.000000000000000000e+00 0.000000000000000000e+00 0.000000000000000000e+00 0.000000000000000000e+00 0.000000000000000000e+00 6.238198895429597042e-11
2.123582080390486126e+01 8.967638155138314383e-13 1.578094025762254462e-11 2.023327779215042064e-11 0.000000000000000000e+00 0.000000000000000000e+00 0.000000000000000000e+00 0.000000000000000000e+00 0.000000000000000000e+00 0.000000000000000000e+00 0.000000000000000000e+00 5.705847078215354332e-11
2.221185211419424377e+01 8.232558834205304225e-13 1.444251009864718213e-11 1.850518634469382150e-11 0.000000000000000000e+00 0.000000000000000000e+00 0.000000000000000000e+00 0.000000000000000000e+00 0.000000000000000000e+00 0.000000000000000000e+00 0.000000000000000000e+00 5.219292412886487547e-11
2.323274333959886206e+01 7.560419051941948929e-13 1.321854202487116974e-11 1.692550968559745679e-11 0.000000000000000000e+00 0.000000000000000000e+00 0.000000000000000000e+00 0.000000000000000000e+00 0.000000000000000000e+00 0.000000000000000000e+00 0.000000000000000000e+00 4.774502629677907305e-11
2.430055631149943096e+01 6.946256862511278955e-13 1.209992944627776177e-11 1.548173761524817234e-11 0.000000000000000000e+00 0.000000000000000000e+00 0.000000000000000000e+00 0.000000000000000000e+00 0.000000000000000000e+00 0.000000000000000000e+00 0.000000000000000000e+00 4.367977321067126605e-11
2.541744762624967180e+01 6.384804664347292300e-13 1.107747136198892762e-11 1.416204005265146539e-11 0.000000000000000000e+00 0.000000000000000000e+00 0.000000000000000000e+00 0.000000000000000000e+00 0.000000000000000000e+00 0.000000000000000000e+00 0.000000000000000000e+00 3.996392876708085134e-11
2.658567300072159867e+01 5.871382204127473764e-13 1.014264534417150481e-11 1.295569335196645713e-11 0.000000000000000000e+00 0.000000000000000000e+00 0.000000000000000000e+00 0.000000000000000000e+00 0.000000000000000000e+00 0.000000000000000000e+00 0.000000000000000000e+00 3.656718201111465589e-11
2.780759182803850749e+01 5.402177398425714566e-13 9.288555823581763467e-12 1.185312543035708518e-11 0.000000000000000000e+00 0.000000000000000000e+00 0.000000000000000000e+00 0.000000000000000000e+00 0.000000000000000000e+00 0.000000000000000000e+00 0.000000000000000000e+00 3.346280698196799736e-11
2.908567194269658174e+01 4.972901855686136468e-13 8.507188319445050487e-12 1.084514801416737009e-11 0.000000000000000000e+00 0.000000000000000000e+00 0.000000000000000000e+00 0.000000000000000000e+00 0.000000000000000000e+00 0.000000000000000000e+00 0.000000000000000000e+00 3.062454018874406590e-11
3.042249460469875899e+01 4.580700233263125160e-13 7.793493334106782800e-12 9.923953283474311702e-12 0.000000000000000000e+00 0.000000000000000000e+00 0.000000000000000000e+00 0.000000000000000000e+00 0.000000000000000000e+00 0.000000000000000000e+00 0.000000000000000000e+00 2.803082432666116848e-11
3.182075971276728410e+01 4.221968750019913846e-13 7.141145329684524391e-12 9.081861373722190356e-12 0.000000000000000000e+00 0.000000000000000000e+00 0.000000000000000000e+00 0.000000000000000000e+00 0.000000000000000000e+00 0.000000000000000000e+00 0.000000000000000000e+00 2.565992258670451828e-11
3.328329125716349779e+01 3.894107591978276344e-13 6.544723203181969376e-12 8.312213504630443757e-12 0.000000000000000000e+00 0.000000000000000000e+00 0.000000000000000000e+00 0.000000000000000000e+00 0.000000000000000000e+00 0.000000000000000000e+00 0.000000000000000000e+00 2.349286355668775662e-11
3.481304302312768328e+01 3.594022212245775280e-13 5.999357009736518303e-12 7.608575838010749191e-12 0.000000000000000000e+00 0.000000000000000000e+00 0.000000000000000000e+00 0.000000000000000000e+00 0.000000000000000000e+00 0.000000000000000000e+00 0.000000000000000000e+00 2.151170052980272738e-11
3.641310455645803046e+01 3.319910942335858787e-13 5.501198397689251482e-12 6.965578907499024819e-12 0.000000000000000000e+00 0.000000000000000000e+00 0.000000000000000000e+00 0.000000000000000000e+00 0.000000000000000000e+00 0.000000000000000000e+00 0.000000000000000000e+00 1.970134178792492684e-11
3.808670740327659132e+01 3.068952300141493605e-13 5.045486110774160675e-12 6.377713841686114388e-12 0.000000000000000000e+00 0.000000000000000000e+00 0.000000000000000000e+00 0.000000000000000000e+00 0.000000000000000000e+00 0.000000000000000000e+00 0.000000000000000000e+00 1.804614621584985008e-11
3.983723163658493149e+01 2.839492390440766337e-13 4.629036075034768637e-12 5.840420480295932328e-12 0.000000000000000000e+00 0.000000000000000000e+00 0.000000000000000000e+00 0.000000000000000000e+00 0.000000000000000000e+00 0.000000000000000000e+00 0.000000000000000000e+00 1.653337514313946579e-11
4.166821268279002766e+01 2.629735191698644399e-13 4.248597085489046207e-12 5.349390066540860621e-12 0.000000000000000000e+00 0.000000000000000000e+00 0.000000000000000000e+00 0.000000000000000000e+00 0.000000000000000000e+00 0.000000000000000000e+00 0.000000000000000000e+00 1.515093274091321854e-11
4.358334846198825829e+01 2.437740998297533398e-13 3.900817333130132062e-12 4.900528304888604451e-12 0.000000000000000000e+00 0.000000000000000000e+00 0.000000000000000000e+00 0.000000000000000000e+00 0.000000000000000000e+00 0.000000000000000000e+00 0.000000000000000000e+00 1.388725676007764609e-11
4.558650685642769673e+01 2.262033531666336324e-13 3.582996002783556156e-12 4.490250820576223390e-12 0.000000000000000000e+00 0.000000000000000000e+00 0.000000000000000000e+00 0.000000000000000000e+00 0.000000000000000000e+00 0.000000000000000000e+00 0.000000000000000000e+00 1.273226357293837486e-11
4.768173352223256245e+01 2.101151412291683111e-13 3.292302810249365574e-12 4.115214388827719293e-12 0.000000000000000000e+00 0.000000000000000000e+00 0.000000000000000000e+00 0.000000000000000000e+00 0.000000000000000000e+00 0.000000000000000000e+00 0.000000000000000000e+00 1.167641856763021820e-11
4.987326006016684232e+01 1.953887340340213385e-13 3.026692895141593808e-12 3.772458224701398348e-12 0.000000000000000000e+00 0.000000000000000000e+00 0.000000000000000000e+00 0.000000000000000000e+00 0.000000000000000000e+00 0.000000000000000000e+00 0.000000000000000000e+00 1.071148751982866332e-11
5.216551256193860553e+01 1.818998071459306373e-13 2.783944357106476701e-12 3.459160405830274105e-12 0.000000000000000000e+00 0.000000000000000000e+00 0.000000000000000000e+00 0.000000000000000000e+00 0.000000000000000000e+00 0.000000000000000000e+00 0.000000000000000000e+00 9.829532411336526242e-12
5.456312054930609179e+01 1.695555573065739634e-13 2.562277619873333387e-12 3.172877360105256590e-12 0.000000000000000000e+00 0.000000000000000000e+00 0.000000000000000000e+00 0.000000000000000000e+00 0.000000000000000000e+00 0.000000000000000000e+00 0.000000000000000000e+00 9.023698760206319142e-12
5.707092632403857380e+01 1.582342166030396794e-13 2.359655642708738516e-12 2.911197867264315499e-12 0.000000000000000000e+00 0.000000000000000000e+00 0.000000000000000000e+00 0.000000000000000000e+00 0.000000000000000000e+00 0.000000000000000000e+00 0.000000000000000000e+00 8.287127820076554762e-12
5.969399474761641500e+01 1.478618766538361441e-13 2.174561470020787533e-12 2.672088181801520792e-12 0.000000000000000000e+00 0.000000000000000000e+00 0.000000000000000000e+00 0.000000000000000000e+00 0.000000000000000000e+00 0.000000000000000000e+00 0.000000000000000000e+00 7.614096942584752218e-12
6.243762347042098781e+01 1.383397927284551689e-13 2.005458673808659445e-12 2.453536690507001224e-12 0.000000000000000000e+00 0.000000000000000000e+00 0.000000000000000000e+00 0.000000000000000000e+00 0.000000000000000000e+00 0.000000000000000000e+00 0.000000000000000000e+00 6.998985248584278698e-12
6.530735363107407920e+01 1.295998590943319158e-13 1.850865427452142143e-12 2.253851987165203969e-12 0.000000000000000000e+00 0.000000000000000000e+00 0.000000000000000000e+00 0.000000000000000000e+00 0.000000000000000000e+00 0.000000000000000000e+00 0.000000000000000000e+00 6.436864117222099922e-12
6.830898104753585187e+01 1.215731698823689274e-13 1.709728580458647269e-12 2.071403260844573400e-12 0.000000000000000000e+00 0.000000000000000000e+00 0.000000000000000000e+00 0.000000000000000000e+00 0.000000000000000000e+00 0.000000000000000000e+00 0.000000000000000000e+00 5.923291812363936598e-12
7.144856792256257449e+01 1.142018603427440604e-13 1.581048455542604804e-12 1.904737639622332668e-12 0.000000000000000000e+00 0.000000000000000000e+00 0.000000000000000000e+00 0.000000000000000000e+00 0.000000000000000000e+00 0.000000000000000000e+00 0.000000000000000000e+00 5.454232224987867695e-12
7.473245508716587437e+01 1.074118715813863511e-13 1.463408169711823114e-12 1.752481572821734484e-12 0.000000000000000000e+00 0.000000000000000000e+00 0.000000000000000000e+00 0.000000000000000000e+00 0.000000000000000000e+00 0.000000000000000000e+00 0.000000000000000000e+00 5.025585232281866687e-12
7.816727480680003737e+01 1.011649965001789400e-13 1.356200671330363869e-12 1.613455939802479804e-12 0.000000000000000000e+00 0.000000000000000000e+00 0.000000000000000000e+00 0.000000000000000000e+00 0.000000000000000000e+00 0.000000000000000000e+00 0.000000000000000000e+00 4.634188532836263649e-12
8.175996417614160805e+01 9.539800118758655680e-14 1.258281459640928975e-12 1.486492778766980961e-12 0.000000000000000000e+00 0.000000000000000000e+00 0.000000000000000000e+00 0.000000000000000000e+00 0.000000000000000000e+00 0.000000000000000000e+00 0.000000000000000000e+00 4.276607285023476519e-12
8.551777912951415317e+01 9.007626703091464122e-14 1.169085390543577523e-12 1.370602890674569837e-12 0.000000000000000000e+00 0.000000000000000000e+00 0.000000000000000000e+00 0.000000000000000000e+00 0.000000000000000000e+00 0.000000000000000000e+00 0.000000000000000000e+00 3.950146621412481894e-12
8.944830909525343543e+01 8.514886474742313817e-14 1.087652340565316125e-12 1.264857506800112971e-12 0.000000000000000000e+00 0.000000000000000000e+00 0.000000000000000000e+00 0.000000000000000000e+00 0.000000000000000000e+00 0.000000000000000000e+00 0.000000000000000000e+00 3.651977599751543886e-12
9.355949232361055579e+01 8.059706183585707041e-14 1.013705562272985766e-12 1.168430114883089740e-12 0.000000000000000000e+00 0.000000000000000000e+00 0.000000000000000000e+00 0.000000000000000000e+00 0.000000000000000000e+00 0.000000000000000000e+00 0.000000000000000000e+00 3.380005022120364779e-12
9.785963191914866854e+01 7.637167429676787790e-14 9.463388491388281683e-13 1.080539249315053386e-12 0.000000000000000000e+00 0.000000000000000000e+00 0.000000000000000000e+00 0.000000000000000000e+00 0.000000000000000000e+00 0.000000000000000000e+00 0.000000000000000000e+00 3.131757184124257713e-12
1.023574126100142365e+02 7.244974086292241648e-14 8.851655883564880004e-13 1.000491129402248106e-12 0.000000000000000000e+00 0.000000000000000000e+00 0.000000000000000000e+00 0.000000000000000000e+00 0.000000000000000000e+00 0.000000000000000000e+00 0.000000000000000000e+00 2.905346127108817928e-12
1.070619182879493678e+02 6.880184913787246040e-14 8.296159393931572522e-13 9.276657635636894441e-13 0.000000000000000000e+00 0.000000000000000000e+00 0.000000000000000000e+00 0.000000000000000000e+00 0.000000000000000000e+00 0.000000000000000000e+00 0.000000000000000000e+00 2.698874218263644863e-12
1.119826503544710050e+02 6.540984766708740533e-14 7.793493704998826582e-13 8.614918958687705115e-13 0.000000000000000000e+00 0.000000000000000000e+00 0.000000000000000000e+00 0.000000000000000000e+00 0.000000000000000000e+00 0.000000000000000000e+00 0.000000000000000000e+00 2.510741335917500320e-12
1.171295469102685729e+02 6.225263909101964014e-14 7.339118684811782344e-13 8.014701495698421532e-13 0.000000000000000000e+00 0.000000000000000000e+00 0.000000000000000000e+00 0.000000000000000000e+00 0.000000000000000000e+00 0.000000000000000000e+00 0.000000000000000000e+00 2.339376182111814853e-12
1.225130028265763826e+02 5.931876353440487947e-14 6.930314559788505173e-13 7.471476361563475347e-13 0.000000000000000000e+00 0.000000000000000000e+00 0.000000000000000000e+00 0.000000000000000000e+00 0.000000000000000000e+00 0.000000000000000000e+00 0.000000000000000000e+00 2.183440404124774962e-12
1.281438907390569000e+02 5.659738886197347109e-14 6.563870370974418309e-13 6.981243654689229271e-13 0.000000000000000000e+00 0.000000000000000000e+00 0.000000000000000000e+00 0.000000000000000000e+00 0.000000000000000000e+00 0.000000000000000000e+00 0.000000000000000000e+00 2.041653789413078981e-12
1.340335830065968139e+02 5.408513214657567524e-14 6.237376124366721761e-13 6.540587688930830993e-13 0.000000000000000000e+00 0.000000000000000000e+00 0.000000000000000000e+00 0.000000000000000000e+00 0.000000000000000000e+00 0.000000000000000000e+00 0.000000000000000000e+00 1.912881241569354334e-12
1.401939746793620145e+02 5.177383586446578925e-14 5.947520833075869897e-13 6.146572662680299982e-13 0.000000000000000000e+00 0.000000000000000000e+00 0.000000000000000000e+00 0.000000000000000000e+00 0.000000000000000000e+00 0.000000000000000000e+00 0.000000000000000000e+00 1.795955687300915123e-12
1.466375075225009539e+02 4.967483287733076498e-14 5.693561212406550521e-13 5.796735809444133498e-13 0.000000000000000000e+00 0.000000000000000000e+00 0.000000000000000000e+00 0.000000000000000000e+00 0.000000000000000000e+00 0.000000000000000000e+00 0.000000000000000000e+00 1.690002703344422495e-12
1.533771951440145926e+02 4.780113464965190223e-14 5.474108251113704573e-13 5.489224711167542294e-13 0.000000000000000000e+00 0.000000000000000000e+00 0.000000000000000000e+00 0.000000000000000000e+00 0.000000000000000000e+00 0.000000000000000000e+00 0.000000000000000000e+00 1.594137106232939457e-12
1.604266492775414576e+02 4.617222824070983281e-14 5.288200595951933145e-13 5.222746944057294960e-13 0.000000000000000000e+00 0.000000000000000000e+00 0.000000000000000000e+00 0.000000000000000000e+00 0.000000000000000000e+00 0.000000000000000000e+00 0.000000000000000000e+00 1.507541084789189867e-12
1.678001072731420891e+02 4.481419098815911893e-14 5.135450524511208751e-13 4.996622238058886366e-13 0.000000000000000000e+00 0.000000000000000000e+00 0.000000000000000000e+00 0.000000000000000000e+00 0.000000000000000000e+00 0.000000000000000000e+00 0.000000000000000000e+00 1.429449794444042919e-12
1.755124608516008209e+02 4.376596979521144305e-14 5.016358445376452718e-13 4.810995366026980342e-13 0.000000000000000000e+00 0.000000000000000000e+00 0.000000000000000000e+00 0.000000000000000000e+00 0.000000000000000000e+00 0.000000000000000000e+00 0.000000000000000000e+00 1.359201926305860708e-12
1.835792861803209632e+02 4.306524884169360550e-14 4.930964588025556398e-13 4.666778751415719536e-13 0.000000000000000000e+00 0.000000000000000000e+00 0.000000000000000000e+00 0.000000000000000000e+00 0.000000000000000000e+00 0.000000000000000000e+00 0.000000000000000000e+00 1.296051893353340238e-12
1.920168753315547576e+02 4.275833491715515522e-14 4.880335076025132009e-13 4.565923745456538163e-13 0.000000000000000000e+00 0.000000000000000000e+00 0.000000000000000000e+00 0.000000000000000000e+00 0.000000000000000000e+00 0.000000000000000000e+00 0.000000000000000000e+00 1.239298572549084005e-12
2.008422691865014258e+02 4.290502326479392683e-14 4.866992153485126464e-13 4.511793870874236280e-13 0.000000000000000000e+00 0.000000000000000000e+00 0.000000000000000000e+00 0.000000000000000000e+00 0.000000000000000000e+00 0.000000000000000000e+00 0.000000000000000000e+00 1.188345092132828657e-12
2.100732918517307724e+02 4.355410209233077423e-14 4.893080052129346484e-13 4.509043751966564638e-13 0.000000000000000000e+00 0.000000000000000000e+00 0.000000000000000000e+00 0.000000000000000000e+00 0.000000000000000000e+00 0.000000000000000000e+00 0.000000000000000000e+00 1.142434005019287424e-12
2.197285866574368924e+02 4.474452735252900074e-14 4.960855017138777253e-13 4.564333280108970459e-13 0.000000000000000000e+00 0.000000000000000000e+00 0.000000000000000000e+00 0.000000000000000000e+00 0.000000000000000000e+00 0.000000000000000000e+00 0.000000000000000000e+00 1.100690804694758569e-12
2.298276538102291227e+02 4.651168749828830862e-14 5.074219400057084770e-13 4.686299665437387362e-13 0.000000000000000000e+00 0.000000000000000000e+00 0.000000000000000000e+00 0.000000000000000000e+00 0.000000000000000000e+00 0.000000000000000000e+00 0.000000000000000000e+00 1.062334077860089562e-12
2.403908897765019788e+02 4.885140035996707778e-14 5.235794049915347035e-13 4.885673049894163963e-13 0.000000000000000000e+00 0.000000000000000000e+00 0.000000000000000000e+00 0.000000000000000000e+00 0.000000000000000000e+00 0.000000000000000000e+00 0.000000000000000000e+00 1.026339467251940512e-12
2.514396284759284868e+02 5.169420763286749040e-14 5.445236007146379487e-13 5.174274126924334602e-13 0.000000000000000000e+00 0.000000000000000000e+00 0.000000000000000000e+00 0.000000000000000000e+00 0.000000000000000000e+00 0.000000000000000000e+00 0.000000000000000000e+00 9.913414844052545381e-13
2.629961843682681319e+02 5.491493912051912436e-14 5.699379551131365012e-13 5.563037877113393229e-13 0.000000000000000000e+00 0.000000000000000000e+00 0.000000000000000000e+00 0.000000000000000000e+00 0.000000000000000000e+00 0.000000000000000000e+00 0.000000000000000000e+00 9.560290941103332827e-13
2.750838975205127213e+02 5.829826623819437753e-14 5.987146039805458920e-13 6.056717027046322621e-13 0.000000000000000000e+00 0.000000000000000000e+00 0.000000000000000000e+00 0.000000000000000000e+00 0.000000000000000000e+00 0.000000000000000000e+00 0.000000000000000000e+00 9.189898907933661336e-13
2.877271807453877273e+02 6.151949237906022612e-14 6.283683459528352154e-13 6.644226925829276731e-13 0.000000000000000000e+00 0.000000000000000000e+00 0.000000000000000000e+00 0.000000000000000000e+00 0.000000000000000000e+00 0.000000000000000000e+00 0.000000000000000000e+00 8.787676140124891838e-13
3.009515689064119783e+02 6.419370878981657900e-14 6.548310932207090909e-13 7.285917966046277123e-13 0.000000000000000000e+00 0.000000000000000000e+00 0.000000000000000000e+00 0.000000000000000000e+00 0.000000000000000000e+00 0.000000000000000000e+00 0.000000000000000000e+00 8.345164338073433908e-13
3.147837704890961845e+02 6.588550282724577823e-14 6.721107020627324286e-13 7.900326549733949907e-13 0.000000000000000000e+00 0.000000000000000000e+00 0.000000000000000000e+00 0.000000000000000000e+00 0.000000000000000000e+00 0.000000000000000000e+00 0.000000000000000000e+00 7.859551700295969646e-13
3.292517215424319375e+02 6.621053045044907663e-14 6.735142427909406768e-13 8.366137056859248461e-13 0.000000000000000000e+00 0.000000000000000000e+00 0.000000000000000000e+00 0.000000000000000000e+00 0.000000000000000000e+00 0.000000000000000000e+00 0.000000000000000000e+00 7.338057386600518877e-13
3.443846420996163147e+02 6.492482501544315606e-14 6.540953085940108696e-13 8.553702999555964872e-13 0.000000000000000000e+00 0.000000000000000000e+00 0.000000000000000000e+00 0.000000000000000000e+00 0.000000000000000000e+00 0.000000000000000000e+00 0.000000000000000000e+00 6.795702207354903751e-13
3.602130951919605764e+02 6.201570176486541757e-14 6.135835372944344289e-13 8.382628333990380750e-13 0.000000000000000000e+00 0.000000000000000000e+00 0.000000000000000000e+00 0.000000000000000000e+00 0.000000000000000000e+00 0.000000000000000000e+00 0.000000000000000000e+00 6.250791116101356071e-13
3.767690485751684264e+02 5.771519580116326644e-14 5.572732734983014392e-13 7.867490691356383493e-13 0.000000000000000000e+00 0.000000000000000000e+00 0.000000000000000000e+00 0.000000000000000000e+00 0.000000000000000000e+00 0.000000000000000000e+00 0.000000000000000000e+00 5.718473218397627327e-13
3.940859392926529949e+02 5.244968861588660389e-14 4.938386393940537360e-13 7.110371640756383546e-13 0.000000000000000000e+00 0.000000000000000000e+00 0.000000000000000000e+00 0.000000000000000000e+00 0.000000000000000000e+00 0.000000000000000000e+00 0.000000000000000000e+00 5.209103161715164023e-13
4.121987412062810563e+02 4.670674643663673509e-14 4.315476646158112581e-13 6.247960071814309568e-13 0.000000000000000000e+00 0.000000000000000000e+00 0.000000000000000000e+00 0.000000000000000000e+00 0.000000000000000000e+00 0.000000000000000000e+00 0.000000000000000000e+00 4.728365029239934284e-13
4.311440356309365143e+02 4.097673174280763567e-14 3.761818416719833836e-13 5.399272756594907911e-13 0.000000000000000000e+00 0.000000000000000000e+00 0.000000000000000000e+00 0.000000000000000000e+00 0.000000000000000000e+00 0.000000000000000000e+00 0.000000000000000000e+00 4.282921552324864799e-13
4.509600852155584789e+02 3.564403544220398833e-14 3.304291113686638839e-13 4.640610156566616954e-13 0.000000000000000000e+00 0.000000000000000000e+00 0.000000000000000000e+00 0.000000000000000000e+00 0.000000000000000000e+00 0.000000000000000000e+00 0.000000000000000000e+00 3.878247071828256202e-13
4.716869112198643279e+02 3.097272077035429359e-14 2.947679551037433485e-13 4.008463153835075354e-13 0.000000000000000000e+00 0.000000000000000000e+00 0.000000000000000000e+00 0.000000000000000000e+00 0.000000000000000000e+00 0.000000000000000000e+00 0.000000000000000000e+00 3.518166345479831714e-13
4.933663743428353428e+02 2.711711580745742154e-14 2.684669104101941700e-13 3.513012630155298652e-13 0.000000000000000000e+00 0.000000000000000000e+00 0.000000000000000000e+00 0.000000000000000000e+00 0.000000000000000000e+00 0.000000000000000000e+00 0.000000000000000000e+00 3.203655103259762992e-13
5.160422592662009720e+02 2.415018315405673310e-14 2.503419360103899685e-13 3.150896031527203919e-13 0.000000000000000000e+00 0.000000000000000000e+00 0.000000000000000000e+00 0.000000000000000000e+00 0.000000000000000000e+00 0.000000000000000000e+00 0.000000000000000000e+00 2.932878717277594162e-13
5.397603630836752018e+02 2.206412084465772738e-14 2.389536503519217736e-13 2.912735110376021696e-13 0.000000000000000000e+00 0.000000000000000000e+00 0.000000000000000000e+00 0.000000000000000000e+00 0.000000000000000000e+00 0.000000000000000000e+00 0.000000000000000000e+00 2.700279554983711516e-13
5.645685877945354605e+02 2.078245703502327871e-14 2.327478141098263462e-13 2.785631210339364566e-13 0.000000000000000000e+00 0.000000000000000000e+00 0.000000000000000000e+00 0.000000000000000000e+00 0.000000000000000000e+00 0.000000000000000000e+00 0.000000000000000000e+00 2.498496532130575185e-13
5.905170370483549505e+02 2.012713883587293466e-14 2.297077464720106207e-13 2.749888478819990586e-13 0.000000000000000000e+00 0.000000000000000000e+00 0.000000000000000000e+00 0.000000000000000000e+00 0.000000000000000000e+00 0.000000000000000000e+00 0.000000000000000000e+00 2.318150735898154842e-13
6.176581173362676509e+02 1.981329376272317295e-14 2.271190117427977929e-13 2.771671107382580880e-13 0.000000000000000000e+00 0.000000000000000000e+00 0.000000000000000000e+00 0.000000000000000000e+00 0.000000000000000000e+00 0.000000000000000000e+00 0.000000000000000000e+00 2.150207373221273637e-13
6.460466438331450263e+02 1.947348703260131594e-14 2.215927587745401022e-13 2.795951427160930622e-13 0.000000000000000000e+00 0.000000000000000000e+00 0.000000000000000000e+00 0.000000000000000000e+00 0.000000000000000000e+00 0.000000000000000000e+00 0.000000000000000000e+00 1.987895023354044268e-13
6.757399511044415021e+02 1.875302418559423591e-14 2.101472426457479029e-13 2.754620319481654088e-13 0.000000000000000000e+00 0.000000000000000000e+00 0.000000000000000000e+00 0.000000000000000000e+00 0.000000000000000000e+00 0.000000000000000000e+00 0.000000000000000000e+00 1.828433349447366641e-13
7.067980089012974076e+02 1.745812021394221379e-14 1.922350737698036858e-13 2.600260813346876269e-13 0.000000000000000000e+00 0.000000000000000000e+00 0.000000000000000000e+00 0.000000000000000000e+00 0.000000000000000000e+00 0.000000000000000000e+00 0.000000000000000000e+00 1.672921194054859057e-13
7.392835432777699225e+02 1.564182276968941769e-14 1.706224171058946652e-13 2.340939868186428323e-13 0.000000000000000000e+00 0.000000000000000000e+00 0.000000000000000000e+00 0.000000000000000000e+00 0.000000000000000000e+00 0.000000000000000000e+00 0.000000000000000000e+00 1.523158606682863198e-13
7.732621632747939202e+02 1.358314236453448730e-14 1.496439989931875484e-13 2.033688598308309615e-13 0.000000000000000000e+00 0.000000000000000000e+00 0.000000000000000000e+00 0.000000000000000000e+00 0.000000000000000000e+00 0.000000000000000000e+00 0.000000000000000000e+00 1.381597063949145773e-13
8.088024934267380104e+02 1.165441821233034805e-14 1.325286372866811189e-13 1.744559576486003361e-13 0.000000000000000000e+00 0.000000000000000000e+00 0.000000000000000000e+00 0.000000000000000000e+00 0.000000000000000000e+00 0.000000000000000000e+00 0.000000000000000000e+00 1.252325073502552737e-13
8.459763123581672062e+02 1.015068690910928201e-14 1.202721245690135728e-13 1.518686615627954282e-13 0.000000000000000000e+00 0.000000000000000000e+00 0.000000000000000000e+00 0.000000000000000000e+00 0.000000000000000000e+00 0.000000000000000000e+00 0.000000000000000000e+00 1.138389551599992580e-13
8.848586977507249003e+02 9.203959980764229293e-15 1.122669168524205619e-13 1.374973258523829544e-13 0.000000000000000000e+00 0.000000000000000000e+00 0.000000000000000000e+00 0.000000000000000000e+00 0.000000000000000000e+00 0.000000000000000000e+00 0.000000000000000000e+00 1.040185841649539556e-13
9.255281779729251639e+02 8.736233709592047374e-15 1.069166352511574533e-13 1.306466626899177663e-13 0.000000000000000000e+00 0.000000000000000000e+00 0.000000000000000000e+00 0.000000000000000000e+00 0.000000000000000000e+00 0.000000000000000000e+00 0.000000000000000000e+00 9.544281049185456662e-14
9.680668906790783694e+02 8.468338113918337009e-15 1.018178834651675449e-13 1.277951855301033181e-13 0.000000000000000000e+00 0.000000000000000000e+00 0.000000000000000000e+00 0.000000000000000000e+00 0.000000000000000000e+00 0.000000000000000000e+00 0.000000000000000000e+00 8.754542702328213751e-14
1.012560748697673489e+03 8.048752811912176717e-15 9.446221209245439861e-14 1.233312419208113975e-13 0.000000000000000000e+00 0.000000000000000000e+00 0.000000000000000000e+00 0.000000000000000000e+00 0.000000000000000000e+00 0.000000000000000000e+00 0.000000000000000000e+00 7.993356616324935754e-14
1.059099613544248314e+03 7.273878686605010104e-15 8.433860935336335238e-14 1.131770241114010403e-13 0.000000000000000000e+00 0.000000000000000000e+00 0.000000000000000000e+00 0.000000000000000000e+00 0.000000000000000000e+00 0.000000000000000000e+00 0.000000000000000000e+00 7.252070856580345569e-14
1.107777476909176357e+03 6.256512415294301061e-15 7.386850711083546431e-14 9.852201466259437384e-14 0.000000000000000000e+00 0.000000000000000000e+00 0.000000000000000000e+00 0.000000000000000000e+00 0.000000000000000000e+00 0.000000000000000000e+00 0.000000000000000000e+00 6.548256111841742691e-14
1.158692650486922503e+03 5.331906407563775217e-15 6.558228141848510241e-14 8.409206543245460716e-14 0.000000000000000000e+00 0.000000000000000000e+00 0.000000000000000000e+00 0.000000000000000000e+00 0.000000000000000000e+00 0.000000000000000000e+00 0.000000000000000000e+00 5.916226930369897721e-14
1.211947964530139416e+03 4.769606120171757620e-15 6.002726808232595049e-14 7.421126457027975966e-14 0.000000000000000000e+00 0.000000000000000000e+00 0.000000000000000000e+00 0.000000000000000000e+00 0.000000000000000000e+00 0.000000000000000000e+00 0.000000000000000000e+00 5.381817520905020838e-14
1.267650975529620837e+03 4.548167035407021114e-15 5.632483768924749454e-14 7.016620243873469362e-14 0.000000000000000000e+00 0.000000000000000000e+00 0.000000000000000000e+00 0.000000000000000000e+00 0.000000000000000000e+00 0.000000000000000000e+00 0.000000000000000000e+00 4.927879270226779101e-14
1.325914183439544558e+03 4.366386990696341808e-15 5.261483338219575967e-14 6.851663853825156600e-14 0.000000000000000000e+00 0.000000000000000000e+00 0.000000000000000000e+00 0.000000000000000000e+00 0.000000000000000000e+00 0.000000000000000000e+00 0.000000000000000000e+00 4.504325627983761186e-14
1.386855258886734646e+03 3.931789296307670333e-15 4.716980633062687095e-14 6.371898227686435269e-14 0.000000000000000000e+00 0.000000000000000000e+00 0.000000000000000000e+00 0.000000000000000000e+00 0.000000000000000000e+00 0.000000000000000000e+00 0.000000000000000000e+00 4.083447775466592733e-14
1.450597280822804123e+03 3.293409297733288784e-15 4.110749736783541812e-14 5.489568294359728393e-14 0.000000000000000000e+00 0.000000000000000000e+00 0.000000000000000000e+00 0.000000000000000000e+00 0.000000000000000000e+00 0.000000000000000000e+00 0.000000000000000000e+00 3.674353644542830703e-14
1.517268985099163046e+03 2.789900859064991644e-15 3.648443890066971636e-14 4.651116962465584097e-14 0.000000000000000000e+00 0.000000000000000000e+00 0.000000000000000000e+00 0.000000000000000000e+00 0.000000000000000000e+00 0.000000000000000000e+00 0.000000000000000000e+00 3.313866228163083340e-14
1.587005024466923487e+03 2.585229863016513411e-15 3.349490470079242178e-14 4.260976778711140609e-14 0.000000000000000000e+00 0.000000000000000000e+00 0.000000000000000000e+00 0.000000000000000000e+00 0.000000000000000000e+00 0.000000000000000000e+00 0.000000000000000000e+00 3.012878881090045835e-14
1.659946240526792508e+03 2.461677241948764018e-15 3.085738947873533328e-14 4.125064357782136995e-14 0.000000000000000000e+00 0.000000000000000000e+00 0.000000000000000000e+00 0.000000000000000000e+00 0.000000000000000000e+00 0.000000000000000000e+00 0.000000000000000000e+00 2.737071649074594984e-14
1.736239948178224040e+03 2.160860134484533976e-15 2.712280712156910900e-14 3.747621874202803282e-14 0.000000000000000000e+00 0.000000000000000000e+00 0.000000000000000000e+00 0.000000000000000000e+00 0.000000000000000000e+00 0.000000000000000000e+00 0.000000000000000000e+00 2.462285501537250449e-14
1.816040233142276520e+03 1.799140911210369913e-15 2.371847164596728421e-14 3.155123558772567803e-14 0.000000000000000000e+00 0.000000000000000000e+00 0.000000000000000000e+00 0.000000000000000000e+00 0.000000000000000000e+00 0.000000000000000000e+00 0.000000000000000000e+00 2.211323196727423022e-14
1.899508263159094213e+03 1.639099680758866253e-15 2.154337580889021646e-14 2.785836505585959255e-14 0.000000000000000000e+00 0.000000000000000000e+00 0.000000000000000000e+00 0.000000000000000000e+00 0.000000000000000000e+00 0.000000000000000000e+00 0.000000000000000000e+00 2.015075082888819853e-14
1.986812613488506258e+03 1.561650186301606107e-15 2.000857554275808711e-14 2.727535517203620778e-14 0.000000000000000000e+00 0.000000000000000000e+00 0.000000000000000000e+00 0.000000000000000000e+00 0.000000000000000000e+00 0.000000000000000000e+00 0.000000000000000000e+00 1.845105266542445315e-14
2.078129607371129623e+03 1.332041668297367135e-15 1.762457539897714221e-14 2.459184755973145704e-14 0.000000000000000000e+00 0.000000000000000000e+00 0.000000000000000000e+00 0.000000000000000000e+00 0.000000000000000000e+00 0.000000000000000000e+00 0.000000000000000000e+00 1.667507937821983172e-14
2.173643672137613066e+03 1.099665059497287227e-15 1.556583448071622174e-14 2.051654952303528763e-14 0.000000000000000000e+00 0.000000000000000000e+00 0.000000000000000000e+00 0.000000000000000000e+00 0.000000000000000000e+00 0.000000000000000000e+00 0.000000000000000000e+00 1.508205724389019112e-14
2.273547711685196191e+03 1.022956613067037537e-15 1.429951926717538514e-14 1.895277563916883356e-14 0.000000000000000000e+00 0.000000000000000000e+00 0.000000000000000000e+00 0.000000000000000000e+00 0.000000000000000000e+00 0.000000000000000000e+00 0.000000000000000000e+00 1.383979447686509989e-14
2.378043496073878487e+03 9.197514847763736467e-16 1.284383810193358684e-14 1.779177280129834384e-14 0.000000000000000000e+00 0.000000000000000000e+00 0.000000000000000000e+00 0.000000000000000000e+00 0.000000000000000000e+00 0.000000000000000000e+00 0.000000000000000000e+00 1.258720804105311593e-14
2.487342069029033155e+03 8.112514995711416307e-16 1.158173163579663538e-14 1.560122293536970063e-14 0.000000000000000000e+00 0.000000000000000000e+00 0.000000000000000000e+00 0.000000000000000000e+00 0.000000000000000000e+00 0.000000000000000000e+00 0.000000000000000000e+00 1.153423348242115990e-14
2.601664174173464289e+03 7.621247788954844638e-16 1.104406784286431372e-14 1.462857449368299214e-14 0.000000000000000000e+00 0.000000000000000000e+00 0.000000000000000000e+00 0.000000000000000000e+00 0.000000000000000000e+00 0.000000000000000000e+00 0.000000000000000000e+00 1.094671977188031994e-14
2.721240700849774839e+03 6.165995998906349607e-16 1.019849893185475137e-14 1.309310952778096855e-14 0.000000000000000000e+00 0.000000000000000000e+00 0.000000000000000000e+00 0.000000000000000000e+00 0.000000000000000000e+00 0.000000000000000000e+00 0.000000000000000000e+00 1.027711970292928597e-14
2.846313150433396004e+03 5.265939479128911022e-16 9.708702893477985613e-15 1.170959995256316134e-14 0.000000000000000000e+00 0.000000000000000000e+00 0.000000000000000000e+00 0.000000000000000000e+00 0.000000000000000000e+00 0.000000000000000000e+00 0.000000000000000000e+00 9.770978062827190335e-15
2.977134124078108471e+03 3.578829461246241882e-16 9.358034243926786644e-15 9.616378616814748215e-15 0.000000000000000000e+00 0.000000000000000000e+00 0.000000000000000000e+00 0.000000000000000000e+00 0.000000000000000000e+00 0.000000000000000000e+00 0.000000000000000000e+00 9.450696233740362885e-15
3.113967832879082835e+03 3.690421885237575300e-16 8.959228530531992518e-15 9.611850123672795326e-15 0.000000000000000000e+00 0.000000000000000000e+00 0.000000000000000000e+00 0.000000000000000000e+00 0.000000000000000000e+00 0.000000000000000000e+00 0.000000000000000000e+00 9.229328511023524840e-15
3.257090631483838933e+03 1.311546662910583309e-16 9.851278969431439938e-15 8.020434348872351000e-15 0.000000000000000000e+00 0.000000000000000000e+00 0.000000000000000000e+00 0.000000000000000000e+00 0.000000000000000000e+00 0.000000000000000000e+00 0.000000000000000000e+00 1.013093620488397709e-14
3.406791576228762096e+03 -5.990271735354922616e-16 1.104919416679208532e-14 5.697021128509117006e-15 0.000000000000000000e+00 0.000000000000000000e+00 0.000000000000000000e+00 0.000000000000000000e+00 0.000000000000000000e+00 0.000000000000000000e+00 0.000000000000000000e+00 1.089438771366626609e-14
3.563373008928456329e+03 -7.088002518678559319e-16 1.153078847442445185e-14 3.850885448426776052e-15 0.000000000000000000e+00 0.000000000000000000e+00 0.000000000000000000e+00 0.000000000000000000e+00 0.000000000000000000e+00 0.000000000000000000e+00 0.000000000000000000e+00 1.168834408534215834e-14
3.727151167496963808e+03 -3.672527753145241137e-16 1.236473301373876870e-14 3.943690037274160548e-15 0.000000000000000000e+00 0.000000000000000000e+00 0.000000000000000000e+00 0.000000000000000000e+00 0.000000000000000000e+00 0.000000000000000000e+00 0.000000000000000000e+00 1.203865194722327088e-14
3.898456824634066379e+03 -1.918430341520137709e-16 1.331502345505887834e-14 6.348918119580762410e-15 0.000000000000000000e+00 0.000000000000000000e+00 0.000000000000000000e+00 0.000000000000000000e+00 0.000000000000000000e+00 0.000000000000000000e+00 0.000000000000000000e+00 1.275355601529149873e-14
4.077635955866634504e+03 -1.261695930080989849e-16 9.037930173924277404e-15 4.664848804162069066e-15 0.000000000000000000e+00 0.000000000000000000e+00 0.000000000000000000e+00 0.000000000000000000e+00 0.000000000000000000e+00 0.000000000000000000e+00 0.000000000000000000e+00 9.121617566440622268e-15
4.265050438294165360e+03 -3.063868236561279952e-17 8.312676553025662438e-15 6.182339187727194250e-15 0.000000000000000000e+00 0.000000000000000000e+00 0.000000000000000000e+00 0.000000000000000000e+00 0.000000000000000000e+00 0.000000000000000000e+00 0.000000000000000000e+00 8.686503468719841660e-15
4.461078781449758935e+03 2.183222503417476144e-16 8.331654452750716555e-15 8.184858396771995901e-15 0.000000000000000000e+00 0.000000000000000000e+00 0.000000000000000000e+00 0.000000000000000000e+00 0.000000000000000000e+00 0.000000000000000000e+00 0.000000000000000000e+00 8.828987839179999118e-15
4.666116891752612901e+03 3.331882147189927794e-16 1.011781307227478895e-14 1.148289812110987447e-14 0.000000000000000000e+00 0.000000000000000000e+00 0.000000000000000000e+00 0.000000000000000000e+00 0.000000000000000000e+00 0.000000000000000000e+00 0.000000000000000000e+00 9.750086091937860233e-15
4.880578872095905353e+03 4.730189975792390327e-16 1.230036947277836340e-14 1.461878406327180665e-14 0.000000000000000000e+00 0.000000000000000000e+00 0.000000000000000000e+00 0.000000000000000000e+00 0.000000000000000000e+00 0.000000000000000000e+00 0.000000000000000000e+00 1.304316246347636552e-14
5.104897858185037876e+03 9.805876632597271397e-16 1.800184038403311665e-14 2.765509187242662839e-14 0.000000000000000000e+00 0.000000000000000000e+00 0.000000000000000000e+00 0.000000000000000000e+00 0.000000000000000000e+00 0.000000000000000000e+00 0.000000000000000000e+00 1.681780877536207025e-14
5.339526893315228335e+03 1.542481627094447667e-15 2.226098227439730265e-14 3.033400025220653805e-14 0.000000000000000000e+00 0.000000000000000000e+00 0.000000000000000000e+00 0.000000000000000000e+00 0.000000000000000000e+00 0.000000000000000000e+00 0.000000000000000000e+00 2.372608584428611924e-14
5.584939843355264202e+03 2.534363137719266112e-15 3.868191644200431362e-14 5.784886548622354145e-14 0.000000000000000000e+00 0.000000000000000000e+00 0.000000000000000000e+00 0.000000000000000000e+00 0.000000000000000000e+00 0.000000000000000000e+00 0.000000000000000000e+00 3.712655845808817334e-14
5.841632353785339546e+03 4.304925076171354730e-15 6.066889157274402835e-14 9.976330894295397147e-14 0.000000000000000000e+00 0.000000000000000000e+00 0.000000000000000000e+00 0.000000000000000000e+00 0.000000000000000000e+00 0.000000000000000000e+00 0.000000000000000000e+00 5.702668478175901298e-14
6.110122850721796567e+03 7.436494244469155278e-15 9.511915602978842589e-14 1.634643568072449646e-13 0.000000000000000000e+00 0.000000000000000000e+00 0.000000000000000000e+00 0.000000000000000000e+00 0.000000000000000000e+00 0.000000000000000000e+00 0.000000000000000000e+00 9.479563770355456649e-14
6.390953587950587462e+03 1.508401056827559999e-14 1.738291092981813998e-13 3.356098293423034277e-13 0.000000000000000000e+00 0.000000000000000000e+00 0.000000000000000000e+00 0.000000000000000000e+00 0.000000000000000000e+00 0.000000000000000000e+00 0.000000000000000000e+00 1.665873157610042804e-13
6.684691742083958161e+03 2.654501820468165469e-14 3.202677851396515247e-13 6.937312551587939096e-13 0.000000000000000000e+00 0.000000000000000000e+00 0.000000000000000000e+00 0.000000000000000000e+00 0.000000000000000000e+00 0.000000000000000000e+00 0.000000000000000000e+00 3.025338291967455301e-13
6.991930558052270499e+03 5.100415965315174952e-14 6.203884421150137594e-13 1.613456893601867520e-12 0.000000000000000000e+00 0.000000000000000000e+00 0.000000000000000000e+00 0.000000000000000000e+00 0.000000000000000000e+00 0.000000000000000000e+00 0.000000000000000000e+00 6.017334139986299877e-13
7.313290547244365371e+03 1.042886899220284696e-13 1.354214399717467392e-12 4.378627788127790734e-12 0.000000000000000000e+00 0.000000000000000000e+00 0.000000000000000000e+00 0.000000000000000000e+00 0.000000000000000000e+00 0.000000000000000000e+00 0.000000000000000000e+00 1.363887586139213553e-12
7.649420740716394903e+03 3.062368302317374389e-13 4.237176997521971469e-12 1.790279210802021427e-11 0.000000000000000000e+00 0.000000000000000000e+00 0.000000000000000000e+00 0.000000000000000000e+00 0.000000000000000000e+00 0.000000000000000000e+00 0.000000000000000000e+00 4.572527767267722866e-12
8.000999999999998181e+03 0.000000000000000000e+00 0.000000000000000000e+00 0.000000000000000000e+00 0.000000000000000000e+00 0.000000000000000000e+00 0.000000000000000000e+00 0.000000000000000000e+00 0.000000000000000000e+00 0.000000000000000000e+00 0.000000000000000000e+00 0.000000000000000000e+00
