1.000000000000000000e+00 2.483278493419612467e-12 9.915651519893121986e-09 0.000000000000000000e+00 0.000000000000000000e+00 9.002399570180689955e-09 0.000000000000000000e+00 0.000000000000000000e+00 0.000000000000000000e+00 0.000000000000000000e+00 3.080931019406832530e-08 1.607821909124850403e-08
1.047129071589127935e+00 1.890725641119740208e-12 9.047985727555773213e-09 0.000000000000000000e+00 0.000000000000000000e+00 8.210322081541934969e-09 0.000000000000000000e+00 0.000000000000000000e+00 0.000000000000000000e+00 0.000000000000000000e+00 2.809839976027940532e-08 1.466371113548555400e-08
1.096479292567109187e+00 1.625404401438403710e-12 8.253382029556270578e-09 0.000000000000000000e+00 0.000000000000000000e+00 7.487899055252036753e-09 0.000000000000000000e+00 0.000000000000000000e+00 0.000000000000000000e+00 0.000000000000000000e+00 2.562602438081056964e-08 1.337355469533251578e-08
1.148155343642500714e+00 1.413624446627687164e-12 7.528261437969724498e-09 0.000000000000000000e+00 0.000000000000000000e+00 6.829013286058995320e-09 0.000000000000000000e+00 0.000000000000000000e+00 0.000000000000000000e+00 0.000000000000000000e+00 2.337119605706282385e-08 1.219690407377772028e-08
1.202266839028468093e+00 1.245518746714903910e-12 6.866720849338183447e-09 0.000000000000000000e+00 0.000000000000000000e+00 6.228160972480068739e-09 0.000000000000000000e+00 0.000000000000000000e+00 0.000000000000000000e+00 0.000000000000000000e+00 2.131477213304957233e-08 1.112377811399798505e-08
1.258928558954275356e+00 1.111560323093773130e-12 6.263129685826723807e-09 0.000000000000000000e+00 0.000000000000000000e+00 5.680186240114833563e-09 0.000000000000000000e+00 0.000000000000000000e+00 0.000000000000000000e+00 0.000000000000000000e+00 1.943928408319377028e-08 1.014505782917950856e-08
1.318260693134829076e+00 1.025485174379655079e-12 5.712122710518619284e-09 0.000000000000000000e+00 0.000000000000000000e+00 5.180432996919266510e-09 0.000000000000000000e+00 0.000000000000000000e+00 0.000000000000000000e+00 0.000000000000000000e+00 1.772882964913329894e-08 9.252436079459125894e-09
1.380389095714713799e+00 9.252331421507493640e-13 5.209816587046623190e-09 0.000000000000000000e+00 0.000000000000000000e+00 4.724610942296238836e-09 0.000000000000000000e+00 0.000000000000000000e+00 0.000000000000000000e+00 0.000000000000000000e+00 1.616886913690678428e-08 8.438350825075560237e-09
1.445445552227504260e+00 8.517616140961298299e-13 4.751445328600190215e-09 0.000000000000000000e+00 0.000000000000000000e+00 4.308909809419304263e-09 0.000000000000000000e+00 0.000000000000000000e+00 0.000000000000000000e+00 0.000000000000000000e+00 1.474617793039347671e-08 7.695887630747106194e-09
1.513568059136620958e+00 7.828464645042223937e-13 4.333411204520762285e-09 0.000000000000000000e+00 0.000000000000000000e+00 3.929785270293472260e-09 0.000000000000000000e+00 0.000000000000000000e+00 0.000000000000000000e+00 0.000000000000000000e+00 1.344866127502744684e-08 7.018745972055117433e-09
1.584901116550688105e+00 7.113080557330650419e-13 3.952286073529596502e-09 0.000000000000000000e+00 0.000000000000000000e+00 3.584019708442621097e-09 0.000000000000000000e+00 0.000000000000000000e+00 0.000000000000000000e+00 0.000000000000000000e+00 1.226531974799382678e-08 6.401188437519482602e-09
1.659596034734294401e+00 6.525651296776833703e-13 3.604547361927437278e-09 0.000000000000000000e+00 0.000000000000000000e+00 3.268665503961678412e-09 0.000000000000000000e+00 0.000000000000000000e+00 0.000000000000000000e+00 0.000000000000000000e+00 1.118609402663211568e-08 5.837959076324237253e-09
1.737811255064319882e+00 5.979279813035474276e-13 3.287408822524314561e-09 0.000000000000000000e+00 0.000000000000000000e+00 2.981060040349919955e-09 0.000000000000000000e+00 0.000000000000000000e+00 0.000000000000000000e+00 0.000000000000000000e+00 1.020182931494953212e-08 5.324285169813193476e-09
1.819712686112638478e+00 5.452356368619151909e-13 2.998186060776075935e-09 0.000000000000000000e+00 0.000000000000000000e+00 2.718744047008977885e-09 0.000000000000000000e+00 0.000000000000000000e+00 0.000000000000000000e+00 0.000000000000000000e+00 9.304170088907029635e-09 4.855806393426950809e-09
1.905474055568085578e+00 4.987707941052956392e-13 2.734412959965553949e-09 0.000000000000000000e+00 0.000000000000000000e+00 2.479532325174132205e-09 0.000000000000000000e+00 0.000000000000000000e+00 0.000000000000000000e+00 0.000000000000000000e+00 8.485499929108800167e-09 4.428549887153515279e-09
1.995277278744179705e+00 4.558420720983512750e-13 2.493808000071870702e-09 0.000000000000000000e+00 0.000000000000000000e+00 2.261348358156235081e-09 0.000000000000000000e+00 0.000000000000000000e+00 0.000000000000000000e+00 0.000000000000000000e+00 7.738860504140036532e-09 4.038882045005324898e-09
2.089312844454274565e+00 3.722095526956206423e-13 2.275034599297357601e-09 0.000000000000000000e+00 0.000000000000000000e+00 2.062365155247612597e-09 0.000000000000000000e+00 0.000000000000000000e+00 0.000000000000000000e+00 0.000000000000000000e+00 7.057918365137860837e-09 3.683538457483598750e-09
2.187780219072644972e+00 3.327640468723820434e-13 2.075066390160250318e-09 0.000000000000000000e+00 0.000000000000000000e+00 1.880898791692860046e-09 0.000000000000000000e+00 0.000000000000000000e+00 0.000000000000000000e+00 0.000000000000000000e+00 6.436892696653322907e-09 3.359452253412708472e-09
2.290888269638597485e+00 3.008821473884457622e-13 1.892670480811520748e-09 0.000000000000000000e+00 0.000000000000000000e+00 1.715416491099968995e-09 0.000000000000000000e+00 0.000000000000000000e+00 0.000000000000000000e+00 0.000000000000000000e+00 5.870513751142421401e-09 3.063883523894333998e-09
2.398855706901088514e+00 2.743245081168052914e-13 1.726289790114939162e-09 0.000000000000000000e+00 0.000000000000000000e+00 1.564498537477736304e-09 0.000000000000000000e+00 0.000000000000000000e+00 0.000000000000000000e+00 0.000000000000000000e+00 5.353968627033876494e-09 2.794317946294653226e-09
2.511911549243617703e+00 2.515239372736197138e-13 1.574492541653450863e-09 0.000000000000000000e+00 0.000000000000000000e+00 1.426864370404538469e-09 0.000000000000000000e+00 0.000000000000000000e+00 0.000000000000000000e+00 0.000000000000000000e+00 4.882872977010833294e-09 2.548466043853818064e-09
2.630295608473477653e+00 2.349023845657172863e-13 1.435984815763084747e-09 0.000000000000000000e+00 0.000000000000000000e+00 1.301311215363628040e-09 0.000000000000000000e+00 0.000000000000000000e+00 0.000000000000000000e+00 0.000000000000000000e+00 4.453230472692599206e-09 2.324240623475355194e-09
2.754258998505793254e+00 2.159529050125390054e-13 1.309679880234907355e-09 0.000000000000000000e+00 0.000000000000000000e+00 1.186816418233611035e-09 0.000000000000000000e+00 0.000000000000000000e+00 0.000000000000000000e+00 0.000000000000000000e+00 4.061390825643842675e-09 2.119742347346272129e-09
2.884064668021372402e+00 2.005148595295199778e-13 1.194474534397857750e-09 0.000000000000000000e+00 0.000000000000000000e+00 1.082390161217732193e-09 0.000000000000000000e+00 0.000000000000000000e+00 0.000000000000000000e+00 0.000000000000000000e+00 3.704030441598309786e-09 1.933235470621388952e-09
3.019987958228226521e+00 1.566967930215205994e-13 1.089759843650164491e-09 0.000000000000000000e+00 0.000000000000000000e+00 9.871356506037103504e-10 0.000000000000000000e+00 0.000000000000000000e+00 0.000000000000000000e+00 0.000000000000000000e+00 3.378113052169632885e-09 1.763149070929329405e-09
3.162317186909868738e+00 1.322485393004034921e-13 9.941116502033659742e-10 0.000000000000000000e+00 0.000000000000000000e+00 9.002742652680684631e-10 0.000000000000000000e+00 0.000000000000000000e+00 0.000000000000000000e+00 0.000000000000000000e+00 3.080874217699026016e-09 1.608033017036950630e-09
3.311354259999273797e+00 1.047083546362356401e-13 9.069889906926592658e-10 0.000000000000000000e+00 0.000000000000000000e+00 8.210668276579914151e-10 0.000000000000000000e+00 0.000000000000000000e+00 0.000000000000000000e+00 0.000000000000000000e+00 2.809789935854569279e-09 1.466572359961483783e-09
3.467415311975743819e+00 1.021272723370578121e-13 8.272130917592730519e-10 0.000000000000000000e+00 0.000000000000000000e+00 7.488337064761755097e-10 0.000000000000000000e+00 0.000000000000000000e+00 0.000000000000000000e+00 0.000000000000000000e+00 2.562557853362167444e-09 1.337545926545082954e-09
3.630831376443087510e+00 9.222009954434471918e-14 7.545516665635015542e-10 0.000000000000000000e+00 0.000000000000000000e+00 6.829512855350816732e-10 0.000000000000000000e+00 0.000000000000000000e+00 0.000000000000000000e+00 0.000000000000000000e+00 2.337080019235305071e-09 1.219873757454192480e-09
3.801949088311525671e+00 8.473272987932881487e-14 6.882349833005983639e-10 0.000000000000000000e+00 0.000000000000000000e+00 6.228607526046185466e-10 0.000000000000000000e+00 0.000000000000000000e+00 0.000000000000000000e+00 0.000000000000000000e+00 2.131440654541395306e-09 1.112550372060826242e-09
3.981131419072778677e+00 8.123899280226426532e-14 6.276962455688746851e-10 0.000000000000000000e+00 0.000000000000000000e+00 5.680592428167403681e-10 0.000000000000000000e+00 0.000000000000000000e+00 0.000000000000000000e+00 0.000000000000000000e+00 1.943897365333190031e-09 1.014666802180535347e-09
4.168758446727986566e+00 6.527229263072189744e-14 5.726896846586143486e-10 0.000000000000000000e+00 0.000000000000000000e+00 5.180794157559031968e-10 0.000000000000000000e+00 0.000000000000000000e+00 0.000000000000000000e+00 0.000000000000000000e+00 1.772854266656735863e-09 9.254070409499594029e-10
4.365228162001612233e+00 6.233151936026247188e-14 5.223786183351628053e-10 0.000000000000000000e+00 0.000000000000000000e+00 4.725036024563487925e-10 0.000000000000000000e+00 0.000000000000000000e+00 0.000000000000000000e+00 0.000000000000000000e+00 1.616862597917003438e-09 8.439992073714106554e-10
4.570957312551463758e+00 6.004335068639583021e-14 4.764791761158787835e-10 0.000000000000000000e+00 0.000000000000000000e+00 4.309366148529039494e-10 0.000000000000000000e+00 0.000000000000000000e+00 0.000000000000000000e+00 0.000000000000000000e+00 1.474595579483669739e-09 7.697521863372268658e-10
4.786382286965549682e+00 5.722615999784948609e-14 4.346263428651924027e-10 0.000000000000000000e+00 0.000000000000000000e+00 3.930279420887145002e-10 0.000000000000000000e+00 0.000000000000000000e+00 0.000000000000000000e+00 0.000000000000000000e+00 1.344846307650683051e-09 7.020364126703886403e-10
5.011960040420881946e+00 5.340254513260949436e-14 3.964459795987131695e-10 0.000000000000000000e+00 0.000000000000000000e+00 3.584493544480978668e-10 0.000000000000000000e+00 0.000000000000000000e+00 0.000000000000000000e+00 0.000000000000000000e+00 1.226515167646218080e-09 6.402761735864947507e-10
5.248169063967726977e+00 4.103573756801124709e-14 3.617730435560410575e-10 0.000000000000000000e+00 0.000000000000000000e+00 3.269100676901025988e-10 0.000000000000000000e+00 0.000000000000000000e+00 0.000000000000000000e+00 0.000000000000000000e+00 1.118595151246198825e-09 5.839596958907600964e-10
5.495510399495309173e+00 3.863697292180913163e-14 3.300404215255060684e-10 0.000000000000000000e+00 0.000000000000000000e+00 2.981547291316645438e-10 0.000000000000000000e+00 0.000000000000000000e+00 0.000000000000000000e+00 0.000000000000000000e+00 1.020170699066354232e-09 5.325948313034217101e-10
5.754508702531921038e+00 3.690790767521073261e-14 3.010844761260308743e-10 0.000000000000000000e+00 0.000000000000000000e+00 2.719276464928391814e-10 0.000000000000000000e+00 0.000000000000000000e+00 0.000000000000000000e+00 0.000000000000000000e+00 9.304069993024722668e-10 4.857480182286224681e-10
6.025713355133808236e+00 3.498937727447713697e-14 2.746609836465224185e-10 0.000000000000000000e+00 0.000000000000000000e+00 2.480044403842961191e-10 0.000000000000000000e+00 0.000000000000000000e+00 0.000000000000000000e+00 0.000000000000000000e+00 8.485418964255433315e-10 4.430202059304679876e-10
6.309699631223472771e+00 3.164644115989751725e-14 2.506106098821294036e-10 0.000000000000000000e+00 0.000000000000000000e+00 2.261903508116707222e-10 0.000000000000000000e+00 0.000000000000000000e+00 0.000000000000000000e+00 0.000000000000000000e+00 7.738796689492698954e-10 4.040567744847828051e-10
6.607069916849297897e+00 3.313167343256064566e-14 2.286111901740422403e-10 0.000000000000000000e+00 0.000000000000000000e+00 2.062974649661193071e-10 0.000000000000000000e+00 0.000000000000000000e+00 0.000000000000000000e+00 0.000000000000000000e+00 7.057866135651790403e-10 3.685194243792109881e-10
6.918454987954862467e+00 3.338141939639382858e-14 2.085504499394710920e-10 0.000000000000000000e+00 0.000000000000000000e+00 1.881522782036411920e-10 0.000000000000000000e+00 0.000000000000000000e+00 0.000000000000000000e+00 0.000000000000000000e+00 6.436859292859061880e-10 3.361073328863931744e-10
7.244515348368347318e+00 2.723806622468331924e-14 1.903531701881553117e-10 0.000000000000000000e+00 0.000000000000000000e+00 1.716003422156896560e-10 0.000000000000000000e+00 0.000000000000000000e+00 0.000000000000000000e+00 0.000000000000000000e+00 5.870486492485286835e-10 3.065514628103279655e-10
7.585942630850135870e+00 2.771136374183951322e-14 1.736724764339683797e-10 0.000000000000000000e+00 0.000000000000000000e+00 1.565088578783439729e-10 0.000000000000000000e+00 0.000000000000000000e+00 0.000000000000000000e+00 0.000000000000000000e+00 5.353956839671188441e-10 2.795941040535183835e-10
7.943461064170490360e+00 2.846290843484974759e-14 1.584513369405385311e-10 0.000000000000000000e+00 0.000000000000000000e+00 1.427460776174987560e-10 0.000000000000000000e+00 0.000000000000000000e+00 0.000000000000000000e+00 0.000000000000000000e+00 4.882871449986405039e-10 2.550070225993516329e-10
8.317829009329230416e+00 2.705336952427553591e-14 1.446010913051332148e-10 0.000000000000000000e+00 0.000000000000000000e+00 1.301916790259512778e-10 0.000000000000000000e+00 0.000000000000000000e+00 0.000000000000000000e+00 0.000000000000000000e+00 4.453235385873344049e-10 2.325850859841291588e-10
8.709840568176032249e+00 2.935864024602815248e-14 1.319201024220792110e-10 0.000000000000000000e+00 0.000000000000000000e+00 1.187459194292792406e-10 0.000000000000000000e+00 0.000000000000000000e+00 0.000000000000000000e+00 0.000000000000000000e+00 4.061408654490415946e-10 2.121347721388684096e-10
9.120327267843492791e+00 2.752140751733720446e-14 1.204078394222568850e-10 0.000000000000000000e+00 0.000000000000000000e+00 1.083030133004745509e-10 0.000000000000000000e+00 0.000000000000000000e+00 0.000000000000000000e+00 0.000000000000000000e+00 3.704055769120570941e-10 1.934846076751410586e-10
9.550159824565964684e+00 2.709251921032449364e-14 1.098981341598888929e-10 0.000000000000000000e+00 0.000000000000000000e+00 9.878075441880508814e-11 0.000000000000000000e+00 0.000000000000000000e+00 0.000000000000000000e+00 0.000000000000000000e+00 3.378147884446238925e-10 1.764764465097195222e-10
1.000024999062554620e+01 2.813576332899105130e-14 1.002840223670168553e-10 0.000000000000000000e+00 0.000000000000000000e+00 9.009678199550558651e-11 0.000000000000000000e+00 0.000000000000000000e+00 0.000000000000000000e+00 0.000000000000000000e+00 3.080913629593451692e-10 1.609624944222226187e-10
1.047155248834291719e+01 2.947484867014766761e-14 9.151545842296398115e-11 0.000000000000000000e+00 0.000000000000000000e+00 8.217772299155530490e-11 0.000000000000000000e+00 0.000000000000000000e+00 0.000000000000000000e+00 0.000000000000000000e+00 2.809832621378571757e-10 1.468145986301552764e-10
1.096506703521533943e+01 3.080292385833765481e-14 8.351500980579305065e-11 0.000000000000000000e+00 0.000000000000000000e+00 7.495528396397849158e-11 0.000000000000000000e+00 0.000000000000000000e+00 0.000000000000000000e+00 0.000000000000000000e+00 2.562601870103088292e-10 1.339106923175014310e-10
1.148184046449759421e+01 2.975077660988462125e-14 7.625841599137238365e-11 0.000000000000000000e+00 0.000000000000000000e+00 6.836664927368461247e-11 0.000000000000000000e+00 0.000000000000000000e+00 0.000000000000000000e+00 0.000000000000000000e+00 2.337135010432799361e-10 1.221446700371985177e-10
1.202296894572384467e+01 3.099770483620953942e-14 6.959913825664744558e-11 0.000000000000000000e+00 0.000000000000000000e+00 6.235921598033479374e-11 0.000000000000000000e+00 0.000000000000000000e+00 0.000000000000000000e+00 0.000000000000000000e+00 2.131499750174328060e-10 1.114114333568696396e-10
1.258960030988072276e+01 3.160376926657415747e-14 6.354040419254274882e-11 0.000000000000000000e+00 0.000000000000000000e+00 5.688013585950272281e-11 0.000000000000000000e+00 0.000000000000000000e+00 0.000000000000000000e+00 0.000000000000000000e+00 1.943959574999543287e-10 1.016238042409453232e-10
1.318293648416360320e+01 3.198934110163741005e-14 5.801387160105416493e-11 0.000000000000000000e+00 0.000000000000000000e+00 5.188247788645133579e-11 0.000000000000000000e+00 0.000000000000000000e+00 0.000000000000000000e+00 0.000000000000000000e+00 1.772921396098352519e-10 9.269694910850297749e-11
1.380423604148067440e+01 3.249741004566889295e-14 5.297312628416379920e-11 0.000000000000000000e+00 0.000000000000000000e+00 4.732610022563773019e-11 0.000000000000000000e+00 0.000000000000000000e+00 0.000000000000000000e+00 0.000000000000000000e+00 1.616930849125122376e-10 8.455574815371187566e-11
1.445481687011284144e+01 3.345391402477054263e-14 4.837077418696895639e-11 0.000000000000000000e+00 0.000000000000000000e+00 4.316922758785872501e-11 0.000000000000000000e+00 0.000000000000000000e+00 0.000000000000000000e+00 0.000000000000000000e+00 1.474669842567573271e-10 7.713090923179669764e-11
1.513605896919212235e+01 3.419978284743958629e-14 4.417045995348388113e-11 0.000000000000000000e+00 0.000000000000000000e+00 3.937904904924660907e-11 0.000000000000000000e+00 0.000000000000000000e+00 0.000000000000000000e+00 0.000000000000000000e+00 1.344924794277510781e-10 7.035870488743626577e-11
1.584940737592843618e+01 3.510332506010662333e-14 4.034209378774053707e-11 0.000000000000000000e+00 0.000000000000000000e+00 3.592201773525178363e-11 0.000000000000000000e+00 0.000000000000000000e+00 0.000000000000000000e+00 0.000000000000000000e+00 1.226596626296629798e-10 6.418311917339304655e-11
1.659637523079382504e+01 3.594816647639772937e-14 3.684794786563124202e-11 0.000000000000000000e+00 0.000000000000000000e+00 3.276928643307100598e-11 0.000000000000000000e+00 0.000000000000000000e+00 0.000000000000000000e+00 0.000000000000000000e+00 1.118677791731850871e-10 5.855049371672330893e-11
1.737854698716593305e+01 3.712444430081485095e-14 3.365336173570631104e-11 0.000000000000000000e+00 0.000000000000000000e+00 2.989451868628190161e-11 0.000000000000000000e+00 0.000000000000000000e+00 0.000000000000000000e+00 0.000000000000000000e+00 1.020257165504281625e-10 5.341316738920730845e-11
1.819758177223910778e+01 3.756249736863817026e-14 3.075300784952406743e-11 0.000000000000000000e+00 0.000000000000000000e+00 2.727179736664526687e-11 0.000000000000000000e+00 0.000000000000000000e+00 0.000000000000000000e+00 0.000000000000000000e+00 9.304973891174536276e-11 4.872855404484301348e-11
1.905521690633197096e+01 3.851483650470999968e-14 2.809675191311533079e-11 0.000000000000000000e+00 0.000000000000000000e+00 2.488054864137200605e-11 0.000000000000000000e+00 0.000000000000000000e+00 0.000000000000000000e+00 0.000000000000000000e+00 8.486333345390481111e-11 4.445548900740135470e-11
1.995327158805684675e+01 3.937496021730149648e-14 2.567547340514175771e-11 0.000000000000000000e+00 0.000000000000000000e+00 2.269965184669351753e-11 0.000000000000000000e+00 0.000000000000000000e+00 0.000000000000000000e+00 0.000000000000000000e+00 7.739762846948079325e-11 4.055863931111909723e-11
2.089365075316769804e+01 4.043390798198533995e-14 2.346254569957955796e-11 0.000000000000000000e+00 0.000000000000000000e+00 2.071108042238707991e-11 0.000000000000000000e+00 0.000000000000000000e+00 0.000000000000000000e+00 0.000000000000000000e+00 7.058859231623342310e-11 3.700450806131539568e-11
2.187834911527197335e+01 4.099220085373103798e-14 2.145336717298651020e-11 0.000000000000000000e+00 0.000000000000000000e+00 1.889683109726616504e-11 0.000000000000000000e+00 0.000000000000000000e+00 0.000000000000000000e+00 0.000000000000000000e+00 6.437872516820754815e-11 3.376348272368972147e-11
2.290945539697756672e+01 4.186956618881847566e-14 1.961267270094609976e-11 0.000000000000000000e+00 0.000000000000000000e+00 1.724266330284699032e-11 0.000000000000000000e+00 0.000000000000000000e+00 0.000000000000000000e+00 0.000000000000000000e+00 5.871542431031687155e-11 3.080730832773373919e-11
2.398915676044964940e+01 4.240868838544699496e-14 1.794013634347240219e-11 0.000000000000000000e+00 0.000000000000000000e+00 1.573352577429531713e-11 0.000000000000000000e+00 0.000000000000000000e+00 0.000000000000000000e+00 0.000000000000000000e+00 5.355036332999959022e-11 2.811143701573434800e-11
2.511974344677568993e+01 4.316690910836827922e-14 1.640888588123995207e-11 0.000000000000000000e+00 0.000000000000000000e+00 1.435781328612251897e-11 0.000000000000000000e+00 0.000000000000000000e+00 0.000000000000000000e+00 0.000000000000000000e+00 4.883969446450541258e-11 2.565251656232411251e-11
2.630361363397931740e+01 4.378842209862746299e-14 1.501460108404463119e-11 0.000000000000000000e+00 0.000000000000000000e+00 1.310281967416303409e-11 0.000000000000000000e+00 0.000000000000000000e+00 0.000000000000000000e+00 0.000000000000000000e+00 4.454390941703543921e-11 2.341015733046496193e-11
2.754327852398788679e+01 4.429679229399758073e-14 1.374482677885015363e-11 0.000000000000000000e+00 0.000000000000000000e+00 1.195857122146913261e-11 0.000000000000000000e+00 0.000000000000000000e+00 0.000000000000000000e+00 0.000000000000000000e+00 4.062579439215000592e-11 2.136513805272645118e-11
2.884136766934421203e+01 4.498554576727459744e-14 1.258210319579882167e-11 0.000000000000000000e+00 0.000000000000000000e+00 1.091480117406362930e-11 0.000000000000000000e+00 0.000000000000000000e+00 0.000000000000000000e+00 0.000000000000000000e+00 3.705264468802968419e-11 1.949995001421645988e-11
3.020063455096109095e+01 4.554528093889608682e-14 1.152299845924063010e-11 0.000000000000000000e+00 0.000000000000000000e+00 9.962540073174999371e-12 0.000000000000000000e+00 0.000000000000000000e+00 0.000000000000000000e+00 0.000000000000000000e+00 3.379390191503798269e-11 1.779886442147710450e-11
3.162396241875041980e+01 4.617201689662890722e-14 1.055445817159727542e-11 0.000000000000000000e+00 0.000000000000000000e+00 9.094564755783315132e-12 0.000000000000000000e+00 0.000000000000000000e+00 0.000000000000000000e+00 0.000000000000000000e+00 3.082196543685305507e-11 1.624740318020827793e-11
3.311437040751560801e+01 4.670247695097683355e-14 9.672631732906071469e-12 0.000000000000000000e+00 0.000000000000000000e+00 8.302757244933457439e-12 0.000000000000000000e+00 0.000000000000000000e+00 0.000000000000000000e+00 0.000000000000000000e+00 2.811152729923494833e-11 1.483254157863945881e-11
3.467501994108030772e+01 4.726804200078139123e-14 8.866018833215201555e-12 0.000000000000000000e+00 0.000000000000000000e+00 7.580816395356798483e-12 0.000000000000000000e+00 0.000000000000000000e+00 0.000000000000000000e+00 0.000000000000000000e+00 2.563958312439297774e-11 1.354207014351682529e-11
3.630922143823793391e+01 4.768156202912908781e-14 8.133173949361728805e-12 0.000000000000000000e+00 0.000000000000000000e+00 6.922193515596141496e-12 0.000000000000000000e+00 0.000000000000000000e+00 0.000000000000000000e+00 0.000000000000000000e+00 2.338523676023673607e-11 1.236524982509736048e-11
3.802044133474613830e+01 4.809250523262160434e-14 7.463674794375828760e-12 0.000000000000000000e+00 0.000000000000000000e+00 6.321560839549412320e-12 0.000000000000000000e+00 0.000000000000000000e+00 0.000000000000000000e+00 0.000000000000000000e+00 2.132933456642711323e-11 1.129197040172373517e-11
3.981230943626162144e+01 4.853302298204916813e-14 6.851046130499437358e-12 0.000000000000000000e+00 0.000000000000000000e+00 5.774084227183557681e-12 0.000000000000000000e+00 0.000000000000000000e+00 0.000000000000000000e+00 0.000000000000000000e+00 1.945432903841058996e-11 1.031306706521288151e-11
4.168862661781172108e+01 4.889655933995801645e-14 6.293750175538268413e-12 0.000000000000000000e+00 0.000000000000000000e+00 5.274561826608316928e-12 0.000000000000000000e+00 0.000000000000000000e+00 0.000000000000000000e+00 0.000000000000000000e+00 1.774437038634162692e-11 9.420388130704576917e-12
4.365337288613498856e+01 4.922710559051503242e-14 5.784835232774313822e-12 0.000000000000000000e+00 0.000000000000000000e+00 4.818990840168233762e-12 0.000000000000000000e+00 0.000000000000000000e+00 0.000000000000000000e+00 0.000000000000000000e+00 1.618492132529294394e-11 8.606226376261319674e-12
4.571071582199255801e+01 4.950262467182474855e-14 5.321154489332339520e-12 0.000000000000000000e+00 0.000000000000000000e+00 4.403521725442638147e-12 0.000000000000000000e+00 0.000000000000000000e+00 0.000000000000000000e+00 0.000000000000000000e+00 1.476264476490316376e-11 7.863703568494355900e-12
4.786501942035751966e+01 4.975771717403896152e-14 4.897013618007079346e-12 0.000000000000000000e+00 0.000000000000000000e+00 4.024903366838609031e-12 0.000000000000000000e+00 0.000000000000000000e+00 0.000000000000000000e+00 0.000000000000000000e+00 1.346564514663728110e-11 7.186505991783837880e-12
5.012085334723456498e+01 4.996539898346866470e-14 4.510066485930375491e-12 0.000000000000000000e+00 0.000000000000000000e+00 3.679347508523636012e-12 0.000000000000000000e+00 0.000000000000000000e+00 0.000000000000000000e+00 0.000000000000000000e+00 1.228268603021388476e-11 6.568837405300519871e-12
5.248300263274455801e+01 5.012087836490830985e-14 4.158508439068435138e-12 0.000000000000000000e+00 0.000000000000000000e+00 3.364192838711597503e-12 0.000000000000000000e+00 0.000000000000000000e+00 0.000000000000000000e+00 0.000000000000000000e+00 1.120397730084589329e-11 6.005652519110700832e-12
5.495647782103555556e+01 5.025186971668735679e-14 3.835819829632143987e-12 0.000000000000000000e+00 0.000000000000000000e+00 3.076910683286667961e-12 0.000000000000000000e+00 0.000000000000000000e+00 0.000000000000000000e+00 0.000000000000000000e+00 1.022018790009380411e-11 5.491920410939648300e-12
5.754652559854947924e+01 5.031022671616378130e-14 3.543957745260330306e-12 0.000000000000000000e+00 0.000000000000000000e+00 2.814757696292653941e-12 0.000000000000000000e+00 0.000000000000000000e+00 0.000000000000000000e+00 0.000000000000000000e+00 9.322926759158864720e-12 5.023501631378791460e-12
6.025863992318909368e+01 5.033871025347137317e-14 3.275330256332958668e-12 0.000000000000000000e+00 0.000000000000000000e+00 2.575870633810305517e-12 0.000000000000000000e+00 0.000000000000000000e+00 0.000000000000000000e+00 0.000000000000000000e+00 8.504631571853030520e-12 4.596171921938622419e-12
6.309857367799257588e+01 5.030660439058865731e-14 3.032121621600702422e-12 0.000000000000000000e+00 0.000000000000000000e+00 2.357990305122352601e-12 0.000000000000000000e+00 0.000000000000000000e+00 0.000000000000000000e+00 0.000000000000000000e+00 7.758369865345883909e-12 4.206558860904102380e-12
6.607235087403454088e+01 5.022405100432925200e-14 2.809534028585226095e-12 0.000000000000000000e+00 0.000000000000000000e+00 2.159319267829848723e-12 0.000000000000000000e+00 0.000000000000000000e+00 0.000000000000000000e+00 0.000000000000000000e+00 7.077711583138181964e-12 3.851157222184383757e-12
6.918627942843887979e+01 5.007727443583384067e-14 2.607336065698241962e-12 0.000000000000000000e+00 0.000000000000000000e+00 1.978151659118720883e-12 0.000000000000000000e+00 0.000000000000000000e+00 0.000000000000000000e+00 0.000000000000000000e+00 6.457000892521942503e-12 3.527076749320721638e-12
7.244696454460721213e+01 4.986968834497006579e-14 2.422921640748125488e-12 0.000000000000000000e+00 0.000000000000000000e+00 1.812974438547383155e-12 0.000000000000000000e+00 0.000000000000000000e+00 0.000000000000000000e+00 0.000000000000000000e+00 5.890875881618963632e-12 3.231483569635365296e-12
7.586132272304500646e+01 4.960408111539899895e-14 2.256023074137915508e-12 0.000000000000000000e+00 0.000000000000000000e+00 1.662435611094329762e-12 0.000000000000000000e+00 0.000000000000000000e+00 0.000000000000000000e+00 0.000000000000000000e+00 5.374580444453567557e-12 2.961972094026245959e-12
7.943659643250535396e+01 4.926754359282432715e-14 2.102787061589960861e-12 0.000000000000000000e+00 0.000000000000000000e+00 1.525219492453622741e-12 0.000000000000000000e+00 0.000000000000000000e+00 0.000000000000000000e+00 0.000000000000000000e+00 4.903650250906080390e-12 2.716086756085370396e-12
8.318036947256955216e+01 4.886491155950003769e-14 1.963722468273746772e-12 0.000000000000000000e+00 0.000000000000000000e+00 1.400149152466255516e-12 0.000000000000000000e+00 0.000000000000000000e+00 0.000000000000000000e+00 0.000000000000000000e+00 4.474123381047623939e-12 2.491840603361535949e-12
8.710058306025237584e+01 4.839386913853461530e-14 1.838030560865028967e-12 0.000000000000000000e+00 0.000000000000000000e+00 1.286216105643448935e-12 0.000000000000000000e+00 0.000000000000000000e+00 0.000000000000000000e+00 0.000000000000000000e+00 4.082343299776865644e-12 2.287342320491658821e-12
9.120555267475383232e+01 4.784865476935368954e-14 1.723865383308836352e-12 0.000000000000000000e+00 0.000000000000000000e+00 1.182429432183701438e-12 0.000000000000000000e+00 0.000000000000000000e+00 0.000000000000000000e+00 0.000000000000000000e+00 3.725002419680169813e-12 2.100817587545537494e-12
9.550398569608826449e+01 4.721147218428928126e-14 1.619339976306639245e-12 0.000000000000000000e+00 0.000000000000000000e+00 1.087987584047777579e-12 0.000000000000000000e+00 0.000000000000000000e+00 0.000000000000000000e+00 0.000000000000000000e+00 3.399074440148126756e-12 1.930636091704492920e-12
1.000049998750062343e+02 4.652538830465431600e-14 1.526350301796909350e-12 0.000000000000000000e+00 0.000000000000000000e+00 1.002019467539915444e-12 0.000000000000000000e+00 0.000000000000000000e+00 0.000000000000000000e+00 0.000000000000000000e+00 3.101752993831187391e-12 1.775475298810618622e-12
1.047181426733861684e+02 4.575075017236772157e-14 1.441645605205731843e-12 0.000000000000000000e+00 0.000000000000000000e+00 9.238835830923648226e-13 0.000000000000000000e+00 0.000000000000000000e+00 0.000000000000000000e+00 0.000000000000000000e+00 2.830545604122394911e-12 1.633898121007423410e-12
1.096534115161207410e+02 4.491176392525722703e-14 1.365680774454045585e-12 0.000000000000000000e+00 0.000000000000000000e+00 8.528972334006015844e-13 0.000000000000000000e+00 0.000000000000000000e+00 0.000000000000000000e+00 0.000000000000000000e+00 2.583133558439700919e-12 1.504745713482218992e-12
1.148212749974560154e+02 4.398383986569452699e-14 1.296806732411597795e-12 0.000000000000000000e+00 0.000000000000000000e+00 7.885530994050506268e-13 0.000000000000000000e+00 0.000000000000000000e+00 0.000000000000000000e+00 0.000000000000000000e+00 2.357435327014351426e-12 1.386873154807182271e-12
1.202326950867661139e+02 4.301641002939178862e-14 1.235842239431312838e-12 0.000000000000000000e+00 0.000000000000000000e+00 7.302866639726413002e-13 0.000000000000000000e+00 0.000000000000000000e+00 0.000000000000000000e+00 0.000000000000000000e+00 2.151520120668927727e-12 1.279334825368752635e-12
1.258991503808641426e+02 4.200242969569499562e-14 1.181639810184038369e-12 0.000000000000000000e+00 0.000000000000000000e+00 6.776472467744058421e-13 0.000000000000000000e+00 0.000000000000000000e+00 0.000000000000000000e+00 0.000000000000000000e+00 1.963670703695771742e-12 1.181180561983886698e-12
1.318326604521743093e+02 4.095837071181339682e-14 1.133794010808704688e-12 0.000000000000000000e+00 0.000000000000000000e+00 6.302527268313918341e-13 0.000000000000000000e+00 0.000000000000000000e+00 0.000000000000000000e+00 0.000000000000000000e+00 1.792298887468101959e-12 1.091573721000863549e-12
1.380458113444099411e+02 3.991807796009591362e-14 1.092037830669623364e-12 0.000000000000000000e+00 0.000000000000000000e+00 5.877622522245317100e-13 0.000000000000000000e+00 0.000000000000000000e+00 0.000000000000000000e+00 0.000000000000000000e+00 1.635948428449815927e-12 1.009747634796541985e-12
1.445517822698399470e+02 3.890196369855226362e-14 1.055853164832919734e-12 0.000000000000000000e+00 0.000000000000000000e+00 5.499168899320984736e-13 0.000000000000000000e+00 0.000000000000000000e+00 0.000000000000000000e+00 0.000000000000000000e+00 1.493316612284677380e-12 9.349924625538946188e-13
1.513643735647713129e+02 3.797942873651600978e-14 1.025633934455816204e-12 0.000000000000000000e+00 0.000000000000000000e+00 5.164684277790638397e-13 0.000000000000000000e+00 0.000000000000000000e+00 0.000000000000000000e+00 0.000000000000000000e+00 1.363188152092439301e-12 8.666830482084342725e-13
1.584980359625488120e+02 3.718020106843519260e-14 1.000692621622378767e-12 0.000000000000000000e+00 0.000000000000000000e+00 4.872365225557431520e-13 0.000000000000000000e+00 0.000000000000000000e+00 0.000000000000000000e+00 0.000000000000000000e+00 1.244475564722511953e-12 8.041995646739391932e-13
1.659679012461640184e+02 3.664121869027117456e-14 9.819027032792303413e-13 0.000000000000000000e+00 0.000000000000000000e+00 4.620833770041749323e-13 0.000000000000000000e+00 0.000000000000000000e+00 0.000000000000000000e+00 0.000000000000000000e+00 1.136177282179878193e-12 7.470535657060739701e-13
1.737898143454918340e+02 3.635932423110933343e-14 9.679903820957287808e-13 0.000000000000000000e+00 0.000000000000000000e+00 4.411701981767756302e-13 0.000000000000000000e+00 0.000000000000000000e+00 0.000000000000000000e+00 0.000000000000000000e+00 1.037383784572719423e-12 6.946634754244239057e-13
1.819803669472416630e+02 3.651262885856492047e-14 9.600468886955489732e-13 0.000000000000000000e+00 0.000000000000000000e+00 4.243738217033667610e-13 0.000000000000000000e+00 0.000000000000000000e+00 0.000000000000000000e+00 0.000000000000000000e+00 9.472796037359050443e-13 6.466266966648600301e-13
1.905569326889140314e+02 3.721690121571834456e-14 9.581067699305008315e-13 0.000000000000000000e+00 0.000000000000000000e+00 4.119792815258807049e-13 0.000000000000000000e+00 0.000000000000000000e+00 0.000000000000000000e+00 0.000000000000000000e+00 8.651107017859644655e-13 6.025073664651586426e-13
1.995377040114145757e+02 3.859880528115121452e-14 9.625257560567179338e-13 0.000000000000000000e+00 0.000000000000000000e+00 4.042172384149465646e-13 0.000000000000000000e+00 0.000000000000000000e+00 0.000000000000000000e+00 0.000000000000000000e+00 7.901933224459094035e-13 5.618872808670691831e-13
2.089417307484988271e+02 4.080073008080950523e-14 9.738386950967985417e-13 0.000000000000000000e+00 0.000000000000000000e+00 4.016290313180911637e-13 0.000000000000000000e+00 0.000000000000000000e+00 0.000000000000000000e+00 0.000000000000000000e+00 7.219077911866025614e-13 5.243915445390612710e-13
2.187889605349009798e+02 4.401211241543349400e-14 9.930527113359511383e-13 0.000000000000000000e+00 0.000000000000000000e+00 4.049040953892673112e-13 0.000000000000000000e+00 0.000000000000000000e+00 0.000000000000000000e+00 0.000000000000000000e+00 6.596858848392656567e-13 4.897107839418781428e-13
2.291002811188612895e+02 4.831039447931606042e-14 1.021101625721510804e-12 0.000000000000000000e+00 0.000000000000000000e+00 4.149629416702299073e-13 0.000000000000000000e+00 0.000000000000000000e+00 0.000000000000000000e+00 0.000000000000000000e+00 6.030165903083543529e-13 4.574834171720801185e-13
2.398975646688014933e+02 5.377940173891601308e-14 1.059285584152271319e-12 0.000000000000000000e+00 0.000000000000000000e+00 4.332823467066894847e-13 0.000000000000000000e+00 0.000000000000000000e+00 0.000000000000000000e+00 0.000000000000000000e+00 5.514228583918165992e-13 4.274209217555472106e-13
2.512037141681347236e+02 6.037308704416502030e-14 1.108460752830553626e-12 0.000000000000000000e+00 0.000000000000000000e+00 4.615531584267551571e-13 0.000000000000000000e+00 0.000000000000000000e+00 0.000000000000000000e+00 0.000000000000000000e+00 5.044714846625566564e-13 3.992487794944762555e-13
2.630427119966196869e+02 6.787879933607480662e-14 1.169591001081099857e-12 0.000000000000000000e+00 0.000000000000000000e+00 5.021464459224958748e-13 0.000000000000000000e+00 0.000000000000000000e+00 0.000000000000000000e+00 0.000000000000000000e+00 4.617660017650444671e-13 3.726978855041349159e-13
2.754396708013068178e+02 7.590429561420611645e-14 1.241989382248679315e-12 0.000000000000000000e+00 0.000000000000000000e+00 5.568473180229525311e-13 0.000000000000000000e+00 0.000000000000000000e+00 0.000000000000000000e+00 0.000000000000000000e+00 4.229418168880868737e-13 3.475474416017857029e-13
2.884208867649872445e+02 8.377719499458107220e-14 1.321992831439797483e-12 0.000000000000000000e+00 0.000000000000000000e+00 6.269705439278812064e-13 0.000000000000000000e+00 0.000000000000000000e+00 0.000000000000000000e+00 0.000000000000000000e+00 3.876724148346343612e-13 3.236068069771805607e-13
3.020138953851341626e+02 9.063242244943510496e-14 1.399750607971082060e-12 0.000000000000000000e+00 0.000000000000000000e+00 7.098023898370072017e-13 0.000000000000000000e+00 0.000000000000000000e+00 0.000000000000000000e+00 0.000000000000000000e+00 3.556402485926636937e-13 3.007388580799614455e-13
3.162475298816517011e+02 9.551133682874201516e-14 1.458773861730167138e-12 0.000000000000000000e+00 0.000000000000000000e+00 7.968133940448249162e-13 0.000000000000000000e+00 0.000000000000000000e+00 0.000000000000000000e+00 0.000000000000000000e+00 3.265545959811412135e-13 2.788534734213798271e-13
3.311519823573290182e+02 9.756700648166366703e-14 1.476205277531448663e-12 0.000000000000000000e+00 0.000000000000000000e+00 8.705776377951923683e-13 0.000000000000000000e+00 0.000000000000000000e+00 0.000000000000000000e+00 0.000000000000000000e+00 3.001414145125522195e-13 2.579484239115665544e-13
3.467588678407289535e+02 9.628807908207894300e-14 1.432451401189899534e-12 0.000000000000000000e+00 0.000000000000000000e+00 9.095381389601405047e-13 0.000000000000000000e+00 0.000000000000000000e+00 0.000000000000000000e+00 0.000000000000000000e+00 2.761382334061735562e-13 2.380770101092567072e-13
3.631012913473597905e+02 9.168577089368540147e-14 1.324838829129074951e-12 0.000000000000000000e+00 0.000000000000000000e+00 8.978282559499157216e-13 0.000000000000000000e+00 0.000000000000000000e+00 0.000000000000000000e+00 0.000000000000000000e+00 2.542903840992246174e-13 2.193281736548350075e-13
3.802139181013744178e+02 8.433759212116713062e-14 1.173250361894202163e-12 0.000000000000000000e+00 0.000000000000000000e+00 8.373592954515654244e-13 0.000000000000000000e+00 0.000000000000000000e+00 0.000000000000000000e+00 0.000000000000000000e+00 2.343516066905193916e-13 2.017397220777252848e-13
3.981330470667566601e+02 7.518596150716225512e-14 1.009216487149112859e-12 0.000000000000000000e+00 0.000000000000000000e+00 7.456051857170082913e-13 0.000000000000000000e+00 0.000000000000000000e+00 0.000000000000000000e+00 0.000000000000000000e+00 2.160936843284368577e-13 1.853275705573835689e-13
4.168966879439635704e+02 6.528125772406705887e-14 8.585081906155778047e-13 0.000000000000000000e+00 0.000000000000000000e+00 6.437645231199200096e-13 0.000000000000000000e+00 0.000000000000000000e+00 0.000000000000000000e+00 0.000000000000000000e+00 1.993241272404680515e-13 1.700911477806207666e-13
4.365446417953451146e+02 5.558515100027376807e-14 7.345740927775187409e-13 0.000000000000000000e+00 0.000000000000000000e+00 5.475149587666052181e-13 0.000000000000000000e+00 0.000000000000000000e+00 0.000000000000000000e+00 0.000000000000000000e+00 1.839014861619889155e-13 1.560553702785650685e-13
4.571185854703683162e+02 4.680235645985117839e-14 6.404007642636414710e-13 0.000000000000000000e+00 0.000000000000000000e+00 4.652220258276237565e-13 0.000000000000000000e+00 0.000000000000000000e+00 0.000000000000000000e+00 0.000000000000000000e+00 1.697339499790511188e-13 1.432454547997541717e-13
4.786621600097219016e+02 3.938333382518571386e-14 5.733671636461269844e-13 0.000000000000000000e+00 0.000000000000000000e+00 3.996230528253132447e-13 0.000000000000000000e+00 0.000000000000000000e+00 0.000000000000000000e+00 0.000000000000000000e+00 1.567594492254968086e-13 1.316789628184020148e-13
5.012210632158268595e+02 3.357351516102176477e-14 5.287798623888965938e-13 0.000000000000000000e+00 0.000000000000000000e+00 3.509663290234114138e-13 0.000000000000000000e+00 0.000000000000000000e+00 0.000000000000000000e+00 0.000000000000000000e+00 1.449228991367626485e-13 1.213373124666873299e-13
5.248431465861045808e+02 2.947292323156312344e-14 5.023148854310233801e-13 0.000000000000000000e+00 0.000000000000000000e+00 3.185518983859921802e-13 0.000000000000000000e+00 0.000000000000000000e+00 0.000000000000000000e+00 0.000000000000000000e+00 1.341661677957609895e-13 1.121680550000037928e-13
5.495785168146238675e+02 2.702237461201168809e-14 4.897695493556631432e-13 0.000000000000000000e+00 0.000000000000000000e+00 3.013964350783258352e-13 0.000000000000000000e+00 0.000000000000000000e+00 0.000000000000000000e+00 0.000000000000000000e+00 1.244292891435530972e-13 1.040671064991611873e-13
5.754796420774272292e+02 2.597466545570515539e-14 4.867844611789516904e-13 0.000000000000000000e+00 0.000000000000000000e+00 2.980726616900809094e-13 0.000000000000000000e+00 0.000000000000000000e+00 0.000000000000000000e+00 0.000000000000000000e+00 1.156471493599109536e-13 9.687670393455414279e-14
6.026014633269801379e+02 2.585544861812716725e-14 4.874566598115600326e-13 0.000000000000000000e+00 0.000000000000000000e+00 3.054654722737632263e-13 0.000000000000000000e+00 0.000000000000000000e+00 0.000000000000000000e+00 0.000000000000000000e+00 1.077377698826114146e-13 9.041094623449673897e-14
6.310015108318302737e+02 2.598054541040138952e-14 4.833064534840371388e-13 0.000000000000000000e+00 0.000000000000000000e+00 3.172693755308766945e-13 0.000000000000000000e+00 0.000000000000000000e+00 0.000000000000000000e+00 0.000000000000000000e+00 1.005953996509330790e-13 8.447079249325979381e-14
6.607400262086716793e+02 2.558406484097685923e-14 4.637734769443015993e-13 0.000000000000000000e+00 0.000000000000000000e+00 3.228737896124411476e-13 0.000000000000000000e+00 0.000000000000000000e+00 0.000000000000000000e+00 0.000000000000000000e+00 9.409431020257695606e-14 7.889656972113040858e-14
6.918800902056626683e+02 2.410815285713799583e-14 4.237834932893649425e-13 0.000000000000000000e+00 0.000000000000000000e+00 3.123143589438633585e-13 0.000000000000000000e+00 0.000000000000000000e+00 0.000000000000000000e+00 0.000000000000000000e+00 8.810974710727610049e-14 7.359237616152293703e-14
7.244877565080579416e+02 2.150596835786373447e-14 3.708092169077200061e-13 0.000000000000000000e+00 0.000000000000000000e+00 2.844242055127539417e-13 0.000000000000000000e+00 0.000000000000000000e+00 0.000000000000000000e+00 0.000000000000000000e+00 8.255832370700037628e-14 6.852029711883785453e-14
7.586321918499722869e+02 1.823695326273492323e-14 3.193754203335389633e-13 0.000000000000000000e+00 0.000000000000000000e+00 2.472952295658022027e-13 0.000000000000000000e+00 0.000000000000000000e+00 0.000000000000000000e+00 0.000000000000000000e+00 7.742231606813357493e-14 6.370745329031021487e-14
7.943858227294870176e+02 1.501137573361248809e-14 2.802327738576895193e-13 0.000000000000000000e+00 0.000000000000000000e+00 2.107245756509043803e-13 0.000000000000000000e+00 0.000000000000000000e+00 0.000000000000000000e+00 0.000000000000000000e+00 7.272152365997091800e-14 5.924231836579560420e-14
8.318244890382935637e+02 1.246904966708692778e-14 2.558605745228971881e-13 0.000000000000000000e+00 0.000000000000000000e+00 1.812707802885022153e-13 0.000000000000000000e+00 0.000000000000000000e+00 0.000000000000000000e+00 0.000000000000000000e+00 6.847164293251109250e-14 5.524439972937801924e-14
8.710276049317684510e+02 1.094736404921063080e-14 2.419997654092816004e-13 0.000000000000000000e+00 0.000000000000000000e+00 1.624781888774154047e-13 0.000000000000000000e+00 0.000000000000000000e+00 0.000000000000000000e+00 0.000000000000000000e+00 6.467997549865795504e-14 5.177507843931028695e-14
9.120783272807046842e+02 1.034800500777795791e-14 2.322479317244209103e-13 0.000000000000000000e+00 0.000000000000000000e+00 1.547037258828655003e-13 0.000000000000000000e+00 0.000000000000000000e+00 0.000000000000000000e+00 0.000000000000000000e+00 6.133379317151902984e-14 4.878899077782560418e-14
9.550637320620094215e+02 1.014515580814303497e-14 2.202081434351236494e-13 0.000000000000000000e+00 0.000000000000000000e+00 1.534563332590067712e-13 0.000000000000000000e+00 0.000000000000000000e+00 0.000000000000000000e+00 0.000000000000000000e+00 5.836443057020606857e-14 4.612573383254084633e-14
1.000074999062538950e+03 9.655361161989138569e-15 2.010080242547084401e-13 0.000000000000000000e+00 0.000000000000000000e+00 1.503145152192658641e-13 0.000000000000000000e+00 0.000000000000000000e+00 0.000000000000000000e+00 0.000000000000000000e+00 5.565666260748972406e-14 4.358896086657068876e-14
1.047207605287854676e+03 8.483972530292310852e-15 1.754283538315215974e-13 0.000000000000000000e+00 0.000000000000000000e+00 1.389514325129883942e-13 0.000000000000000000e+00 0.000000000000000000e+00 0.000000000000000000e+00 0.000000000000000000e+00 5.310769952929257125e-14 4.105694675962372409e-14
1.096561527486145678e+03 6.853113930609200129e-15 1.513552334901483024e-13 0.000000000000000000e+00 0.000000000000000000e+00 1.214043860378069838e-13 0.000000000000000000e+00 0.000000000000000000e+00 0.000000000000000000e+00 0.000000000000000000e+00 5.069652520778350943e-14 3.854718109522071770e-14
1.148241454216924012e+03 5.402091925296637570e-15 1.359236817858408709e-13 0.000000000000000000e+00 0.000000000000000000e+00 1.040972321712241394e-13 0.000000000000000000e+00 0.000000000000000000e+00 0.000000000000000000e+00 0.000000000000000000e+00 4.847466543570375001e-14 3.621371848649303578e-14
1.202357007914316910e+03 4.628432109647035003e-15 1.273036621789557165e-13 0.000000000000000000e+00 0.000000000000000000e+00 9.257887138838059919e-14 0.000000000000000000e+00 0.000000000000000000e+00 0.000000000000000000e+00 0.000000000000000000e+00 4.649880855045366977e-14 3.420297884844790718e-14
1.259022977416000913e+03 4.434622311226519203e-15 1.189018111782645019e-13 0.000000000000000000e+00 0.000000000000000000e+00 8.830156296407849539e-14 0.000000000000000000e+00 0.000000000000000000e+00 0.000000000000000000e+00 0.000000000000000000e+00 4.477677635393785569e-14 3.249142066976794276e-14
1.318359561450997035e+03 4.242869561522251809e-15 1.076977329319706005e-13 0.000000000000000000e+00 0.000000000000000000e+00 8.541589126472206005e-14 0.000000000000000000e+00 0.000000000000000000e+00 0.000000000000000000e+00 0.000000000000000000e+00 4.323323899571644090e-14 3.088589258596821176e-14
1.380492623602831372e+03 3.642572374354122411e-15 9.485262858280253671e-14 0.000000000000000000e+00 0.000000000000000000e+00 7.817806537698401983e-14 0.000000000000000000e+00 0.000000000000000000e+00 0.000000000000000000e+00 0.000000000000000000e+00 4.178435570908572875e-14 2.922024396736104508e-14
1.445553959288872875e+03 2.855797247373654147e-15 8.552753140593961672e-14 0.000000000000000000e+00 0.000000000000000000e+00 6.815451271520589692e-14 0.000000000000000000e+00 0.000000000000000000e+00 0.000000000000000000e+00 0.000000000000000000e+00 4.041641596018240482e-14 2.755862855093831589e-14
1.513681575322146045e+03 2.360634933780809319e-15 8.260737554836581635e-14 0.000000000000000000e+00 0.000000000000000000e+00 5.918063917942266279e-14 0.000000000000000000e+00 0.000000000000000000e+00 0.000000000000000000e+00 0.000000000000000000e+00 3.916096455721433374e-14 2.611204461040956529e-14
1.585019982648646192e+03 2.195655552581661577e-15 7.727761391640589956e-14 0.000000000000000000e+00 0.000000000000000000e+00 5.559329267097762119e-14 0.000000000000000000e+00 0.000000000000000000e+00 0.000000000000000000e+00 0.000000000000000000e+00 3.803502451391649491e-14 2.492941034415510046e-14
1.659720502881093125e+03 1.886310665568787208e-15 6.712542129804035692e-14 0.000000000000000000e+00 0.000000000000000000e+00 5.359774296556383849e-14 0.000000000000000000e+00 0.000000000000000000e+00 0.000000000000000000e+00 0.000000000000000000e+00 3.698336993939378849e-14 2.378710760197390880e-14
1.737941589279320169e+03 1.340692990826278504e-15 5.878991170471054219e-14 0.000000000000000000e+00 0.000000000000000000e+00 4.819678951824916075e-14 0.000000000000000000e+00 0.000000000000000000e+00 0.000000000000000000e+00 0.000000000000000000e+00 3.594238203304340459e-14 2.254412588674411675e-14
1.819849162858188720e+03 9.603197330925878172e-16 5.678279923511977174e-14 0.000000000000000000e+00 0.000000000000000000e+00 4.214745379628291885e-14 0.000000000000000000e+00 0.000000000000000000e+00 0.000000000000000000e+00 0.000000000000000000e+00 3.489798782809579006e-14 2.137733830991289467e-14
1.905616964335945568e+03 8.209743057237226098e-16 5.345332271130355017e-14 0.000000000000000000e+00 0.000000000000000000e+00 3.919673911977312336e-14 0.000000000000000000e+00 0.000000000000000000e+00 0.000000000000000000e+00 0.000000000000000000e+00 3.386585031631570501e-14 2.042132172333980828e-14
1.995426922669591704e+03 6.004756013719399990e-16 4.791499139968385468e-14 0.000000000000000000e+00 0.000000000000000000e+00 3.702610358798650238e-14 0.000000000000000000e+00 0.000000000000000000e+00 0.000000000000000000e+00 0.000000000000000000e+00 3.284981050307289675e-14 1.948648253666918294e-14
2.089469540958960806e+03 4.685361984950338554e-16 4.666689407011728523e-14 0.000000000000000000e+00 0.000000000000000000e+00 3.401903945037398711e-14 0.000000000000000000e+00 0.000000000000000000e+00 0.000000000000000000e+00 0.000000000000000000e+00 3.182422824544655399e-14 1.854824212042237333e-14
2.187944300538116295e+03 4.961724317690646483e-16 5.098793404624002728e-14 0.000000000000000000e+00 0.000000000000000000e+00 3.079178223857201816e-14 0.000000000000000000e+00 0.000000000000000000e+00 0.000000000000000000e+00 0.000000000000000000e+00 3.076292458000034089e-14 1.784806555231202563e-14
2.291060084111202286e+03 1.847595079630760523e-16 4.477015676284124815e-14 0.000000000000000000e+00 0.000000000000000000e+00 3.160550758303928695e-14 0.000000000000000000e+00 0.000000000000000000e+00 0.000000000000000000e+00 0.000000000000000000e+00 2.968265549305736557e-14 1.729316633844413200e-14
2.399035618830273506e+03 -1.676206866820971556e-16 4.429300104803777546e-14 0.000000000000000000e+00 0.000000000000000000e+00 2.936165244789529831e-14 0.000000000000000000e+00 0.000000000000000000e+00 0.000000000000000000e+00 0.000000000000000000e+00 2.861482132810858801e-14 1.670046799403241728e-14
2.512099940254994181e+03 -1.657777022862890003e-16 5.047526710606654862e-14 0.000000000000000000e+00 0.000000000000000000e+00 2.791453517447398072e-14 0.000000000000000000e+00 0.000000000000000000e+00 0.000000000000000000e+00 0.000000000000000000e+00 2.754556763960177322e-14 1.621356950320779459e-14
2.630492878178314186e+03 -3.447802721519854859e-16 5.487798725551505582e-14 0.000000000000000000e+00 0.000000000000000000e+00 2.668901529149144884e-14 0.000000000000000000e+00 0.000000000000000000e+00 0.000000000000000000e+00 0.000000000000000000e+00 2.649685789148474981e-14 1.573430656693171812e-14
2.754465565348672044e+03 -2.301166782227477909e-16 5.245891332163709275e-14 0.000000000000000000e+00 0.000000000000000000e+00 2.802287409213983429e-14 0.000000000000000000e+00 0.000000000000000000e+00 0.000000000000000000e+00 0.000000000000000000e+00 2.553228810221476262e-14 1.540388812824686221e-14
2.884280970167778378e+03 -1.513641086615393400e-16 4.684630861319544599e-14 0.000000000000000000e+00 0.000000000000000000e+00 2.969592776152490929e-14 0.000000000000000000e+00 0.000000000000000000e+00 0.000000000000000000e+00 0.000000000000000000e+00 2.464941106548306266e-14 1.515769586543299561e-14
3.020214454493972880e+03 -3.179725164784829198e-16 4.428096720749124195e-14 0.000000000000000000e+00 0.000000000000000000e+00 2.813049394994516802e-14 0.000000000000000000e+00 0.000000000000000000e+00 0.000000000000000000e+00 0.000000000000000000e+00 2.388991304885849732e-14 1.469823812059638982e-14
3.162554357734339192e+03 -2.931523194581190366e-16 3.926047528540786020e-14 0.000000000000000000e+00 0.000000000000000000e+00 2.784202575249164646e-14 0.000000000000000000e+00 0.000000000000000000e+00 0.000000000000000000e+00 0.000000000000000000e+00 2.332081515389461127e-14 1.437422555983644318e-14
3.311602608464510467e+03 -4.353070863950392259e-16 3.418265762555969958e-14 0.000000000000000000e+00 0.000000000000000000e+00 2.922457119537276092e-14 0.000000000000000000e+00 0.000000000000000000e+00 0.000000000000000000e+00 0.000000000000000000e+00 2.292782615337786608e-14 1.445103200141126397e-14
3.467675364873574836e+03 1.011556161646889346e-16 3.426901092177028918e-14 0.000000000000000000e+00 0.000000000000000000e+00 3.774391473363637025e-14 0.000000000000000000e+00 0.000000000000000000e+00 0.000000000000000000e+00 0.000000000000000000e+00 2.285494700079581955e-14 1.494895768287368170e-14
3.631103685392558418e+03 2.527857375356839652e-16 4.300266888037644333e-14 0.000000000000000000e+00 0.000000000000000000e+00 3.850860538495570628e-14 0.000000000000000000e+00 0.000000000000000000e+00 0.000000000000000000e+00 0.000000000000000000e+00 2.308027912311993045e-14 1.560235752640819740e-14
3.802234230928971556e+03 9.630307270717423376e-17 3.990258845970876211e-14 0.000000000000000000e+00 0.000000000000000000e+00 4.337187635467713155e-14 0.000000000000000000e+00 0.000000000000000000e+00 0.000000000000000000e+00 0.000000000000000000e+00 2.377687510983872214e-14 1.659098659398482599e-14
3.981430000197057325e+03 6.782494511384628846e-16 5.321230525472920331e-14 0.000000000000000000e+00 0.000000000000000000e+00 5.419068098572490978e-14 0.000000000000000000e+00 0.000000000000000000e+00 0.000000000000000000e+00 0.000000000000000000e+00 2.489001020436926379e-14 1.784550496545328112e-14
4.169071099703442997e+03 1.045996319744859614e-15 5.143917675189730946e-14 0.000000000000000000e+00 0.000000000000000000e+00 6.312997922856020628e-14 0.000000000000000000e+00 0.000000000000000000e+00 0.000000000000000000e+00 0.000000000000000000e+00 2.677595403489778653e-14 1.953319490106975741e-14
4.365555550021532326e+03 1.311504341023732327e-15 6.963943596344723476e-14 0.000000000000000000e+00 0.000000000000000000e+00 6.564512576303650567e-14 0.000000000000000000e+00 0.000000000000000000e+00 0.000000000000000000e+00 0.000000000000000000e+00 2.895126860363580729e-14 2.106893499782509910e-14
4.571300130064813857e+03 1.515497381472629516e-15 6.307553896145827209e-14 0.000000000000000000e+00 0.000000000000000000e+00 6.098297108175487868e-14 0.000000000000000000e+00 0.000000000000000000e+00 0.000000000000000000e+00 0.000000000000000000e+00 3.110103865383517237e-14 2.197096061656500049e-14
4.786741261150024911e+03 1.807115746279849159e-15 6.171735468342300400e-14 0.000000000000000000e+00 0.000000000000000000e+00 5.645777514618245419e-14 0.000000000000000000e+00 0.000000000000000000e+00 0.000000000000000000e+00 0.000000000000000000e+00 3.249218897929063983e-14 2.226939359273939809e-14
5.012335932725398379e+03 1.860564031790267038e-15 6.389986296360038367e-14 0.000000000000000000e+00 0.000000000000000000e+00 5.158510907088307254e-14 0.000000000000000000e+00 0.000000000000000000e+00 0.000000000000000000e+00 0.000000000000000000e+00 3.303111101737961020e-14 2.191222969839713004e-14
5.248562671727574525e+03 2.097291205371864285e-15 6.256721980703643170e-14 0.000000000000000000e+00 0.000000000000000000e+00 4.945892933681905894e-14 0.000000000000000000e+00 0.000000000000000000e+00 0.000000000000000000e+00 0.000000000000000000e+00 3.389310258845589588e-14 2.203715490471740188e-14
5.495922557623443936e+03 2.443439171249556337e-15 6.344428520350861725e-14 0.000000000000000000e+00 0.000000000000000000e+00 5.108113993957771487e-14 0.000000000000000000e+00 0.000000000000000000e+00 0.000000000000000000e+00 0.000000000000000000e+00 3.705358128322557282e-14 2.398801283086666483e-14
5.754940285289983876e+03 2.439450732615729144e-15 5.428439112033658636e-14 0.000000000000000000e+00 0.000000000000000000e+00 6.035680189722980388e-14 0.000000000000000000e+00 0.000000000000000000e+00 0.000000000000000000e+00 0.000000000000000000e+00 4.515825668917159831e-14 2.893169750322313104e-14
6.026165277986574438e+03 3.132471832705592104e-16 7.613333513672059989e-14 0.000000000000000000e+00 0.000000000000000000e+00 7.351094902555083246e-14 0.000000000000000000e+00 0.000000000000000000e+00 0.000000000000000000e+00 0.000000000000000000e+00 6.263939449347041881e-14 3.869649866365707496e-14
6.310172852780722678e+03 3.449502301765620810e-16 1.035310125097646646e-13 0.000000000000000000e+00 0.000000000000000000e+00 9.832260443648645994e-14 0.000000000000000000e+00 0.000000000000000000e+00 0.000000000000000000e+00 0.000000000000000000e+00 9.790026976196766524e-14 5.753818361501903978e-14
6.607565440899192254e+03 4.445577573389070885e-16 1.742936683718978624e-13 0.000000000000000000e+00 0.000000000000000000e+00 1.556646997147706685e-13 0.000000000000000000e+00 0.000000000000000000e+00 0.000000000000000000e+00 0.000000000000000000e+00 1.726582371661841913e-13 9.561985213394826806e-14
6.918973865593180562e+03 6.085976116798917275e-16 3.038301647776729892e-13 0.000000000000000000e+00 0.000000000000000000e+00 2.760017175976897145e-13 0.000000000000000000e+00 0.000000000000000000e+00 0.000000000000000000e+00 0.000000000000000000e+00 3.471508762824745141e-13 1.805177789894986074e-13
7.245058680228029516e+03 9.670387613961268762e-16 6.445738725759706049e-13 0.000000000000000000e+00 0.000000000000000000e+00 5.450773181895625198e-13 0.000000000000000000e+00 0.000000000000000000e+00 0.000000000000000000e+00 0.000000000000000000e+00 8.028989662936953017e-13 3.856475603782625781e-13
7.586511569435923775e+03 1.725678805894822563e-15 1.772150336918708386e-12 0.000000000000000000e+00 0.000000000000000000e+00 1.262490325552191720e-12 0.000000000000000000e+00 0.000000000000000000e+00 0.000000000000000000e+00 0.000000000000000000e+00 2.350803754718288079e-12 9.994273847426489840e-13
7.944056816303618689e+03 4.781678163477273197e-15 3.923526441842950477e-11 0.000000000000000000e+00 0.000000000000000000e+00 3.753964330557660093e-12 0.000000000000000000e+00 0.000000000000000000e+00 0.000000000000000000e+00 0.000000000000000000e+00 9.687735666542222028e-12 3.236663420518961907e-12
8.318452838707295086e+03 1.059851949153962791e-14 4.001965867206487282e-01 0.000000000000000000e+00 0.000000000000000000e+00 4.435661898614258803e-12 0.000000000000000000e+00 0.000000000000000000e+00 0.000000000000000000e+00 0.000000000000000000e+00 1.753901857466532921e-11 1.449594535909520181e-11
8.710493798053517821e+03 2.671212610215855650e-14 1.305779051162577531e+00 0.000000000000000000e+00 0.000000000000000000e+00 1.159935267418560290e-11 0.000000000000000000e+00 0.000000000000000000e+00 0.000000000000000000e+00 0.000000000000000000e+00 6.231061572943275919e-11 9.260708528785909359e-11
9.121011283838632153e+03 6.761470764528767134e-14 4.821943674108936762e+00 0.000000000000000000e+00 0.000000000000000000e+00 3.906827212359738351e-11 0.000000000000000000e+00 0.000000000000000000e+00 0.000000000000000000e+00 0.000000000000000000e+00 2.294708999015072551e-10 7.041834641093456526e-10
9.550876077599908967e+03 2.310436923601168054e-13 2.574243822766837297e+01 0.000000000000000000e+00 0.000000000000000000e+00 2.194232930718617918e-10 0.000000000000000000e+00 0.000000000000000000e+00 0.000000000000000000e+00 0.000000000000000000e+00 1.925434123018740420e-09 7.630448795087516908e-09
1.000099999999999818e+04 0.000000000000000000e+00 0.000000000000000000e+00 0.000000000000000000e+00 0.000000000000000000e+00 0.000000000000000000e+00 0.000000000000000000e+00 0.000000000000000000e+00 0.000000000000000000e+00 0.000000000000000000e+00 0.000000000000000000e+00 0.000000000000000000e+00
