1.000000000000000000e+00 -2.632061690750180012e-09 1.146962320876930742e-08 1.917518530237974815e-08 0.000000000000000000e+00 0.000000000000000000e+00 0.000000000000000000e+00 0.000000000000000000e+00 0.000000000000000000e+00 0.000000000000000000e+00 0.000000000000000000e+00 7.324897483557003182e-08
1.043506801891150637e+00 -2.418694108746194324e-09 1.052270107935660271e-08 1.761274952350672750e-08 0.000000000000000000e+00 0.000000000000000000e+00 0.000000000000000000e+00 0.000000000000000000e+00 0.000000000000000000e+00 0.000000000000000000e+00 0.000000000000000000e+00 6.727994003608274163e-08
1.088906445593096795e+00 -2.221658002356706368e-09 9.660437474772755505e-09 1.617578190598764316e-08 0.000000000000000000e+00 0.000000000000000000e+00 0.000000000000000000e+00 0.000000000000000000e+00 0.000000000000000000e+00 0.000000000000000000e+00 0.000000000000000000e+00 6.179063543703096371e-08
1.136281282599512554e+00 -2.040590465011947161e-09 8.869354690570043857e-09 1.485591896038191140e-08 0.000000000000000000e+00 0.000000000000000000e+00 0.000000000000000000e+00 0.000000000000000000e+00 0.000000000000000000e+00 0.000000000000000000e+00 0.000000000000000000e+00 5.674872164908615956e-08
1.185717247254192142e+00 -1.874201303051432472e-09 8.143560806622449960e-09 1.364360460314026808e-08 0.000000000000000000e+00 0.000000000000000000e+00 0.000000000000000000e+00 0.000000000000000000e+00 0.000000000000000000e+00 0.000000000000000000e+00 0.000000000000000000e+00 5.211767839926268490e-08
1.237304012629400596e+00 -1.721149104372418525e-09 7.478778156710421579e-09 1.252971434190902826e-08 0.000000000000000000e+00 0.000000000000000000e+00 0.000000000000000000e+00 0.000000000000000000e+00 0.000000000000000000e+00 0.000000000000000000e+00 0.000000000000000000e+00 4.786281604215666179e-08
1.291135153185993367e+00 -1.580742316063584423e-09 6.867195377957177513e-09 1.150709879992145603e-08 0.000000000000000000e+00 0.000000000000000000e+00 0.000000000000000000e+00 0.000000000000000000e+00 0.000000000000000000e+00 0.000000000000000000e+00 0.000000000000000000e+00 4.395645441554758018e-08
1.347308314510356819e+00 -1.451653752512022826e-09 6.306605150742443099e-09 1.056761966612038472e-08 0.000000000000000000e+00 0.000000000000000000e+00 0.000000000000000000e+00 0.000000000000000000e+00 0.000000000000000000e+00 0.000000000000000000e+00 0.000000000000000000e+00 4.036782459482245973e-08
1.405925390436058908e+00 -1.333185479746199637e-09 5.791183600665685347e-09 9.705035383912863649e-09 0.000000000000000000e+00 0.000000000000000000e+00 0.000000000000000000e+00 0.000000000000000000e+00 0.000000000000000000e+00 0.000000000000000000e+00 0.000000000000000000e+00 3.707279278116664987e-08
1.467092707871498813e+00 -1.224312685691631717e-09 5.318429663072754645e-09 8.912669249301457309e-09 0.000000000000000000e+00 0.000000000000000000e+00 0.000000000000000000e+00 0.000000000000000000e+00 0.000000000000000000e+00 0.000000000000000000e+00 0.000000000000000000e+00 3.404610446905563765e-08
1.530921219668815780e+00 -1.124331373036725702e-09 4.884264163835387279e-09 8.184987522063502123e-09 0.000000000000000000e+00 0.000000000000000000e+00 0.000000000000000000e+00 0.000000000000000000e+00 0.000000000000000000e+00 0.000000000000000000e+00 0.000000000000000000e+00 3.126648820375266397e-08
1.597526705883905551e+00 -1.032547594809015014e-09 4.485274696819848725e-09 7.516813020451905343e-09 0.000000000000000000e+00 0.000000000000000000e+00 0.000000000000000000e+00 0.000000000000000000e+00 0.000000000000000000e+00 0.000000000000000000e+00 0.000000000000000000e+00 2.871409050216069730e-08
1.667029983792618797e+00 -9.482261324947468135e-10 4.119120860402858304e-09 6.903088842700633232e-09 0.000000000000000000e+00 0.000000000000000000e+00 0.000000000000000000e+00 0.000000000000000000e+00 0.000000000000000000e+00 0.000000000000000000e+00 0.000000000000000000e+00 2.636975975026255960e-08
1.739557127044092155e+00 -8.707909469156756664e-10 3.782854866332672837e-09 6.339468681178072016e-09 0.000000000000000000e+00 0.000000000000000000e+00 0.000000000000000000e+00 0.000000000000000000e+00 0.000000000000000000e+00 0.000000000000000000e+00 0.000000000000000000e+00 2.421680779697982727e-08
1.815239694348738553e+00 -7.996901474356282275e-10 3.473938078750744925e-09 5.821907091979918289e-09 0.000000000000000000e+00 0.000000000000000000e+00 0.000000000000000000e+00 0.000000000000000000e+00 0.000000000000000000e+00 0.000000000000000000e+00 0.000000000000000000e+00 2.223973520239861624e-08
1.894214968115721653e+00 -7.343849425121010786e-10 3.190338159460576952e-09 5.346557720724637481e-09 0.000000000000000000e+00 0.000000000000000000e+00 0.000000000000000000e+00 0.000000000000000000e+00 0.000000000000000000e+00 0.000000000000000000e+00 0.000000000000000000e+00 2.042395068553895783e-08
1.976626203472784393e+00 -6.744127238843244228e-10 2.929887401239455392e-09 4.910017009695054993e-09 0.000000000000000000e+00 0.000000000000000000e+00 0.000000000000000000e+00 0.000000000000000000e+00 0.000000000000000000e+00 0.000000000000000000e+00 0.000000000000000000e+00 1.875640166158531876e-08
2.062622888120131837e+00 -6.195302674378144562e-10 2.689353461389462145e-09 4.509528338491439994e-09 0.000000000000000000e+00 0.000000000000000000e+00 0.000000000000000000e+00 0.000000000000000000e+00 0.000000000000000000e+00 0.000000000000000000e+00 0.000000000000000000e+00 1.722652089414850828e-08
2.152361013489727082e+00 -5.689835269114740029e-10 2.469394047097173358e-09 4.141507146324658718e-09 0.000000000000000000e+00 0.000000000000000000e+00 0.000000000000000000e+00 0.000000000000000000e+00 0.000000000000000000e+00 0.000000000000000000e+00 0.000000000000000000e+00 1.582069956262988911e-08
2.246003357701860548e+00 -5.225457674250048433e-10 2.267520734657982023e-09 3.803491727551848257e-09 0.000000000000000000e+00 0.000000000000000000e+00 0.000000000000000000e+00 0.000000000000000000e+00 0.000000000000000000e+00 0.000000000000000000e+00 0.000000000000000000e+00 1.452953059219277424e-08
2.343719780832254074e+00 -4.798872003690271099e-10 2.082218468065524690e-09 3.493042944225800258e-09 0.000000000000000000e+00 0.000000000000000000e+00 0.000000000000000000e+00 0.000000000000000000e+00 0.000000000000000000e+00 0.000000000000000000e+00 0.000000000000000000e+00 1.334366690605174429e-08
2.445687533025294069e+00 -4.406803062234783320e-10 1.912268425043045620e-09 3.207868728711531299e-09 0.000000000000000000e+00 0.000000000000000000e+00 0.000000000000000000e+00 0.000000000000000000e+00 0.000000000000000000e+00 0.000000000000000000e+00 0.000000000000000000e+00 1.225436838029640235e-08
2.552091576012282204e+00 -4.046957421516001244e-10 1.756053751291462931e-09 2.946013631553198363e-09 0.000000000000000000e+00 0.000000000000000000e+00 0.000000000000000000e+00 0.000000000000000000e+00 0.000000000000000000e+00 0.000000000000000000e+00 0.000000000000000000e+00 1.125412382704561888e-08
2.663124918617922887e+00 -3.716320907567407469e-10 1.612725378234315742e-09 2.705489916871862644e-09 0.000000000000000000e+00 0.000000000000000000e+00 0.000000000000000000e+00 0.000000000000000000e+00 0.000000000000000000e+00 0.000000000000000000e+00 0.000000000000000000e+00 1.033537390463556116e-08
2.778988966863618959e+00 -3.412799149421730111e-10 1.481018751670363587e-09 2.484627252299503252e-09 0.000000000000000000e+00 0.000000000000000000e+00 0.000000000000000000e+00 0.000000000000000000e+00 0.000000000000000000e+00 0.000000000000000000e+00 0.000000000000000000e+00 9.491699285794711529e-09
2.899893889302647576e+00 -3.133975359758191301e-10 1.360137762130390194e-09 2.281765615028166408e-09 0.000000000000000000e+00 0.000000000000000000e+00 0.000000000000000000e+00 0.000000000000000000e+00 0.000000000000000000e+00 0.000000000000000000e+00 0.000000000000000000e+00 8.716800218441011123e-09
3.026058998249895549e+00 -2.879084684703540364e-10 1.248334772018583449e-09 2.095685254688709483e-09 0.000000000000000000e+00 0.000000000000000000e+00 0.000000000000000000e+00 0.000000000000000000e+00 0.000000000000000000e+00 0.000000000000000000e+00 0.000000000000000000e+00 8.005977707074191067e-09
3.157713147597687176e+00 -2.644470272660987021e-10 1.145986545421795632e-09 1.924734467403987624e-09 0.000000000000000000e+00 0.000000000000000000e+00 0.000000000000000000e+00 0.000000000000000000e+00 0.000000000000000000e+00 0.000000000000000000e+00 0.000000000000000000e+00 7.352961766414015332e-09
3.295095147939301583e+00 -2.428822955987009511e-10 1.052118578483389125e-09 1.767709502398931656e-09 0.000000000000000000e+00 0.000000000000000000e+00 0.000000000000000000e+00 0.000000000000000000e+00 0.000000000000000000e+00 0.000000000000000000e+00 0.000000000000000000e+00 6.753155048595024577e-09
3.438454199753187890e+00 -2.230659829367089212e-10 9.659997530111716218e-10 1.623479496193780842e-09 0.000000000000000000e+00 0.000000000000000000e+00 0.000000000000000000e+00 0.000000000000000000e+00 0.000000000000000000e+00 0.000000000000000000e+00 0.000000000000000000e+00 6.202223597152898121e-09
3.588050345433644761e+00 -2.048588762896993314e-10 8.869749843379222240e-10 1.491004522159493536e-09 0.000000000000000000e+00 0.000000000000000000e+00 0.000000000000000000e+00 0.000000000000000000e+00 0.000000000000000000e+00 0.000000000000000000e+00 0.000000000000000000e+00 5.696186754341044011e-09
3.744154940987900027e+00 -1.881115653427264176e-10 8.146057294305423407e-10 1.369277795943579246e-09 0.000000000000000000e+00 0.000000000000000000e+00 0.000000000000000000e+00 0.000000000000000000e+00 0.000000000000000000e+00 0.000000000000000000e+00 0.000000000000000000e+00 5.231221467253429275e-09
3.907051148255233031e+00 -1.727491987149006546e-10 7.480230940131747720e-10 1.257522198084417923e-09 0.000000000000000000e+00 0.000000000000000000e+00 0.000000000000000000e+00 0.000000000000000000e+00 0.000000000000000000e+00 0.000000000000000000e+00 0.000000000000000000e+00 4.804326603947562563e-09
4.077034448540966416e+00 -1.586572944802127251e-10 6.867736766277051544e-10 1.154914623280308796e-09 0.000000000000000000e+00 0.000000000000000000e+00 0.000000000000000000e+00 0.000000000000000000e+00 0.000000000000000000e+00 0.000000000000000000e+00 0.000000000000000000e+00 4.412383497005637509e-09
4.254413178597033607e+00 -1.457215580638140340e-10 6.304574462770719517e-10 1.060722813205283039e-09 0.000000000000000000e+00 0.000000000000000000e+00 0.000000000000000000e+00 0.000000000000000000e+00 0.000000000000000000e+00 0.000000000000000000e+00 0.000000000000000000e+00 4.052584334772100218e-09
4.439509089921354956e+00 -1.338118380885922221e-10 5.789500192931678982e-10 9.741603273904504077e-10 0.000000000000000000e+00 0.000000000000000000e+00 0.000000000000000000e+00 0.000000000000000000e+00 0.000000000000000000e+00 0.000000000000000000e+00 0.000000000000000000e+00 3.721939448300525070e-09
4.632657932390524813e+00 -1.228680032249215775e-10 5.316970246876484499e-10 8.946474907183987036e-10 0.000000000000000000e+00 0.000000000000000000e+00 0.000000000000000000e+00 0.000000000000000000e+00 0.000000000000000000e+00 0.000000000000000000e+00 0.000000000000000000e+00 3.418217094652717933e-09
4.834210063284507086e+00 -1.128223256993919959e-10 4.882800095912178220e-10 8.216279121609092414e-10 0.000000000000000000e+00 0.000000000000000000e+00 0.000000000000000000e+00 0.000000000000000000e+00 0.000000000000000000e+00 0.000000000000000000e+00 0.000000000000000000e+00 3.139300851460145801e-09
5.044531082808031641e+00 -1.036378946486622307e-10 4.481343011889084605e-10 7.546379427491767624e-10 0.000000000000000000e+00 0.000000000000000000e+00 0.000000000000000000e+00 0.000000000000000000e+00 0.000000000000000000e+00 0.000000000000000000e+00 0.000000000000000000e+00 2.883411067584355178e-09
5.264002497261512481e+00 -9.517647530954790558e-11 4.114342314479262771e-10 6.930834394772040373e-10 0.000000000000000000e+00 0.000000000000000000e+00 0.000000000000000000e+00 0.000000000000000000e+00 0.000000000000000000e+00 0.000000000000000000e+00 0.000000000000000000e+00 2.648292632632567329e-09
5.493022411064389487e+00 -8.740223061375862923e-11 3.777515811626842630e-10 6.365509847388850156e-10 0.000000000000000000e+00 0.000000000000000000e+00 0.000000000000000000e+00 0.000000000000000000e+00 0.000000000000000000e+00 0.000000000000000000e+00 0.000000000000000000e+00 2.432352462854968369e-09
5.732006248886219346e+00 -8.026007541808643416e-11 3.468431316677294963e-10 5.846250166244244210e-10 0.000000000000000000e+00 0.000000000000000000e+00 0.000000000000000000e+00 0.000000000000000000e+00 0.000000000000000000e+00 0.000000000000000000e+00 0.000000000000000000e+00 2.234008593761653412e-09
5.981387509195349672e+00 -7.369646367492537572e-11 3.185000228125743204e-10 5.369202553313083154e-10 0.000000000000000000e+00 0.000000000000000000e+00 0.000000000000000000e+00 0.000000000000000000e+00 0.000000000000000000e+00 0.000000000000000000e+00 0.000000000000000000e+00 2.051785726319994438e-09
6.241618550592113124e+00 -6.768051582316462404e-11 2.923837996203589428e-10 4.931383660540381742e-10 0.000000000000000000e+00 0.000000000000000000e+00 0.000000000000000000e+00 0.000000000000000000e+00 0.000000000000000000e+00 0.000000000000000000e+00 0.000000000000000000e+00 1.884554541360772937e-09
6.513171412352854794e+00 -6.214405908355169320e-11 2.684707553153776086e-10 4.529173357813612087e-10 0.000000000000000000e+00 0.000000000000000000e+00 0.000000000000000000e+00 0.000000000000000000e+00 0.000000000000000000e+00 0.000000000000000000e+00 0.000000000000000000e+00 1.730921160828741971e-09
6.796538670673194282e+00 -5.705342583717045253e-11 2.465635982703083510e-10 4.159592274925435878e-10 0.000000000000000000e+00 0.000000000000000000e+00 0.000000000000000000e+00 0.000000000000000000e+00 0.000000000000000000e+00 0.000000000000000000e+00 0.000000000000000000e+00 1.589753775000753127e-09
7.092234332163717347e+00 -5.240220443503328394e-11 2.262833632871116527e-10 3.820589157967976974e-10 0.000000000000000000e+00 0.000000000000000000e+00 0.000000000000000000e+00 0.000000000000000000e+00 0.000000000000000000e+00 0.000000000000000000e+00 0.000000000000000000e+00 1.460264772745634377e-09
7.400794766218779408e+00 -4.812348980415575786e-11 2.077000945937583669e-10 3.509211252268674774e-10 0.000000000000000000e+00 0.000000000000000000e+00 0.000000000000000000e+00 0.000000000000000000e+00 0.000000000000000000e+00 0.000000000000000000e+00 0.000000000000000000e+00 1.341333019473570647e-09
7.722779677949724864e+00 -4.418341071559754123e-11 1.907100120559251774e-10 3.223053804843146025e-10 0.000000000000000000e+00 0.000000000000000000e+00 0.000000000000000000e+00 0.000000000000000000e+00 0.000000000000000000e+00 0.000000000000000000e+00 0.000000000000000000e+00 1.232028773270177524e-09
8.058773123447286579e+00 -4.056295142458349533e-11 1.751290631277834320e-10 2.960145152498161409e-10 0.000000000000000000e+00 0.000000000000000000e+00 0.000000000000000000e+00 0.000000000000000000e+00 0.000000000000000000e+00 0.000000000000000000e+00 0.000000000000000000e+00 1.131607677459987855e-09
8.409384569214836347e+00 -3.723914908889561928e-11 1.608039356890353044e-10 2.718810325532137637e-10 0.000000000000000000e+00 0.000000000000000000e+00 0.000000000000000000e+00 0.000000000000000000e+00 0.000000000000000000e+00 0.000000000000000000e+00 0.000000000000000000e+00 1.039427000180734696e-09
8.775249997694164250e+00 -3.418040904756659662e-11 1.476963558049635887e-10 2.497019733378768584e-10 0.000000000000000000e+00 0.000000000000000000e+00 0.000000000000000000e+00 0.000000000000000000e+00 0.000000000000000000e+00 0.000000000000000000e+00 0.000000000000000000e+00 9.547115104430766171e-10
9.157033060889162357e+00 -3.138704031488108432e-11 1.355510536438370575e-10 2.293608444035271818e-10 0.000000000000000000e+00 0.000000000000000000e+00 0.000000000000000000e+00 0.000000000000000000e+00 0.000000000000000000e+00 0.000000000000000000e+00 0.000000000000000000e+00 8.770179304228480277e-10
9.555426284179983298e+00 -2.881773378834320360e-11 1.244222383666092211e-10 2.106764104573636430e-10 0.000000000000000000e+00 0.000000000000000000e+00 0.000000000000000000e+00 0.000000000000000000e+00 0.000000000000000000e+00 0.000000000000000000e+00 0.000000000000000000e+00 8.056554001960372238e-10
9.971152322511294130e+00 -2.644955712264499599e-11 1.142663542689461686e-10 1.934985794573498840e-10 0.000000000000000000e+00 0.000000000000000000e+00 0.000000000000000000e+00 0.000000000000000000e+00 0.000000000000000000e+00 0.000000000000000000e+00 0.000000000000000000e+00 7.400411154698809439e-10
1.040496527123328008e+01 -2.427693581014093800e-11 1.049217747497169199e-10 1.777290313417548717e-10 0.000000000000000000e+00 0.000000000000000000e+00 0.000000000000000000e+00 0.000000000000000000e+00 0.000000000000000000e+00 0.000000000000000000e+00 0.000000000000000000e+00 6.798109910087713840e-10
1.085765203397312817e+01 -2.227915183245042899e-11 9.635703343612104246e-11 1.632431707416529849e-10 0.000000000000000000e+00 0.000000000000000000e+00 0.000000000000000000e+00 0.000000000000000000e+00 0.000000000000000000e+00 0.000000000000000000e+00 0.000000000000000000e+00 6.244796828809091039e-10
1.133003375001824686e+01 -2.045607961323333397e-11 8.841230530586360331e-11 1.499580032948208534e-10 0.000000000000000000e+00 0.000000000000000000e+00 0.000000000000000000e+00 0.000000000000000000e+00 0.000000000000000000e+00 0.000000000000000000e+00 0.000000000000000000e+00 5.737431844195156114e-10
1.182296728380033457e+01 -1.876910378742717764e-11 8.120484104139251622e-11 1.377364476894726488e-10 0.000000000000000000e+00 0.000000000000000000e+00 0.000000000000000000e+00 0.000000000000000000e+00 0.000000000000000000e+00 0.000000000000000000e+00 0.000000000000000000e+00 5.270633600948096981e-10
1.233734677918219091e+01 -1.722413128672043273e-11 7.455824986973730006e-11 1.265174797639786291e-10 0.000000000000000000e+00 0.000000000000000000e+00 0.000000000000000000e+00 0.000000000000000000e+00 0.000000000000000000e+00 0.000000000000000000e+00 0.000000000000000000e+00 4.842147576347298056e-10
1.287410528136649646e+01 -1.580149671569284829e-11 6.847771956846202756e-11 1.162117953622165103e-10 0.000000000000000000e+00 0.000000000000000000e+00 0.000000000000000000e+00 0.000000000000000000e+00 0.000000000000000000e+00 0.000000000000000000e+00 0.000000000000000000e+00 4.448515050616079501e-10
1.343421642936872473e+01 -1.450031904879439558e-11 6.285798619658332791e-11 1.067535368923873431e-10 0.000000000000000000e+00 0.000000000000000000e+00 0.000000000000000000e+00 0.000000000000000000e+00 0.000000000000000000e+00 0.000000000000000000e+00 0.000000000000000000e+00 4.087316521580789623e-10
1.401869622212410427e+01 -1.330150396302254276e-11 5.772579669283618693e-11 9.806087400217461487e-11 0.000000000000000000e+00 0.000000000000000000e+00 0.000000000000000000e+00 0.000000000000000000e+00 0.000000000000000000e+00 0.000000000000000000e+00 0.000000000000000000e+00 3.755306778921971033e-10
1.462860486143227945e+01 -1.219883360607258096e-11 5.302170984481759530e-11 9.007686024201885344e-11 0.000000000000000000e+00 0.000000000000000000e+00 0.000000000000000000e+00 0.000000000000000000e+00 0.000000000000000000e+00 0.000000000000000000e+00 0.000000000000000000e+00 3.450382309801482322e-10
1.526504867508253582e+01 -1.118995031224280395e-11 4.867856077167438555e-11 8.274813990899504712e-11 0.000000000000000000e+00 0.000000000000000000e+00 0.000000000000000000e+00 0.000000000000000000e+00 0.000000000000000000e+00 0.000000000000000000e+00 0.000000000000000000e+00 3.170502318021187371e-10
1.592918212364812369e+01 -1.026027816930976331e-11 4.471051502891209493e-11 7.601393632148180802e-11 0.000000000000000000e+00 0.000000000000000000e+00 0.000000000000000000e+00 0.000000000000000000e+00 0.000000000000000000e+00 0.000000000000000000e+00 0.000000000000000000e+00 2.913322354777391400e-10
1.662220989458974074e+01 -9.407536051497099025e-12 4.105974300421517528e-11 6.983116649943374722e-11 0.000000000000000000e+00 0.000000000000000000e+00 0.000000000000000000e+00 0.000000000000000000e+00 0.000000000000000000e+00 0.000000000000000000e+00 0.000000000000000000e+00 2.677207930233604267e-10
1.734538908746677066e+01 -8.622537523564875884e-12 3.772059583495649258e-11 6.414900247610296741e-11 0.000000000000000000e+00 0.000000000000000000e+00 0.000000000000000000e+00 0.000000000000000000e+00 0.000000000000000000e+00 0.000000000000000000e+00 0.000000000000000000e+00 2.460201255653327462e-10
1.810003149422011504e+01 -7.903806339831951727e-12 3.463952987468711596e-11 5.893448423238074190e-11 0.000000000000000000e+00 0.000000000000000000e+00 0.000000000000000000e+00 0.000000000000000000e+00 0.000000000000000000e+00 0.000000000000000000e+00 0.000000000000000000e+00 2.261084628644953883e-10
1.888750597866273750e+01 -7.241420095181483618e-12 3.182635057541220001e-11 5.414198380202490710e-11 0.000000000000000000e+00 0.000000000000000000e+00 0.000000000000000000e+00 0.000000000000000000e+00 0.000000000000000000e+00 0.000000000000000000e+00 0.000000000000000000e+00 2.078061437740717986e-10
1.970924095949434118e+01 -6.633928274934886184e-12 2.923628438992839872e-11 4.974171516315259567e-11 0.000000000000000000e+00 0.000000000000000000e+00 0.000000000000000000e+00 0.000000000000000000e+00 0.000000000000000000e+00 0.000000000000000000e+00 0.000000000000000000e+00 1.910043334477103433e-10
2.056672700134400245e+01 -6.075905484726336105e-12 2.685959874814415977e-11 4.570042516659937203e-11 0.000000000000000000e+00 0.000000000000000000e+00 0.000000000000000000e+00 0.000000000000000000e+00 0.000000000000000000e+00 0.000000000000000000e+00 0.000000000000000000e+00 1.755734071135065798e-10
2.146151951854085382e+01 -5.563590493785625117e-12 2.467647352865481815e-11 4.198876019214493479e-11 0.000000000000000000e+00 0.000000000000000000e+00 0.000000000000000000e+00 0.000000000000000000e+00 0.000000000000000000e+00 0.000000000000000000e+00 0.000000000000000000e+00 1.614017002097820300e-10
2.239524159651707436e+01 -5.092723916884030963e-12 2.267446332231146086e-11 3.857922275930265699e-11 0.000000000000000000e+00 0.000000000000000000e+00 0.000000000000000000e+00 0.000000000000000000e+00 0.000000000000000000e+00 0.000000000000000000e+00 0.000000000000000000e+00 1.483845429998910459e-10
2.336958693596119829e+01 -4.660533994479007660e-12 2.083450989546543444e-11 3.544817942401577401e-11 0.000000000000000000e+00 0.000000000000000000e+00 0.000000000000000000e+00 0.000000000000000000e+00 0.000000000000000000e+00 0.000000000000000000e+00 0.000000000000000000e+00 1.364311336761712589e-10
2.438632292506208543e+01 -4.262324770415057708e-12 1.915446324515553860e-11 3.257060210316112784e-11 0.000000000000000000e+00 0.000000000000000000e+00 0.000000000000000000e+00 0.000000000000000000e+00 0.000000000000000000e+00 0.000000000000000000e+00 0.000000000000000000e+00 1.254446503360000324e-10
2.544729384541637174e+01 -3.897212377775360459e-12 1.760783633288933377e-11 2.992866156335543028e-11 0.000000000000000000e+00 0.000000000000000000e+00 0.000000000000000000e+00 0.000000000000000000e+00 0.000000000000000000e+00 0.000000000000000000e+00 0.000000000000000000e+00 1.153598734908650027e-10
2.655442421741480175e+01 -3.561462615666125021e-12 1.619104849212609572e-11 2.750157338017067354e-11 0.000000000000000000e+00 0.000000000000000000e+00 0.000000000000000000e+00 0.000000000000000000e+00 0.000000000000000000e+00 0.000000000000000000e+00 0.000000000000000000e+00 1.060948304850279781e-10
2.770972229117543861e+01 -3.253953535606150102e-12 1.488446136912320704e-11 2.527320377167441965e-11 0.000000000000000000e+00 0.000000000000000000e+00 0.000000000000000000e+00 0.000000000000000000e+00 0.000000000000000000e+00 0.000000000000000000e+00 0.000000000000000000e+00 9.759139520307650443e-11
2.891528368935641069e+01 -2.969742680594402777e-12 1.369775995384864638e-11 2.322449387708666845e-11 0.000000000000000000e+00 0.000000000000000000e+00 0.000000000000000000e+00 0.000000000000000000e+00 0.000000000000000000e+00 0.000000000000000000e+00 0.000000000000000000e+00 8.976999971612644221e-11
3.017329520845564517e+01 -2.709733402017884032e-12 1.260170471562855238e-11 2.134364496882243966e-11 0.000000000000000000e+00 0.000000000000000000e+00 0.000000000000000000e+00 0.000000000000000000e+00 0.000000000000000000e+00 0.000000000000000000e+00 0.000000000000000000e+00 8.259290664321482343e-11
3.148603878549312896e+01 -2.470994021835413021e-12 1.159551804917195014e-11 1.961607733100350465e-11 0.000000000000000000e+00 0.000000000000000000e+00 0.000000000000000000e+00 0.000000000000000000e+00 0.000000000000000000e+00 0.000000000000000000e+00 0.000000000000000000e+00 7.600217786675186583e-11
3.285589563727066320e+01 -2.251489247697895067e-12 1.067430431395201856e-11 1.802896537892057057e-11 0.000000000000000000e+00 0.000000000000000000e+00 0.000000000000000000e+00 0.000000000000000000e+00 0.000000000000000000e+00 0.000000000000000000e+00 0.000000000000000000e+00 6.994727400333801443e-11
3.428535057971772204e+01 -2.050399716508273762e-12 9.825231689518308471e-12 1.657161312370556624e-11 0.000000000000000000e+00 0.000000000000000000e+00 0.000000000000000000e+00 0.000000000000000000e+00 0.000000000000000000e+00 0.000000000000000000e+00 0.000000000000000000e+00 6.439021498049874995e-11
3.577699653515814759e+01 -1.864318147456951568e-12 9.056258805889554375e-12 1.523147742788879033e-11 0.000000000000000000e+00 0.000000000000000000e+00 0.000000000000000000e+00 0.000000000000000000e+00 0.000000000000000000e+00 0.000000000000000000e+00 0.000000000000000000e+00 5.927624093987677384e-11
3.733353923567363353e+01 -1.695113481469111000e-12 8.339381831676628500e-12 1.400170688427697187e-11 0.000000000000000000e+00 0.000000000000000000e+00 0.000000000000000000e+00 0.000000000000000000e+00 0.000000000000000000e+00 0.000000000000000000e+00 0.000000000000000000e+00 5.459056288575246103e-11
3.895780213109558332e+01 -1.538488023737877998e-12 7.690766830500893790e-12 1.287110054940739645e-11 0.000000000000000000e+00 0.000000000000000000e+00 0.000000000000000000e+00 0.000000000000000000e+00 0.000000000000000000e+00 0.000000000000000000e+00 0.000000000000000000e+00 5.027884215729841355e-11
4.065273151052780776e+01 -1.394876600019908543e-12 7.094400459891142633e-12 1.183257016871223265e-11 0.000000000000000000e+00 0.000000000000000000e+00 0.000000000000000000e+00 0.000000000000000000e+00 0.000000000000000000e+00 0.000000000000000000e+00 0.000000000000000000e+00 4.632047611989531085e-11
4.242140184669047898e+01 -1.263723976688704229e-12 6.543304600801766243e-12 1.087870503473465581e-11 0.000000000000000000e+00 0.000000000000000000e+00 0.000000000000000000e+00 0.000000000000000000e+00 0.000000000000000000e+00 0.000000000000000000e+00 0.000000000000000000e+00 4.268887527027647665e-11
4.426702137277933247e+01 -1.143225615115887862e-12 6.038927107497975774e-12 1.000219061925127546e-11 0.000000000000000000e+00 0.000000000000000000e+00 0.000000000000000000e+00 0.000000000000000000e+00 0.000000000000000000e+00 0.000000000000000000e+00 0.000000000000000000e+00 3.935228463949402172e-11
4.619293790195614946e+01 -1.032099629114404647e-12 5.580128970615871049e-12 9.196686122291851315e-12 0.000000000000000000e+00 0.000000000000000000e+00 0.000000000000000000e+00 0.000000000000000000e+00 0.000000000000000000e+00 0.000000000000000000e+00 0.000000000000000000e+00 3.628484246275160802e-11
4.820264490002678315e+01 -9.306222611775326973e-13 5.156795603620907081e-12 8.456802065852205223e-12 0.000000000000000000e+00 0.000000000000000000e+00 0.000000000000000000e+00 0.000000000000000000e+00 0.000000000000000000e+00 0.000000000000000000e+00 0.000000000000000000e+00 3.347099139444940376e-11
5.029978782232173273e+01 -8.375351971769675108e-13 4.769107690327648201e-12 7.776740389851965754e-12 0.000000000000000000e+00 0.000000000000000000e+00 0.000000000000000000e+00 0.000000000000000000e+00 0.000000000000000000e+00 0.000000000000000000e+00 0.000000000000000000e+00 3.088622122416191250e-11
5.248817072627439728e+01 -7.520007312248705970e-13 4.415085646711747276e-12 7.151938731586089978e-12 0.000000000000000000e+00 0.000000000000000000e+00 0.000000000000000000e+00 0.000000000000000000e+00 0.000000000000000000e+00 0.000000000000000000e+00 0.000000000000000000e+00 2.851169643588505682e-11
5.477176317169127628e+01 -6.736093158380837283e-13 4.091072917048039260e-12 6.577736471522812388e-12 0.000000000000000000e+00 0.000000000000000000e+00 0.000000000000000000e+00 0.000000000000000000e+00 0.000000000000000000e+00 0.000000000000000000e+00 0.000000000000000000e+00 2.633068238851901180e-11
5.715470742123107328e+01 -6.019601386211211116e-13 3.793786269702537048e-12 6.049974170814360184e-12 0.000000000000000000e+00 0.000000000000000000e+00 0.000000000000000000e+00 0.000000000000000000e+00 0.000000000000000000e+00 0.000000000000000000e+00 0.000000000000000000e+00 2.432848496406544152e-11
5.964132595415325255e+01 -5.365853197368968118e-13 3.520526788086437438e-12 5.564922393390541202e-12 0.000000000000000000e+00 0.000000000000000000e+00 0.000000000000000000e+00 0.000000000000000000e+00 0.000000000000000000e+00 0.000000000000000000e+00 0.000000000000000000e+00 2.249156925088448309e-11
6.223612930696613432e+01 -4.765747994503020333e-13 3.271993627873025003e-12 5.119142650558051514e-12 0.000000000000000000e+00 0.000000000000000000e+00 0.000000000000000000e+00 0.000000000000000000e+00 0.000000000000000000e+00 0.000000000000000000e+00 0.000000000000000000e+00 2.080295019064401742e-11
6.494382425519634694e+01 -4.219835532395880586e-13 3.043362963004516522e-12 4.709380398652498651e-12 0.000000000000000000e+00 0.000000000000000000e+00 0.000000000000000000e+00 0.000000000000000000e+00 0.000000000000000000e+00 0.000000000000000000e+00 0.000000000000000000e+00 1.925440745987978171e-11
6.776932235112084868e+01 -3.722024817759942640e-13 2.834565448776469724e-12 4.332663634450681388e-12 0.000000000000000000e+00 0.000000000000000000e+00 0.000000000000000000e+00 0.000000000000000000e+00 0.000000000000000000e+00 0.000000000000000000e+00 0.000000000000000000e+00 1.783257299157518195e-11
7.071774883294858682e+01 -3.268766979035135446e-13 2.643726984992370027e-12 3.986378147573958797e-12 0.000000000000000000e+00 0.000000000000000000e+00 0.000000000000000000e+00 0.000000000000000000e+00 0.000000000000000000e+00 0.000000000000000000e+00 0.000000000000000000e+00 1.652740009472681255e-11
7.379445192161182376e+01 -2.858302010905768200e-13 2.468605830066403636e-12 3.667988831273819344e-12 0.000000000000000000e+00 0.000000000000000000e+00 0.000000000000000000e+00 0.000000000000000000e+00 0.000000000000000000e+00 0.000000000000000000e+00 0.000000000000000000e+00 1.533070405143089444e-11
7.700501252203143565e+01 -2.485188215216195079e-13 2.309506552568686556e-12 3.375404446869427212e-12 0.000000000000000000e+00 0.000000000000000000e+00 0.000000000000000000e+00 0.000000000000000000e+00 0.000000000000000000e+00 0.000000000000000000e+00 0.000000000000000000e+00 1.423181480910515148e-11
8.035525434645299470e+01 -2.147811567773230519e-13 2.164454010175740038e-12 3.106550319404179814e-12 0.000000000000000000e+00 0.000000000000000000e+00 0.000000000000000000e+00 0.000000000000000000e+00 0.000000000000000000e+00 0.000000000000000000e+00 0.000000000000000000e+00 1.322363111769888115e-11
8.385125447821714317e+01 -1.845772600968656272e-13 2.031364608496684717e-12 2.859241475101148968e-12 0.000000000000000000e+00 0.000000000000000000e+00 0.000000000000000000e+00 0.000000000000000000e+00 0.000000000000000000e+00 0.000000000000000000e+00 0.000000000000000000e+00 1.230021321038562335e-11
8.749935439512539403e+01 -1.576179471636399291e-13 1.909790997327191079e-12 2.631752909743264739e-12 0.000000000000000000e+00 0.000000000000000000e+00 0.000000000000000000e+00 0.000000000000000000e+00 0.000000000000000000e+00 0.000000000000000000e+00 0.000000000000000000e+00 1.145426545681321692e-11
9.130617147239769338e+01 -1.334488195432014088e-13 1.799888006736432059e-12 2.423062686021737685e-12 0.000000000000000000e+00 0.000000000000000000e+00 0.000000000000000000e+00 0.000000000000000000e+00 0.000000000000000000e+00 0.000000000000000000e+00 0.000000000000000000e+00 1.067811422358842764e-11
9.527861098608673274e+01 -1.121862331678809249e-13 1.699588014624379845e-12 2.231163811499037683e-12 0.000000000000000000e+00 0.000000000000000000e+00 0.000000000000000000e+00 0.000000000000000000e+00 0.000000000000000000e+00 0.000000000000000000e+00 0.000000000000000000e+00 9.967925257299836596e-12
9.942387863872237119e+01 -9.363197696535665422e-14 1.608266393543050468e-12 2.054845712264090576e-12 0.000000000000000000e+00 0.000000000000000000e+00 0.000000000000000000e+00 0.000000000000000000e+00 0.000000000000000000e+00 0.000000000000000000e+00 0.000000000000000000e+00 9.318489587226945553e-12
1.037494936299070645e+02 -7.766096122685133372e-14 1.525315268767643123e-12 1.892848840425003636e-12 0.000000000000000000e+00 0.000000000000000000e+00 0.000000000000000000e+00 0.000000000000000000e+00 0.000000000000000000e+00 0.000000000000000000e+00 0.000000000000000000e+00 8.725153752920197150e-12
1.082633022955706252e+02 -6.402671468139195235e-14 1.450506549463674825e-12 1.744412972423377564e-12 0.000000000000000000e+00 0.000000000000000000e+00 0.000000000000000000e+00 0.000000000000000000e+00 0.000000000000000000e+00 0.000000000000000000e+00 0.000000000000000000e+00 8.182753569794865918e-12
1.129734923406257820e+02 -5.274732462774491147e-14 1.382900771255128939e-12 1.608250772858105854e-12 0.000000000000000000e+00 0.000000000000000000e+00 0.000000000000000000e+00 0.000000000000000000e+00 0.000000000000000000e+00 0.000000000000000000e+00 0.000000000000000000e+00 7.688401040738944867e-12
1.178886076908408143e+02 -4.374357234254241245e-14 1.321941628308963828e-12 1.483396251087153398e-12 0.000000000000000000e+00 0.000000000000000000e+00 0.000000000000000000e+00 0.000000000000000000e+00 0.000000000000000000e+00 0.000000000000000000e+00 0.000000000000000000e+00 7.238826068738944655e-12
1.230175639908698031e+02 -3.679508352715564376e-14 1.267579465594457256e-12 1.369412252252717957e-12 0.000000000000000000e+00 0.000000000000000000e+00 0.000000000000000000e+00 0.000000000000000000e+00 0.000000000000000000e+00 0.000000000000000000e+00 0.000000000000000000e+00 6.829877308408278841e-12
1.283696647765525256e+02 -3.188732024858854323e-14 1.219294530867943065e-12 1.265425922584994767e-12 0.000000000000000000e+00 0.000000000000000000e+00 0.000000000000000000e+00 0.000000000000000000e+00 0.000000000000000000e+00 0.000000000000000000e+00 0.000000000000000000e+00 6.459357932703711232e-12
1.339546183508192598e+02 -2.891176306960867420e-14 1.176846733853644591e-12 1.170849522368061472e-12 0.000000000000000000e+00 0.000000000000000000e+00 0.000000000000000000e+00 0.000000000000000000e+00 0.000000000000000000e+00 0.000000000000000000e+00 0.000000000000000000e+00 6.124587091092714590e-12
1.397825553938130554e+02 -2.776900059417121217e-14 1.140034048089767189e-12 1.085118006462222299e-12 0.000000000000000000e+00 0.000000000000000000e+00 0.000000000000000000e+00 0.000000000000000000e+00 0.000000000000000000e+00 0.000000000000000000e+00 0.000000000000000000e+00 5.823496165629456681e-12
1.458640473391704688e+02 -2.835787871874603800e-14 1.108759640744523264e-12 1.007770519244845810e-12 0.000000000000000000e+00 0.000000000000000000e+00 0.000000000000000000e+00 0.000000000000000000e+00 0.000000000000000000e+00 0.000000000000000000e+00 0.000000000000000000e+00 5.554273956503377763e-12
1.522101255497971692e+02 -3.045103480477131045e-14 1.083208763919009841e-12 9.386837384047864831e-13 0.000000000000000000e+00 0.000000000000000000e+00 0.000000000000000000e+00 0.000000000000000000e+00 0.000000000000000000e+00 0.000000000000000000e+00 0.000000000000000000e+00 5.314471626922092489e-12
1.588323013279193674e+02 -3.398782494276771459e-14 1.063316083768466603e-12 8.772667396762627060e-13 0.000000000000000000e+00 0.000000000000000000e+00 0.000000000000000000e+00 0.000000000000000000e+00 0.000000000000000000e+00 0.000000000000000000e+00 0.000000000000000000e+00 5.104014675504827006e-12
1.657425867957087178e+02 -3.857090415309478624e-14 1.049652657489186628e-12 8.238555092400375042e-13 0.000000000000000000e+00 0.000000000000000000e+00 0.000000000000000000e+00 0.000000000000000000e+00 0.000000000000000000e+00 0.000000000000000000e+00 0.000000000000000000e+00 4.920078567151256529e-12
1.729535166843564582e+02 -4.400518453615273094e-14 1.042593669820257209e-12 7.781523717752475185e-13 0.000000000000000000e+00 0.000000000000000000e+00 0.000000000000000000e+00 0.000000000000000000e+00 0.000000000000000000e+00 0.000000000000000000e+00 0.000000000000000000e+00 4.763007657182855337e-12
1.804781710711205562e+02 -4.979168944347430161e-14 1.042963396441162623e-12 7.405286932288545342e-13 0.000000000000000000e+00 0.000000000000000000e+00 0.000000000000000000e+00 0.000000000000000000e+00 0.000000000000000000e+00 0.000000000000000000e+00 0.000000000000000000e+00 4.631153241391193273e-12
1.883301991055890028e+02 -5.550172767093954905e-14 1.051787490079288967e-12 7.114349440245747436e-13 0.000000000000000000e+00 0.000000000000000000e+00 0.000000000000000000e+00 0.000000000000000000e+00 0.000000000000000000e+00 0.000000000000000000e+00 0.000000000000000000e+00 4.525013527232003032e-12
1.965238437681966275e+02 -6.036178097191541175e-14 1.070513838033197314e-12 6.915548623217061229e-13 0.000000000000000000e+00 0.000000000000000000e+00 0.000000000000000000e+00 0.000000000000000000e+00 0.000000000000000000e+00 0.000000000000000000e+00 0.000000000000000000e+00 4.443211654264552014e-12
2.050739677059069948e+02 -6.355879567735297258e-14 1.100968631412328056e-12 6.821551016802656421e-13 0.000000000000000000e+00 0.000000000000000000e+00 0.000000000000000000e+00 0.000000000000000000e+00 0.000000000000000000e+00 0.000000000000000000e+00 0.000000000000000000e+00 4.385797818578507753e-12
2.139960801919201003e+02 -6.407129298225285039e-14 1.145621250558872822e-12 6.851067289921218901e-13 0.000000000000000000e+00 0.000000000000000000e+00 0.000000000000000000e+00 0.000000000000000000e+00 0.000000000000000000e+00 0.000000000000000000e+00 0.000000000000000000e+00 4.352958187410335143e-12
2.233063652583127521e+02 -6.063171933255570185e-14 1.207697492680602851e-12 7.036071694105914144e-13 0.000000000000000000e+00 0.000000000000000000e+00 0.000000000000000000e+00 0.000000000000000000e+00 0.000000000000000000e+00 0.000000000000000000e+00 0.000000000000000000e+00 4.344324245644368041e-12
2.330217110526390911e+02 -5.173441334197530282e-14 1.291074175077772201e-12 7.421963455963915453e-13 0.000000000000000000e+00 0.000000000000000000e+00 0.000000000000000000e+00 0.000000000000000000e+00 0.000000000000000000e+00 0.000000000000000000e+00 0.000000000000000000e+00 4.358964991131008545e-12
2.431597404717432198e+02 -3.566116723552747511e-14 1.400540320636236137e-12 8.079378299138125542e-13 0.000000000000000000e+00 0.000000000000000000e+00 0.000000000000000000e+00 0.000000000000000000e+00 0.000000000000000000e+00 0.000000000000000000e+00 0.000000000000000000e+00 4.394689533896719930e-12
2.537388431283509647e+02 -1.069103132093906974e-14 1.541594512253065259e-12 9.117130756116769577e-13 0.000000000000000000e+00 0.000000000000000000e+00 0.000000000000000000e+00 0.000000000000000000e+00 0.000000000000000000e+00 0.000000000000000000e+00 0.000000000000000000e+00 4.448182137547883738e-12
2.647782087084258933e+02 2.469188767456293813e-14 1.720336360439796258e-12 1.069836607354400292e-12 0.000000000000000000e+00 0.000000000000000000e+00 0.000000000000000000e+00 0.000000000000000000e+00 0.000000000000000000e+00 0.000000000000000000e+00 0.000000000000000000e+00 4.514035412831693162e-12
2.762978617797970742e+02 7.136278987693403938e-14 1.940198458096003655e-12 1.303573402855448085e-12 0.000000000000000000e+00 0.000000000000000000e+00 0.000000000000000000e+00 0.000000000000000000e+00 0.000000000000000000e+00 0.000000000000000000e+00 0.000000000000000000e+00 4.581436203221196141e-12
2.883186981151989698e+02 1.287081116200268313e-13 2.200426327583475737e-12 1.637860268226352873e-12 0.000000000000000000e+00 0.000000000000000000e+00 0.000000000000000000e+00 0.000000000000000000e+00 0.000000000000000000e+00 0.000000000000000000e+00 0.000000000000000000e+00 4.636132039280551426e-12
3.008625225956113809e+02 1.937298268589604908e-13 2.488744868984982240e-12 2.090482410794983225e-12 0.000000000000000000e+00 0.000000000000000000e+00 0.000000000000000000e+00 0.000000000000000000e+00 0.000000000000000000e+00 0.000000000000000000e+00 0.000000000000000000e+00 4.659483757262819451e-12
3.139520887626504759e+02 2.602255340060172055e-13 2.772541087278608461e-12 2.649320145597575900e-12 0.000000000000000000e+00 0.000000000000000000e+00 0.000000000000000000e+00 0.000000000000000000e+00 0.000000000000000000e+00 0.000000000000000000e+00 0.000000000000000000e+00 4.630955571945655945e-12
3.276111400917600349e+02 3.190282999414201059e-13 2.995064418614778072e-12 3.243057486754744882e-12 0.000000000000000000e+00 0.000000000000000000e+00 0.000000000000000000e+00 0.000000000000000000e+00 0.000000000000000000e+00 0.000000000000000000e+00 0.000000000000000000e+00 4.534225790144853209e-12
3.418644530610662855e+02 3.604187892306535408e-13 3.093503214552410323e-12 3.736001710296989437e-12 0.000000000000000000e+00 0.000000000000000000e+00 0.000000000000000000e+00 0.000000000000000000e+00 0.000000000000000000e+00 0.000000000000000000e+00 0.000000000000000000e+00 4.368118117133060312e-12
3.567378820940206197e+02 3.772395021138927006e-13 3.026269649315903042e-12 3.981566126115543278e-12 0.000000000000000000e+00 0.000000000000000000e+00 0.000000000000000000e+00 0.000000000000000000e+00 0.000000000000000000e+00 0.000000000000000000e+00 0.000000000000000000e+00 4.140937334602376622e-12
3.722584064573538853e+02 3.682226742357914897e-13 2.805581866150030693e-12 3.913444829118011134e-12 0.000000000000000000e+00 0.000000000000000000e+00 0.000000000000000000e+00 0.000000000000000000e+00 0.000000000000000000e+00 0.000000000000000000e+00 0.000000000000000000e+00 3.870324427522044750e-12
3.884541791994093956e+02 3.379912683627598008e-13 2.489071199989576536e-12 3.583771354969011020e-12 0.000000000000000000e+00 0.000000000000000000e+00 0.000000000000000000e+00 0.000000000000000000e+00 0.000000000000000000e+00 0.000000000000000000e+00 0.000000000000000000e+00 3.573926800081277432e-12
4.053545782176276475e+02 2.945261829395784245e-13 2.145313217109294035e-12 3.110483848141153599e-12 0.000000000000000000e+00 0.000000000000000000e+00 0.000000000000000000e+00 0.000000000000000000e+00 0.000000000000000000e+00 0.000000000000000000e+00 0.000000000000000000e+00 3.269591924575595263e-12
4.229902595478124567e+02 2.457047798724651739e-13 1.825758150348341821e-12 2.603866948036753608e-12 0.000000000000000000e+00 0.000000000000000000e+00 0.000000000000000000e+00 0.000000000000000000e+00 0.000000000000000000e+00 0.000000000000000000e+00 0.000000000000000000e+00 2.971374182100225227e-12
4.413932129718455144e+02 1.978851207529808082e-13 1.558147844816047338e-12 2.136292003922547335e-12 0.000000000000000000e+00 0.000000000000000000e+00 0.000000000000000000e+00 0.000000000000000000e+00 0.000000000000000000e+00 0.000000000000000000e+00 0.000000000000000000e+00 2.696837731620077850e-12
4.605968200447100571e+02 1.548133197162723362e-13 1.352309277975762974e-12 1.741321495981454755e-12 0.000000000000000000e+00 0.000000000000000000e+00 0.000000000000000000e+00 0.000000000000000000e+00 0.000000000000000000e+00 0.000000000000000000e+00 0.000000000000000000e+00 2.453969588453660141e-12
4.806359146460892475e+02 1.187595514049708482e-13 1.208200122386586179e-12 1.430953972433512357e-12 0.000000000000000000e+00 0.000000000000000000e+00 0.000000000000000000e+00 0.000000000000000000e+00 0.000000000000000000e+00 0.000000000000000000e+00 0.000000000000000000e+00 2.249993940811164450e-12
5.015468461663685957e+02 9.119465331385085043e-14 1.122456232506915371e-12 1.208295790503564297e-12 0.000000000000000000e+00 0.000000000000000000e+00 0.000000000000000000e+00 0.000000000000000000e+00 0.000000000000000000e+00 0.000000000000000000e+00 0.000000000000000000e+00 2.086170222932856579e-12
5.233675454416602406e+02 7.350134976226179590e-14 1.091683760157120775e-12 1.075205236617895379e-12 0.000000000000000000e+00 0.000000000000000000e+00 0.000000000000000000e+00 0.000000000000000000e+00 0.000000000000000000e+00 0.000000000000000000e+00 0.000000000000000000e+00 1.960180209396669117e-12
5.461375935574483265e+02 6.715364508837068808e-14 1.113812503766345287e-12 1.037131405029401957e-12 0.000000000000000000e+00 0.000000000000000000e+00 0.000000000000000000e+00 0.000000000000000000e+00 0.000000000000000000e+00 0.000000000000000000e+00 0.000000000000000000e+00 1.868494608859146040e-12
5.698982936456619655e+02 7.316385579899035348e-14 1.185852720739021209e-12 1.104237209607621175e-12 0.000000000000000000e+00 0.000000000000000000e+00 0.000000000000000000e+00 0.000000000000000000e+00 0.000000000000000000e+00 0.000000000000000000e+00 0.000000000000000000e+00 1.802111367034851970e-12
5.946927458054085491e+02 9.077159252961671754e-14 1.298333452900291476e-12 1.286428810625525452e-12 0.000000000000000000e+00 0.000000000000000000e+00 0.000000000000000000e+00 0.000000000000000000e+00 0.000000000000000000e+00 0.000000000000000000e+00 0.000000000000000000e+00 1.749156502295292500e-12
6.205659252832682569e+02 1.154947343597496675e-13 1.423056215831982292e-12 1.566126546625112531e-12 0.000000000000000000e+00 0.000000000000000000e+00 0.000000000000000000e+00 0.000000000000000000e+00 0.000000000000000000e+00 0.000000000000000000e+00 0.000000000000000000e+00 1.694276791918122194e-12
6.475647640549660764e+02 1.386085949182148988e-13 1.507167647580111376e-12 1.858192800402287439e-12 0.000000000000000000e+00 0.000000000000000000e+00 0.000000000000000000e+00 0.000000000000000000e+00 0.000000000000000000e+00 0.000000000000000000e+00 0.000000000000000000e+00 1.626476576721505425e-12
6.757382359563951013e+02 1.497864012730007743e-13 1.495487779846612010e-12 2.021404446331220121e-12 0.000000000000000000e+00 0.000000000000000000e+00 0.000000000000000000e+00 0.000000000000000000e+00 0.000000000000000000e+00 0.000000000000000000e+00 0.000000000000000000e+00 1.542343835090699407e-12
7.051374455184256931e+02 1.430960058107755593e-13 1.379782975202376628e-12 1.970044378142333995e-12 0.000000000000000000e+00 0.000000000000000000e+00 0.000000000000000000e+00 0.000000000000000000e+00 0.000000000000000000e+00 0.000000000000000000e+00 0.000000000000000000e+00 1.445358197143346682e-12
7.358157206666278398e+02 1.208976543827737901e-13 1.204975589911451668e-12 1.736121944001875880e-12 0.000000000000000000e+00 0.000000000000000000e+00 0.000000000000000000e+00 0.000000000000000000e+00 0.000000000000000000e+00 0.000000000000000000e+00 0.000000000000000000e+00 1.339602319134358067e-12
7.678287094540650060e+02 9.167347548677582416e-14 1.029379849508388060e-12 1.415496420517329670e-12 0.000000000000000000e+00 0.000000000000000000e+00 0.000000000000000000e+00 0.000000000000000000e+00 0.000000000000000000e+00 0.000000000000000000e+00 0.000000000000000000e+00 1.232897156956132243e-12
8.012344810026208961e+02 6.451805289502128378e-14 8.943424468374437614e-13 1.109174099094230113e-12 0.000000000000000000e+00 0.000000000000000000e+00 0.000000000000000000e+00 0.000000000000000000e+00 0.000000000000000000e+00 0.000000000000000000e+00 0.000000000000000000e+00 1.134747588985277720e-12
8.360936308359608802e+02 4.620352321568880695e-14 8.182608555556776786e-13 8.988932799015687735e-13 0.000000000000000000e+00 0.000000000000000000e+00 0.000000000000000000e+00 0.000000000000000000e+00 0.000000000000000000e+00 0.000000000000000000e+00 0.000000000000000000e+00 1.054657060907608246e-12
8.724693907951938172e+02 4.131421189913166463e-14 8.036700315373484947e-13 8.341565190654796999e-13 0.000000000000000000e+00 0.000000000000000000e+00 0.000000000000000000e+00 0.000000000000000000e+00 0.000000000000000000e+00 0.000000000000000000e+00 0.000000000000000000e+00 9.970647753056679996e-13
9.104277437366123422e+02 5.142244578014710834e-14 8.388703639294183294e-13 9.247183040491892000e-13 0.000000000000000000e+00 0.000000000000000000e+00 0.000000000000000000e+00 0.000000000000000000e+00 0.000000000000000000e+00 0.000000000000000000e+00 0.000000000000000000e+00 9.578752742877276715e-13
9.500375432195683061e+02 7.146698766594847837e-14 8.919654991365217008e-13 1.124085527378094936e-12 0.000000000000000000e+00 0.000000000000000000e+00 0.000000000000000000e+00 0.000000000000000000e+00 0.000000000000000000e+00 0.000000000000000000e+00 0.000000000000000000e+00 9.263809458474374872e-13
9.913706384015775939e+02 8.769178006379684553e-14 9.105035749067760296e-13 1.278428504272390468e-12 0.000000000000000000e+00 0.000000000000000000e+00 0.000000000000000000e+00 0.000000000000000000e+00 0.000000000000000000e+00 0.000000000000000000e+00 0.000000000000000000e+00 8.931858504280844264e-13
1.034502004367218660e+03 8.656690778081824633e-14 8.658110614759568951e-13 1.262850773201124161e-12 0.000000000000000000e+00 0.000000000000000000e+00 0.000000000000000000e+00 0.000000000000000000e+00 0.000000000000000000e+00 0.000000000000000000e+00 0.000000000000000000e+00 8.546736781212454110e-13
1.079509878127221327e+03 6.761181021975066396e-14 7.831946405541096229e-13 1.102601313281963880e-12 0.000000000000000000e+00 0.000000000000000000e+00 0.000000000000000000e+00 0.000000000000000000e+00 0.000000000000000000e+00 0.000000000000000000e+00 0.000000000000000000e+00 8.110445809018887986e-13
1.126475900534442644e+03 4.364351432200960963e-14 7.053464552467060440e-13 8.698249861671053491e-13 0.000000000000000000e+00 0.000000000000000000e+00 0.000000000000000000e+00 0.000000000000000000e+00 0.000000000000000000e+00 0.000000000000000000e+00 0.000000000000000000e+00 7.666154332194320253e-13
1.175485264374150120e+03 2.996098150305223784e-14 6.664264622208756130e-13 7.069113249470279487e-13 0.000000000000000000e+00 0.000000000000000000e+00 0.000000000000000000e+00 0.000000000000000000e+00 0.000000000000000000e+00 0.000000000000000000e+00 0.000000000000000000e+00 7.310846752239260551e-13
1.226626868897243185e+03 3.597079255970542004e-14 6.753662973906222694e-13 7.454529797604442364e-13 0.000000000000000000e+00 0.000000000000000000e+00 0.000000000000000000e+00 0.000000000000000000e+00 0.000000000000000000e+00 0.000000000000000000e+00 0.000000000000000000e+00 7.088494570588456604e-13
1.279993481076717899e+03 5.598691873307019067e-14 7.062267244799707122e-13 9.333575289629231160e-13 0.000000000000000000e+00 0.000000000000000000e+00 0.000000000000000000e+00 0.000000000000000000e+00 0.000000000000000000e+00 0.000000000000000000e+00 0.000000000000000000e+00 6.937462583996222955e-13
1.335681903879886931e+03 6.431505117230085196e-14 7.015798330378559065e-13 1.002254755743231730e-12 0.000000000000000000e+00 0.000000000000000000e+00 0.000000000000000000e+00 0.000000000000000000e+00 0.000000000000000000e+00 0.000000000000000000e+00 0.000000000000000000e+00 6.752381098123562773e-13
1.393793151861582601e+03 4.512017897457398479e-14 6.503598917687388616e-13 8.465364337621835736e-13 0.000000000000000000e+00 0.000000000000000000e+00 0.000000000000000000e+00 0.000000000000000000e+00 0.000000000000000000e+00 0.000000000000000000e+00 0.000000000000000000e+00 6.480589678843957551e-13
1.454432634396866888e+03 1.651163122240453346e-14 5.889893237416157600e-13 5.722606575508918661e-13 0.000000000000000000e+00 0.000000000000000000e+00 0.000000000000000000e+00 0.000000000000000000e+00 0.000000000000000000e+00 0.000000000000000000e+00 0.000000000000000000e+00 6.156322256777902441e-13
1.517710346885595754e+03 6.828719848838093364e-15 5.592592073750859218e-13 4.804718874000898203e-13 0.000000000000000000e+00 0.000000000000000000e+00 0.000000000000000000e+00 0.000000000000000000e+00 0.000000000000000000e+00 0.000000000000000000e+00 0.000000000000000000e+00 5.923836264761595596e-13
1.583741070275696984e+03 2.805586592013851334e-14 5.862272982532599808e-13 6.560018695247181565e-13 0.000000000000000000e+00 0.000000000000000000e+00 0.000000000000000000e+00 0.000000000000000000e+00 0.000000000000000000e+00 0.000000000000000000e+00 0.000000000000000000e+00 5.875371976684169984e-13
1.652644579267060635e+03 4.730353056675719913e-14 6.242072624693090526e-13 7.936023850387621910e-13 0.000000000000000000e+00 0.000000000000000000e+00 0.000000000000000000e+00 0.000000000000000000e+00 0.000000000000000000e+00 0.000000000000000000e+00 0.000000000000000000e+00 5.978845013077578523e-13
1.724545859573716598e+03 2.669476779363298777e-14 6.360766733925565874e-13 6.695516043697843665e-13 0.000000000000000000e+00 0.000000000000000000e+00 0.000000000000000000e+00 0.000000000000000000e+00 0.000000000000000000e+00 0.000000000000000000e+00 0.000000000000000000e+00 6.147442627755221295e-13
1.799575334638394452e+03 -4.844460371907501727e-15 6.307750957001042033e-13 4.253038723487387453e-13 0.000000000000000000e+00 0.000000000000000000e+00 0.000000000000000000e+00 0.000000000000000000e+00 0.000000000000000000e+00 0.000000000000000000e+00 0.000000000000000000e+00 6.291289082094044130e-13
1.877869102210708206e+03 -4.964132754691302124e-15 6.636245177611725609e-13 4.399966622511147986e-13 0.000000000000000000e+00 0.000000000000000000e+00 0.000000000000000000e+00 0.000000000000000000e+00 0.000000000000000000e+00 0.000000000000000000e+00 0.000000000000000000e+00 6.470949148453514075e-13
1.959569181218102358e+03 -8.445733574789475334e-15 7.271092142176380867e-13 4.154647306839766582e-13 0.000000000000000000e+00 0.000000000000000000e+00 0.000000000000000000e+00 0.000000000000000000e+00 0.000000000000000000e+00 0.000000000000000000e+00 0.000000000000000000e+00 6.708950401191126786e-13
2.044823769377360577e+03 -4.252913269029690792e-14 7.265533346546344799e-13 2.058552119976146078e-13 0.000000000000000000e+00 0.000000000000000000e+00 0.000000000000000000e+00 0.000000000000000000e+00 0.000000000000000000e+00 0.000000000000000000e+00 0.000000000000000000e+00 6.774350348504377590e-13
2.133787512013977448e+03 -4.001530996151734694e-14 6.995238924344637053e-13 1.907352019814181692e-13 0.000000000000000000e+00 0.000000000000000000e+00 0.000000000000000000e+00 0.000000000000000000e+00 0.000000000000000000e+00 0.000000000000000000e+00 0.000000000000000000e+00 6.555441528870896747e-13
2.226621782576980422e+03 -1.831882468453874089e-14 7.073734546740862536e-13 2.808920835902121104e-13 0.000000000000000000e+00 0.000000000000000000e+00 0.000000000000000000e+00 0.000000000000000000e+00 0.000000000000000000e+00 0.000000000000000000e+00 0.000000000000000000e+00 6.559941972596077981e-13
2.323494975358078136e+03 -3.676513595134149664e-14 7.405538117375356575e-13 2.482336663062679408e-13 0.000000000000000000e+00 0.000000000000000000e+00 0.000000000000000000e+00 0.000000000000000000e+00 0.000000000000000000e+00 0.000000000000000000e+00 0.000000000000000000e+00 6.876513215876816202e-13
2.424582810946065820e+03 -3.034684867746258542e-14 7.020193497830450252e-13 2.622027149388392285e-13 0.000000000000000000e+00 0.000000000000000000e+00 0.000000000000000000e+00 0.000000000000000000e+00 0.000000000000000000e+00 0.000000000000000000e+00 0.000000000000000000e+00 6.406448266239089656e-13
2.530068654970585612e+03 -7.211036087899782124e-15 5.716138384752644394e-13 3.079522425212695454e-13 0.000000000000000000e+00 0.000000000000000000e+00 0.000000000000000000e+00 0.000000000000000000e+00 0.000000000000000000e+00 0.000000000000000000e+00 0.000000000000000000e+00 5.213081689389048280e-13
2.640143850713400752e+03 -1.979881188706475192e-14 5.066685027780800726e-13 2.442884675585498632e-13 0.000000000000000000e+00 0.000000000000000000e+00 0.000000000000000000e+00 0.000000000000000000e+00 0.000000000000000000e+00 0.000000000000000000e+00 0.000000000000000000e+00 4.584254428465519533e-13
2.755008066190528098e+03 -1.411601010356750311e-14 4.977006742735457680e-13 3.019353232347350302e-13 0.000000000000000000e+00 0.000000000000000000e+00 0.000000000000000000e+00 0.000000000000000000e+00 0.000000000000000000e+00 0.000000000000000000e+00 0.000000000000000000e+00 4.588418565955649527e-13
2.874869656334801675e+03 2.567824511842553420e-15 4.855364665109165434e-13 4.737051193443818952e-13 0.000000000000000000e+00 0.000000000000000000e+00 0.000000000000000000e+00 0.000000000000000000e+00 0.000000000000000000e+00 0.000000000000000000e+00 0.000000000000000000e+00 4.640445467087779037e-13
2.999946040935837118e+03 -1.010318719002220141e-14 4.910048285090443359e-13 3.803406816243530590e-13 0.000000000000000000e+00 0.000000000000000000e+00 0.000000000000000000e+00 0.000000000000000000e+00 0.000000000000000000e+00 0.000000000000000000e+00 0.000000000000000000e+00 4.694281223296259936e-13
3.130464099022974096e+03 1.667146318180612066e-14 5.425925218464020429e-13 6.000834809912763361e-13 0.000000000000000000e+00 0.000000000000000000e+00 0.000000000000000000e+00 0.000000000000000000e+00 0.000000000000000000e+00 0.000000000000000000e+00 0.000000000000000000e+00 5.045791918409125804e-13
3.266660580406526151e+03 3.479579387449968610e-15 6.346075398457475498e-13 7.035592258939171243e-13 0.000000000000000000e+00 0.000000000000000000e+00 0.000000000000000000e+00 0.000000000000000000e+00 0.000000000000000000e+00 0.000000000000000000e+00 0.000000000000000000e+00 5.687108648553783161e-13
3.408782535123903926e+03 1.709490597878943602e-14 7.665770267772693895e-13 9.222758479122306787e-13 0.000000000000000000e+00 0.000000000000000000e+00 0.000000000000000000e+00 0.000000000000000000e+00 0.000000000000000000e+00 0.000000000000000000e+00 0.000000000000000000e+00 6.885721223506392287e-13
3.557087761569554004e+03 4.416389952258427965e-14 9.168567159438904604e-13 1.417093087849573613e-12 0.000000000000000000e+00 0.000000000000000000e+00 0.000000000000000000e+00 0.000000000000000000e+00 0.000000000000000000e+00 0.000000000000000000e+00 0.000000000000000000e+00 8.083771771587295748e-13
3.711845274121596958e+03 5.262665547810456439e-14 1.160992943495449067e-12 1.764916209779958274e-12 0.000000000000000000e+00 0.000000000000000000e+00 0.000000000000000000e+00 0.000000000000000000e+00 0.000000000000000000e+00 0.000000000000000000e+00 0.000000000000000000e+00 9.959458643244692689e-13
3.873335791113409414e+03 9.535580654530494234e-14 1.433469505621096022e-12 2.611680901985831792e-12 0.000000000000000000e+00 0.000000000000000000e+00 0.000000000000000000e+00 0.000000000000000000e+00 0.000000000000000000e+00 0.000000000000000000e+00 0.000000000000000000e+00 1.241817393853656640e-12
4.041852244035283547e+03 1.123392069300927764e-13 2.070441385874661388e-12 3.691517528134898392e-12 0.000000000000000000e+00 0.000000000000000000e+00 0.000000000000000000e+00 0.000000000000000000e+00 0.000000000000000000e+00 0.000000000000000000e+00 0.000000000000000000e+00 1.677935850362698145e-12
4.217700308889829103e+03 2.181851515119590883e-13 2.786151585803862423e-12 5.820103293412557054e-12 0.000000000000000000e+00 0.000000000000000000e+00 0.000000000000000000e+00 0.000000000000000000e+00 0.000000000000000000e+00 0.000000000000000000e+00 0.000000000000000000e+00 2.306345256556224899e-12
4.401198960664939477e+03 3.430381253482788822e-13 4.086310345881075125e-12 8.820530146349075864e-12 0.000000000000000000e+00 0.000000000000000000e+00 0.000000000000000000e+00 0.000000000000000000e+00 0.000000000000000000e+00 0.000000000000000000e+00 0.000000000000000000e+00 3.451557319882033578e-12
4.592681051930127069e+03 4.961519422270391945e-13 7.751054548139718035e-12 1.663509946911490011e-11 0.000000000000000000e+00 0.000000000000000000e+00 0.000000000000000000e+00 0.000000000000000000e+00 0.000000000000000000e+00 0.000000000000000000e+00 0.000000000000000000e+00 6.180951844776330288e-12
4.792493916605692903e+03 1.954340968233784251e-12 1.697058598986946694e-11 3.870266555023195487e-11 0.000000000000000000e+00 0.000000000000000000e+00 0.000000000000000000e+00 0.000000000000000000e+00 0.000000000000000000e+00 0.000000000000000000e+00 0.000000000000000000e+00 1.669388318112632839e-11
5.001000000000000909e+03 0.000000000000000000e+00 0.000000000000000000e+00 0.000000000000000000e+00 0.000000000000000000e+00 0.000000000000000000e+00 0.000000000000000000e+00 0.000000000000000000e+00 0.000000000000000000e+00 0.000000000000000000e+00 0.000000000000000000e+00 0.000000000000000000e+00
