1.000000000000000000e+00 -2.476279232837241223e-09 5.380424240057732847e-09 2.470415039569893116e-08 0.000000000000000000e+00 0.000000000000000000e+00 0.000000000000000000e+00 0.000000000000000000e+00 0.000000000000000000e+00 0.000000000000000000e+00 0.000000000000000000e+00 8.459847515050108218e-08
1.048083990498704487e+00 -2.254263275664258539e-09 4.898109432269650320e-09 2.248952635407822072e-08 0.000000000000000000e+00 0.000000000000000000e+00 0.000000000000000000e+00 0.000000000000000000e+00 0.000000000000000000e+00 0.000000000000000000e+00 0.000000000000000000e+00 7.701452027568046254e-08
1.098480051139688385e+00 -2.052146325054876256e-09 4.459051795474357947e-09 2.047345936074914996e-08 0.000000000000000000e+00 0.000000000000000000e+00 0.000000000000000000e+00 0.000000000000000000e+00 0.000000000000000000e+00 0.000000000000000000e+00 0.000000000000000000e+00 7.011064500824975111e-08
1.151299355481705478e+00 -1.868146972293622483e-09 4.059360826628346173e-09 1.863812371320235771e-08 0.000000000000000000e+00 0.000000000000000000e+00 0.000000000000000000e+00 0.000000000000000000e+00 0.000000000000000000e+00 0.000000000000000000e+00 0.000000000000000000e+00 6.382572960395826279e-08
1.206658422751852200e+00 -1.700642814682199959e-09 3.695500966830624692e-09 1.696730388323301086e-08 0.000000000000000000e+00 0.000000000000000000e+00 0.000000000000000000e+00 0.000000000000000000e+00 0.000000000000000000e+00 0.000000000000000000e+00 0.000000000000000000e+00 5.810421203886244414e-08
1.264679374886633845e+00 -1.548155987747767395e-09 3.364256424186997491e-09 1.544624532136614661e-08 0.000000000000000000e+00 0.000000000000000000e+00 0.000000000000000000e+00 0.000000000000000000e+00 0.000000000000000000e+00 0.000000000000000000e+00 0.000000000000000000e+00 5.289554954466689245e-08
1.325490205932590149e+00 -1.409340380354653328e-09 3.062702676858086097e-09 1.406153618173872554e-08 0.000000000000000000e+00 0.000000000000000000e+00 0.000000000000000000e+00 0.000000000000000000e+00 0.000000000000000000e+00 0.000000000000000000e+00 0.000000000000000000e+00 4.815379274886404763e-08
1.389225064400778642e+00 -1.282970496890889798e-09 2.788180385552082407e-09 1.280094477804774378e-08 0.000000000000000000e+00 0.000000000000000000e+00 0.000000000000000000e+00 0.000000000000000000e+00 0.000000000000000000e+00 0.000000000000000000e+00 0.000000000000000000e+00 4.383706200426732284e-08
1.456024549197987739e+00 -1.167931057098284620e-09 2.538263857359155699e-09 1.165335682460445566e-08 0.000000000000000000e+00 0.000000000000000000e+00 0.000000000000000000e+00 0.000000000000000000e+00 0.000000000000000000e+00 0.000000000000000000e+00 0.000000000000000000e+00 3.990727968094236031e-08
1.526036019787504028e+00 -1.063206308634176944e-09 2.310747437412541695e-09 1.060863678290219752e-08 0.000000000000000000e+00 0.000000000000000000e+00 0.000000000000000000e+00 0.000000000000000000e+00 0.000000000000000000e+00 0.000000000000000000e+00 0.000000000000000000e+00 3.632974172706380823e-08
1.599413921263647120e+00 -9.678709597609367633e-10 2.103626848641894268e-09 9.657570643847222958e-09 0.000000000000000000e+00 0.000000000000000000e+00 0.000000000000000000e+00 0.000000000000000000e+00 0.000000000000000000e+00 0.000000000000000000e+00 0.000000000000000000e+00 3.307290187143055931e-08
1.676320125057183974e+00 -8.810838869449800275e-10 1.915069452875684213e-09 8.791762247541382376e-09 0.000000000000000000e+00 0.000000000000000000e+00 0.000000000000000000e+00 0.000000000000000000e+00 0.000000000000000000e+00 0.000000000000000000e+00 0.000000000000000000e+00 3.010799649470227334e-08
1.756924286023220594e+00 -8.020786518860761962e-10 1.743412569310507481e-09 8.003569279524532033e-09 0.000000000000000000e+00 0.000000000000000000e+00 0.000000000000000000e+00 0.000000000000000000e+00 0.000000000000000000e+00 0.000000000000000000e+00 0.000000000000000000e+00 2.740886219074029856e-08
1.841404216699304097e+00 -7.301568524873107176e-10 1.587142860008240046e-09 7.286036263021946878e-09 0.000000000000000000e+00 0.000000000000000000e+00 0.000000000000000000e+00 0.000000000000000000e+00 0.000000000000000000e+00 0.000000000000000000e+00 0.000000000000000000e+00 2.495168791943222833e-08
1.929946279559347611e+00 -6.646845279755560396e-10 1.444878776384383019e-09 6.632829482481510711e-09 0.000000000000000000e+00 0.000000000000000000e+00 0.000000000000000000e+00 0.000000000000000000e+00 0.000000000000000000e+00 0.000000000000000000e+00 0.000000000000000000e+00 2.271477692853930139e-08
2.022745798128689376e+00 -6.050815781381629041e-10 1.315367345365462084e-09 6.038188413110045621e-09 0.000000000000000000e+00 0.000000000000000000e+00 0.000000000000000000e+00 0.000000000000000000e+00 0.000000000000000000e+00 0.000000000000000000e+00 0.000000000000000000e+00 2.067841056331152241e-08
2.120007487867203277e+00 -5.508146465483335197e-10 1.197478614770303129e-09 5.496894811854381512e-09 0.000000000000000000e+00 0.000000000000000000e+00 0.000000000000000000e+00 0.000000000000000000e+00 0.000000000000000000e+00 0.000000000000000000e+00 0.000000000000000000e+00 1.882476575097760383e-08
2.221945907770991990e+00 -5.014100857406433494e-10 1.090162204585700476e-09 5.004133315073114234e-09 0.000000000000000000e+00 0.000000000000000000e+00 0.000000000000000000e+00 0.000000000000000000e+00 0.000000000000000000e+00 0.000000000000000000e+00 0.000000000000000000e+00 1.713734145308577115e-08
2.328785933688887866e+00 -4.564354523578216999e-10 9.924645684264077839e-10 4.555541118320809494e-09 0.000000000000000000e+00 0.000000000000000000e+00 0.000000000000000000e+00 0.000000000000000000e+00 0.000000000000000000e+00 0.000000000000000000e+00 0.000000000000000000e+00 1.560117497443659999e-08
2.440763254397900539e+00 -4.154930334334767792e-10 9.035266521468989401e-10 4.147159707367462264e-09 0.000000000000000000e+00 0.000000000000000000e+00 0.000000000000000000e+00 0.000000000000000000e+00 0.000000000000000000e+00 0.000000000000000000e+00 0.000000000000000000e+00 1.420271164318590260e-08
2.558124891531956102e+00 -3.782227062969214554e-10 8.225596539601843542e-10 3.775379650185135571e-09 0.000000000000000000e+00 0.000000000000000000e+00 0.000000000000000000e+00 0.000000000000000000e+00 0.000000000000000000e+00 0.000000000000000000e+00 0.000000000000000000e+00 1.292958327801947863e-08
2.681129744510877710e+00 -3.442951753729771884e-10 7.488478359504281731e-10 3.436923507333294899e-09 0.000000000000000000e+00 0.000000000000000000e+00 0.000000000000000000e+00 0.000000000000000000e+00 0.000000000000000000e+00 0.000000000000000000e+00 0.000000000000000000e+00 1.177055980325264485e-08
2.810049161671732687e+00 -3.134103609197630686e-10 6.817430622329154873e-10 3.128803692100847975e-09 0.000000000000000000e+00 0.000000000000000000e+00 0.000000000000000000e+00 0.000000000000000000e+00 0.000000000000000000e+00 0.000000000000000000e+00 0.000000000000000000e+00 1.071541772705121094e-08
2.945167538862448531e+00 -2.852961264923001469e-10 6.206509808330897265e-10 2.848303868322223619e-09 0.000000000000000000e+00 0.000000000000000000e+00 0.000000000000000000e+00 0.000000000000000000e+00 0.000000000000000000e+00 0.000000000000000000e+00 0.000000000000000000e+00 9.754843218447322088e-09
3.086782946818203310e+00 -2.597010932589180489e-10 5.650376696836561553e-10 2.592960918108790156e-09 0.000000000000000000e+00 0.000000000000000000e+00 0.000000000000000000e+00 0.000000000000000000e+00 0.000000000000000000e+00 0.000000000000000000e+00 0.000000000000000000e+00 8.880414577765041609e-09
3.235207788704572263e+00 -2.363963953017418380e-10 5.144176668295787667e-10 2.360527488877207889e-09 0.000000000000000000e+00 0.000000000000000000e+00 0.000000000000000000e+00 0.000000000000000000e+00 0.000000000000000000e+00 0.000000000000000000e+00 0.000000000000000000e+00 8.084460018793838839e-09
3.390769489277977389e+00 -2.151811946804441790e-10 4.683353455043443266e-10 2.148928732052301968e-09 0.000000000000000000e+00 0.000000000000000000e+00 0.000000000000000000e+00 0.000000000000000000e+00 0.000000000000000000e+00 0.000000000000000000e+00 0.000000000000000000e+00 7.359855658126984705e-09
3.553811217183716842e+00 -1.958689249949226728e-10 4.263830521083730255e-10 1.956292900784915165e-09 0.000000000000000000e+00 0.000000000000000000e+00 0.000000000000000000e+00 0.000000000000000000e+00 0.000000000000000000e+00 0.000000000000000000e+00 0.000000000000000000e+00 6.700189522275524371e-09
3.724692641984967079e+00 -1.782890320087062012e-10 3.881894889756346082e-10 1.780921623454305688e-09 0.000000000000000000e+00 0.000000000000000000e+00 0.000000000000000000e+00 0.000000000000000000e+00 0.000000000000000000e+00 0.000000000000000000e+00 0.000000000000000000e+00 6.099639675325826175e-09
3.903790727592766796e+00 -1.622865063859974758e-10 3.534185242318684519e-10 1.621267543419884697e-09 0.000000000000000000e+00 0.000000000000000000e+00 0.000000000000000000e+00 0.000000000000000000e+00 0.000000000000000000e+00 0.000000000000000000e+00 0.000000000000000000e+00 5.552906534430285536e-09
4.091500563847268346e+00 -1.477190441328325908e-10 3.217632060907789216e-10 1.475927706928036932e-09 0.000000000000000000e+00 0.000000000000000000e+00 0.000000000000000000e+00 0.000000000000000000e+00 0.000000000000000000e+00 0.000000000000000000e+00 0.000000000000000000e+00 5.055185166625979483e-09
4.288236238084743412e+00 -1.344541306644374585e-10 2.929517024475139338e-10 1.343632047452731708e-09 0.000000000000000000e+00 0.000000000000000000e+00 0.000000000000000000e+00 0.000000000000000000e+00 0.000000000000000000e+00 0.000000000000000000e+00 0.000000000000000000e+00 4.602150245238343440e-09
4.494431748613010313e+00 -1.223790342421091669e-10 2.667217201335718799e-10 1.223193764714090308e-09 0.000000000000000000e+00 0.000000000000000000e+00 0.000000000000000000e+00 0.000000000000000000e+00 0.000000000000000000e+00 0.000000000000000000e+00 0.000000000000000000e+00 4.189718650755638038e-09
4.710541962110394110e+00 -1.113874305560713062e-10 2.428424838541448688e-10 1.113546812094534431e-09 0.000000000000000000e+00 0.000000000000000000e+00 0.000000000000000000e+00 0.000000000000000000e+00 0.000000000000000000e+00 0.000000000000000000e+00 0.000000000000000000e+00 3.814241346664779098e-09
4.937043617060258072e+00 -1.013825207659643977e-10 2.211010632834486273e-10 1.013725448328157316e-09 0.000000000000000000e+00 0.000000000000000000e+00 0.000000000000000000e+00 0.000000000000000000e+00 0.000000000000000000e+00 0.000000000000000000e+00 0.000000000000000000e+00 3.472402116432111996e-09
5.174436375434672719e+00 -9.227374895047294303e-11 2.013108757513744936e-10 9.228585768161991291e-10 0.000000000000000000e+00 0.000000000000000000e+00 0.000000000000000000e+00 0.000000000000000000e+00 0.000000000000000000e+00 0.000000000000000000e+00 0.000000000000000000e+00 3.161228255708020730e-09
5.423243924947224848e+00 -8.398018063859298840e-11 1.832964535797183564e-10 8.401422573779317494e-10 0.000000000000000000e+00 0.000000000000000000e+00 0.000000000000000000e+00 0.000000000000000000e+00 0.000000000000000000e+00 0.000000000000000000e+00 0.000000000000000000e+00 2.877973606218725698e-09
5.684015134306542372e+00 -7.643069277039244054e-11 1.668970396285054425e-10 7.648387177444530078e-10 0.000000000000000000e+00 0.000000000000000000e+00 0.000000000000000000e+00 0.000000000000000000e+00 0.000000000000000000e+00 0.000000000000000000e+00 0.000000000000000000e+00 2.620102619673267553e-09
5.957325264019030620e+00 -6.955938454737432054e-11 1.519655445312767359e-10 6.962805874027690339e-10 0.000000000000000000e+00 0.000000000000000000e+00 0.000000000000000000e+00 0.000000000000000000e+00 0.000000000000000000e+00 0.000000000000000000e+00 0.000000000000000000e+00 2.385324823403563831e-09
6.243777235411813287e+00 -6.330327600709454207e-11 1.383733619715653029e-10 6.338732812198713065e-10 0.000000000000000000e+00 0.000000000000000000e+00 0.000000000000000000e+00 0.000000000000000000e+00 0.000000000000000000e+00 0.000000000000000000e+00 0.000000000000000000e+00 2.171612347243082328e-09
6.544002960675382674e+00 -5.760713858753998905e-11 1.260012904695361623e-10 5.770636597265913088e-10 0.000000000000000000e+00 0.000000000000000000e+00 0.000000000000000000e+00 0.000000000000000000e+00 0.000000000000000000e+00 0.000000000000000000e+00 0.000000000000000000e+00 1.977074040747975881e-09
6.858664736859990008e+00 -5.242288601206136962e-11 1.147363739316773468e-10 5.253422307246947700e-10 0.000000000000000000e+00 0.000000000000000000e+00 0.000000000000000000e+00 0.000000000000000000e+00 0.000000000000000000e+00 0.000000000000000000e+00 0.000000000000000000e+00 1.799955180309837963e-09
7.188456706900965720e+00 -4.770328412773197302e-11 1.044823292075845720e-10 4.782581175849637536e-10 0.000000000000000000e+00 0.000000000000000000e+00 0.000000000000000000e+00 0.000000000000000000e+00 0.000000000000000000e+00 0.000000000000000000e+00 0.000000000000000000e+00 1.638717365432319589e-09
7.534106390895940031e+00 -4.340604746518127139e-11 9.514784314415090856e-11 4.353988170690504517e-10 0.000000000000000000e+00 0.000000000000000000e+00 0.000000000000000000e+00 0.000000000000000000e+00 0.000000000000000000e+00 0.000000000000000000e+00 0.000000000000000000e+00 1.491948339316044315e-09
7.896376291012006554e+00 -3.949464068907853184e-11 8.665006757598112383e-11 3.963785386646827922e-10 0.000000000000000000e+00 0.000000000000000000e+00 0.000000000000000000e+00 0.000000000000000000e+00 0.000000000000000000e+00 0.000000000000000000e+00 0.000000000000000000e+00 1.358325802712192164e-09
8.276065573563224476e+00 -3.593394318885403255e-11 7.891383966876063756e-11 3.608569544670352415e-10 0.000000000000000000e+00 0.000000000000000000e+00 0.000000000000000000e+00 0.000000000000000000e+00 0.000000000000000000e+00 0.000000000000000000e+00 0.000000000000000000e+00 1.236683235979622297e-09
8.674011831969092867e+00 -3.269202019912896144e-11 7.187117276583586207e-11 3.285216305650581310e-10 0.000000000000000000e+00 0.000000000000000000e+00 0.000000000000000000e+00 0.000000000000000000e+00 0.000000000000000000e+00 0.000000000000000000e+00 0.000000000000000000e+00 1.125953577126662047e-09
9.091092934483143040e+00 -2.974144096037535741e-11 6.545951413201265224e-11 2.990820914145214674e-10 0.000000000000000000e+00 0.000000000000000000e+00 0.000000000000000000e+00 0.000000000000000000e+00 0.000000000000000000e+00 0.000000000000000000e+00 0.000000000000000000e+00 1.025138461752311821e-09
9.528228960767670230e+00 -2.705471480232127305e-11 5.962381561488001206e-11 2.722851414255407951e-10 0.000000000000000000e+00 0.000000000000000000e+00 0.000000000000000000e+00 0.000000000000000000e+00 0.000000000000000000e+00 0.000000000000000000e+00 0.000000000000000000e+00 9.333749593051997420e-10
9.986384231586702853e+00 -2.460943148430699855e-11 5.431026504887158402e-11 2.478878346017845325e-10 0.000000000000000000e+00 0.000000000000000000e+00 0.000000000000000000e+00 0.000000000000000000e+00 0.000000000000000000e+00 0.000000000000000000e+00 0.000000000000000000e+00 8.498265435159100427e-10
1.046656943609472812e+01 -2.238299400514763948e-11 4.947336242183451200e-11 2.256799936669479008e-10 0.000000000000000000e+00 0.000000000000000000e+00 0.000000000000000000e+00 0.000000000000000000e+00 0.000000000000000000e+00 0.000000000000000000e+00 0.000000000000000000e+00 7.737768413842347208e-10
1.096984386141394019e+01 -2.035633511487125548e-11 4.506992854633280296e-11 2.054607165828348010e-10 0.000000000000000000e+00 0.000000000000000000e+00 0.000000000000000000e+00 0.000000000000000000e+00 0.000000000000000000e+00 0.000000000000000000e+00 0.000000000000000000e+00 7.045390087981708458e-10
1.149731772941843744e+01 -1.851103968655752511e-11 4.106205562680387889e-11 1.870568107033738844e-10 0.000000000000000000e+00 0.000000000000000000e+00 0.000000000000000000e+00 0.000000000000000000e+00 0.000000000000000000e+00 0.000000000000000000e+00 0.000000000000000000e+00 6.415166640301976355e-10
1.205015464588037766e+01 -1.683175470349269252e-11 3.741237381353784816e-11 1.703004146251731186e-10 0.000000000000000000e+00 0.000000000000000000e+00 0.000000000000000000e+00 0.000000000000000000e+00 0.000000000000000000e+00 0.000000000000000000e+00 0.000000000000000000e+00 5.841341789314432631e-10
1.262957416738081129e+01 -1.530256472398893778e-11 3.409102512568225437e-11 1.550476337389357900e-10 0.000000000000000000e+00 0.000000000000000000e+00 0.000000000000000000e+00 0.000000000000000000e+00 0.000000000000000000e+00 0.000000000000000000e+00 0.000000000000000000e+00 5.319046157843970491e-10
1.323685449164783101e+01 -1.391071380584699440e-11 3.106671202293734130e-11 1.411617143782244587e-10 0.000000000000000000e+00 0.000000000000000000e+00 0.000000000000000000e+00 0.000000000000000000e+00 0.000000000000000000e+00 0.000000000000000000e+00 0.000000000000000000e+00 4.843529752189620541e-10
1.387333527725695603e+01 -1.264363189580694292e-11 2.831367782441187431e-11 1.285205041820581806e-10 0.000000000000000000e+00 0.000000000000000000e+00 0.000000000000000000e+00 0.000000000000000000e+00 0.000000000000000000e+00 0.000000000000000000e+00 0.000000000000000000e+00 4.410651796688689942e-10
1.454042059891392391e+01 -1.148996549740419252e-11 2.580773861317748077e-11 1.170136337149249028e-10 0.000000000000000000e+00 0.000000000000000000e+00 0.000000000000000000e+00 0.000000000000000000e+00 0.000000000000000000e+00 0.000000000000000000e+00 0.000000000000000000e+00 4.016616117356705698e-10
1.523958204483926515e+01 -1.044010225263339006e-11 2.352596192887949278e-11 1.065365329629357524e-10 0.000000000000000000e+00 0.000000000000000000e+00 0.000000000000000000e+00 0.000000000000000000e+00 0.000000000000000000e+00 0.000000000000000000e+00 0.000000000000000000e+00 3.657843802823347577e-10
1.597236196308753975e+01 -9.484126035915385321e-12 2.144890846157126727e-11 9.699990744850932780e-11 0.000000000000000000e+00 0.000000000000000000e+00 0.000000000000000000e+00 0.000000000000000000e+00 0.000000000000000000e+00 0.000000000000000000e+00 0.000000000000000000e+00 3.331276431365829065e-10
1.674037686396251345e+01 -8.613894667134872735e-12 1.955838119203116897e-11 8.831808996861408665e-11 0.000000000000000000e+00 0.000000000000000000e+00 0.000000000000000000e+00 0.000000000000000000e+00 0.000000000000000000e+00 0.000000000000000000e+00 0.000000000000000000e+00 3.033991817253805474e-10
1.754532098603401380e+01 -7.821842561525508926e-12 1.783678026195357491e-11 8.041394769566400744e-11 0.000000000000000000e+00 0.000000000000000000e+00 0.000000000000000000e+00 0.000000000000000000e+00 0.000000000000000000e+00 0.000000000000000000e+00 0.000000000000000000e+00 2.763329163478691720e-10
1.838897003362319182e+01 -7.100702658843662721e-12 1.626987587241385473e-11 7.321894781396819862e-11 0.000000000000000000e+00 0.000000000000000000e+00 0.000000000000000000e+00 0.000000000000000000e+00 0.000000000000000000e+00 0.000000000000000000e+00 0.000000000000000000e+00 2.516956223288646649e-10
1.927318509400089397e+01 -6.444258639303208366e-12 1.484348837338886428e-11 6.666864452767052629e-11 0.000000000000000000e+00 0.000000000000000000e+00 0.000000000000000000e+00 0.000000000000000000e+00 0.000000000000000000e+00 0.000000000000000000e+00 0.000000000000000000e+00 2.292668463245677866e-10
2.019991674294060147e+01 -5.846762344138355602e-12 1.354507332366860076e-11 6.070539400787642023e-11 0.000000000000000000e+00 0.000000000000000000e+00 0.000000000000000000e+00 0.000000000000000000e+00 0.000000000000000000e+00 0.000000000000000000e+00 0.000000000000000000e+00 2.088481745405719659e-10
2.117120934768277252e+01 -5.302897065876635546e-12 1.236268661044465426e-11 5.527657391563123692e-11 0.000000000000000000e+00 0.000000000000000000e+00 0.000000000000000000e+00 0.000000000000000000e+00 0.000000000000000000e+00 0.000000000000000000e+00 0.000000000000000000e+00 1.902592853494440702e-10
2.218920557680284134e+01 -4.807759624522577734e-12 1.128662122598035213e-11 5.033454102264158115e-11 0.000000000000000000e+00 0.000000000000000000e+00 0.000000000000000000e+00 0.000000000000000000e+00 0.000000000000000000e+00 0.000000000000000000e+00 0.000000000000000000e+00 1.733383470331641280e-10
2.325615112693162345e+01 -4.357077400487572447e-12 1.030672778619376668e-11 4.583549158699637375e-11 0.000000000000000000e+00 0.000000000000000000e+00 0.000000000000000000e+00 0.000000000000000000e+00 0.000000000000000000e+00 0.000000000000000000e+00 0.000000000000000000e+00 1.579339654887854690e-10
2.437439967675543429e+01 -3.946813357065413020e-12 9.414896695131359422e-12 4.173984278269376195e-11 0.000000000000000000e+00 0.000000000000000000e+00 0.000000000000000000e+00 0.000000000000000000e+00 0.000000000000000000e+00 0.000000000000000000e+00 0.000000000000000000e+00 1.439114768930674575e-10
2.554641807922417485e+01 -3.573399012930995366e-12 8.603042393954949378e-12 3.801114762555455906e-11 0.000000000000000000e+00 0.000000000000000000e+00 0.000000000000000000e+00 0.000000000000000000e+00 0.000000000000000000e+00 0.000000000000000000e+00 0.000000000000000000e+00 1.311461190257223924e-10
2.677479180342151466e+01 -3.233514613581387451e-12 7.863977206755723993e-12 3.461660288135841800e-11 0.000000000000000000e+00 0.000000000000000000e+00 0.000000000000000000e+00 0.000000000000000000e+00 0.000000000000000000e+00 0.000000000000000000e+00 0.000000000000000000e+00 1.195252955718560439e-10
2.806223063810201879e+01 -2.924206724675588331e-12 7.191153063306730773e-12 3.152617785185298357e-11 0.000000000000000000e+00 0.000000000000000000e+00 0.000000000000000000e+00 0.000000000000000000e+00 0.000000000000000000e+00 0.000000000000000000e+00 0.000000000000000000e+00 1.089459434596581658e-10
2.941157466947697685e+01 -2.642691209732772894e-12 6.578543739358122804e-12 2.871269353602167126e-11 0.000000000000000000e+00 0.000000000000000000e+00 0.000000000000000000e+00 0.000000000000000000e+00 0.000000000000000000e+00 0.000000000000000000e+00 0.000000000000000000e+00 9.931521536402133653e-11
3.082580054643603873e+01 -2.386496025183328454e-12 6.020929656421059857e-12 2.615118343499916484e-11 0.000000000000000000e+00 0.000000000000000000e+00 0.000000000000000000e+00 0.000000000000000000e+00 0.000000000000000000e+00 0.000000000000000000e+00 0.000000000000000000e+00 9.054790980026149442e-11
3.230802804702582165e+01 -2.153344943914112570e-12 5.513263320899554811e-12 2.381930208203350067e-11 0.000000000000000000e+00 0.000000000000000000e+00 0.000000000000000000e+00 0.000000000000000000e+00 0.000000000000000000e+00 0.000000000000000000e+00 0.000000000000000000e+00 8.256710100509872112e-11
3.386152696067089352e+01 -1.941233908611460731e-12 5.051117967062699202e-12 2.169606183444999949e-11 0.000000000000000000e+00 0.000000000000000000e+00 0.000000000000000000e+00 0.000000000000000000e+00 0.000000000000000000e+00 0.000000000000000000e+00 0.000000000000000000e+00 7.530124716720812791e-11
3.548972430131941280e+01 -1.748201263499164997e-12 4.630526596654327978e-12 1.976331873706246177e-11 0.000000000000000000e+00 0.000000000000000000e+00 0.000000000000000000e+00 0.000000000000000000e+00 0.000000000000000000e+00 0.000000000000000000e+00 0.000000000000000000e+00 6.868820933233342487e-11
3.719621186742568852e+01 -1.572635993811114795e-12 4.247460001949803400e-12 1.800332755480874259e-11 0.000000000000000000e+00 0.000000000000000000e+00 0.000000000000000000e+00 0.000000000000000000e+00 0.000000000000000000e+00 0.000000000000000000e+00 0.000000000000000000e+00 6.266694892225049431e-11
3.898475416544679462e+01 -1.412932844983858169e-12 3.898928064431946883e-12 1.640106550828803383e-11 0.000000000000000000e+00 0.000000000000000000e+00 0.000000000000000000e+00 0.000000000000000000e+00 0.000000000000000000e+00 0.000000000000000000e+00 0.000000000000000000e+00 5.718646706178539097e-11
4.085929671433245147e+01 -1.267683616811695070e-12 3.581534940008378770e-12 1.494224214835192258e-11 0.000000000000000000e+00 0.000000000000000000e+00 0.000000000000000000e+00 0.000000000000000000e+00 0.000000000000000000e+00 0.000000000000000000e+00 0.000000000000000000e+00 5.219750711189007844e-11
4.282397474932817261e+01 -1.135614918047259842e-12 3.292628125298392082e-12 1.361398119037987453e-11 0.000000000000000000e+00 0.000000000000000000e+00 0.000000000000000000e+00 0.000000000000000000e+00 0.000000000000000000e+00 0.000000000000000000e+00 0.000000000000000000e+00 4.765618111227564062e-11
4.488312234429162118e+01 -1.015578971853016820e-12 3.029662093311802720e-12 1.240454695154389540e-11 0.000000000000000000e+00 0.000000000000000000e+00 0.000000000000000000e+00 0.000000000000000000e+00 0.000000000000000000e+00 0.000000000000000000e+00 0.000000000000000000e+00 4.352222202545415555e-11
4.704128197264671485e+01 -9.065067964484941958e-13 2.790313385496191709e-12 1.130326794084133205e-11 0.000000000000000000e+00 0.000000000000000000e+00 0.000000000000000000e+00 0.000000000000000000e+00 0.000000000000000000e+00 0.000000000000000000e+00 0.000000000000000000e+00 3.975914720508825197e-11
4.930321452806635563e+01 -8.074231826684060626e-13 2.572425576206047555e-12 1.030046343733596043e-11 0.000000000000000000e+00 0.000000000000000000e+00 0.000000000000000000e+00 0.000000000000000000e+00 0.000000000000000000e+00 0.000000000000000000e+00 0.000000000000000000e+00 3.633384146235646098e-11
5.167390982698947255e+01 -7.174540437914570253e-13 2.374100716513316914e-12 9.387370467658113799e-12 0.000000000000000000e+00 0.000000000000000000e+00 0.000000000000000000e+00 0.000000000000000000e+00 0.000000000000000000e+00 0.000000000000000000e+00 0.000000000000000000e+00 3.321629656861107806e-11
5.415859761614132850e+01 -6.358333191378150526e-13 2.193604077440001248e-12 8.555853642110008638e-12 0.000000000000000000e+00 0.000000000000000000e+00 0.000000000000000000e+00 0.000000000000000000e+00 0.000000000000000000e+00 0.000000000000000000e+00 0.000000000000000000e+00 3.037851278220783331e-11
5.676275910933904356e+01 -5.618087778842150218e-13 2.029295235514191708e-12 7.798669432276623839e-12 0.000000000000000000e+00 0.000000000000000000e+00 0.000000000000000000e+00 0.000000000000000000e+00 0.000000000000000000e+00 0.000000000000000000e+00 0.000000000000000000e+00 2.779584026741572696e-11
5.949213907903273935e+01 -4.947549060184456631e-13 1.879803454191334766e-12 7.109053950594989382e-12 0.000000000000000000e+00 0.000000000000000000e+00 0.000000000000000000e+00 0.000000000000000000e+00 0.000000000000000000e+00 0.000000000000000000e+00 0.000000000000000000e+00 2.544510394720019654e-11
6.235275852925654050e+01 -4.340701475906241404e-13 1.743726912637500114e-12 6.481038408295254660e-12 0.000000000000000000e+00 0.000000000000000000e+00 0.000000000000000000e+00 0.000000000000000000e+00 0.000000000000000000e+00 0.000000000000000000e+00 0.000000000000000000e+00 2.330569864259447651e-11
6.535092797794534647e+01 -3.792120550857463497e-13 1.619956736937477633e-12 5.909152802415877227e-12 0.000000000000000000e+00 0.000000000000000000e+00 0.000000000000000000e+00 0.000000000000000000e+00 0.000000000000000000e+00 0.000000000000000000e+00 0.000000000000000000e+00 2.135903367462502851e-11
6.849326137791837255e+01 -3.297109657814852323e-13 1.507359187254232530e-12 5.388319917069261850e-12 0.000000000000000000e+00 0.000000000000000000e+00 0.000000000000000000e+00 0.000000000000000000e+00 0.000000000000000000e+00 0.000000000000000000e+00 0.000000000000000000e+00 1.958760823606369111e-11
7.178669070723945822e+01 -2.851242852832054882e-13 1.404988692652054766e-12 4.914057687084663287e-12 0.000000000000000000e+00 0.000000000000000000e+00 0.000000000000000000e+00 0.000000000000000000e+00 0.000000000000000000e+00 0.000000000000000000e+00 0.000000000000000000e+00 1.797598892767279122e-11
7.523848126113982460e+01 -2.450682947561607668e-13 1.311894538874392466e-12 4.482166196625590505e-12 0.000000000000000000e+00 0.000000000000000000e+00 0.000000000000000000e+00 0.000000000000000000e+00 0.000000000000000000e+00 0.000000000000000000e+00 0.000000000000000000e+00 1.650975508147373651e-11
7.885624767923739853e+01 -2.091850025074738860e-13 1.227266658866112136e-12 4.088881275487971302e-12 0.000000000000000000e+00 0.000000000000000000e+00 0.000000000000000000e+00 0.000000000000000000e+00 0.000000000000000000e+00 0.000000000000000000e+00 0.000000000000000000e+00 1.517593784481151489e-11
8.264797074340931715e+01 -1.771594974179544442e-13 1.150433084573159274e-12 3.730877328095981555e-12 0.000000000000000000e+00 0.000000000000000000e+00 0.000000000000000000e+00 0.000000000000000000e+00 0.000000000000000000e+00 0.000000000000000000e+00 0.000000000000000000e+00 1.396300079220060108e-11
8.662201498337263672e+01 -1.487091747968257642e-13 1.080673775160932912e-12 3.404986106446343100e-12 0.000000000000000000e+00 0.000000000000000000e+00 0.000000000000000000e+00 0.000000000000000000e+00 0.000000000000000000e+00 0.000000000000000000e+00 0.000000000000000000e+00 1.286001298336813384e-11
9.078714712881175330e+01 -1.235793495398638387e-13 1.017417613545038252e-12 3.108472280976493504e-12 0.000000000000000000e+00 0.000000000000000000e+00 0.000000000000000000e+00 0.000000000000000000e+00 0.000000000000000000e+00 0.000000000000000000e+00 0.000000000000000000e+00 1.185736153016757131e-11
9.515255544875799387e+01 -1.015459088876315272e-13 9.601242849978763936e-13 2.838783517922691714e-12 0.000000000000000000e+00 0.000000000000000000e+00 0.000000000000000000e+00 0.000000000000000000e+00 0.000000000000000000e+00 0.000000000000000000e+00 0.000000000000000000e+00 1.094612367270720470e-11
9.972787002088355734e+01 -8.241566448034314994e-14 9.083155534391573489e-13 2.593649101527776182e-12 0.000000000000000000e+00 0.000000000000000000e+00 0.000000000000000000e+00 0.000000000000000000e+00 0.000000000000000000e+00 0.000000000000000000e+00 0.000000000000000000e+00 1.011829496352557687e-11
1.045231839754237768e+02 -6.600421461237956390e-14 8.615610860934141419e-13 2.371026213541792461e-12 0.000000000000000000e+00 0.000000000000000000e+00 0.000000000000000000e+00 0.000000000000000000e+00 0.000000000000000000e+00 0.000000000000000000e+00 0.000000000000000000e+00 9.366564581635005365e-12
1.095490757605923164e+02 -5.215469508574937381e-14 8.194866005232061071e-13 2.169073565111687279e-12 0.000000000000000000e+00 0.000000000000000000e+00 0.000000000000000000e+00 0.000000000000000000e+00 0.000000000000000000e+00 0.000000000000000000e+00 0.000000000000000000e+00 8.684251505266223898e-12
1.148166324786065218e+02 -4.072070206883003451e-14 7.817894031631041301e-13 1.986174009450725194e-12 0.000000000000000000e+00 0.000000000000000000e+00 0.000000000000000000e+00 0.000000000000000000e+00 0.000000000000000000e+00 0.000000000000000000e+00 0.000000000000000000e+00 8.065365867951734996e-12
1.203374743438011052e+02 -3.157148176798331939e-14 7.481738939504996724e-13 1.820878028982929461e-12 0.000000000000000000e+00 0.000000000000000000e+00 0.000000000000000000e+00 0.000000000000000000e+00 0.000000000000000000e+00 0.000000000000000000e+00 0.000000000000000000e+00 7.504409694388797048e-12
1.261237803167864371e+02 -2.458276542226285552e-14 7.184259319308710961e-13 1.671888904974649693e-12 0.000000000000000000e+00 0.000000000000000000e+00 0.000000000000000000e+00 0.000000000000000000e+00 0.000000000000000000e+00 0.000000000000000000e+00 0.000000000000000000e+00 6.996330477670628347e-12
1.321883149711995316e+02 -1.963129392581599814e-14 6.923754314480075832e-13 1.538157709854293985e-12 0.000000000000000000e+00 0.000000000000000000e+00 0.000000000000000000e+00 0.000000000000000000e+00 0.000000000000000000e+00 0.000000000000000000e+00 0.000000000000000000e+00 6.536685687744326074e-12
1.385444566523144658e+02 -1.658898030263602838e-14 6.699046609278850530e-13 1.418727577615375226e-12 0.000000000000000000e+00 0.000000000000000000e+00 0.000000000000000000e+00 0.000000000000000000e+00 0.000000000000000000e+00 0.000000000000000000e+00 0.000000000000000000e+00 6.121297775814025802e-12
1.452062269896324267e+02 -1.532548432739337313e-14 6.509554084791397288e-13 1.312824886147635478e-12 0.000000000000000000e+00 0.000000000000000000e+00 0.000000000000000000e+00 0.000000000000000000e+00 0.000000000000000000e+00 0.000000000000000000e+00 0.000000000000000000e+00 5.746426590507686293e-12
1.521883218285546775e+02 -1.568409817582862002e-14 6.355387280397393166e-13 1.219843011076961876e-12 0.000000000000000000e+00 0.000000000000000000e+00 0.000000000000000000e+00 0.000000000000000000e+00 0.000000000000000000e+00 0.000000000000000000e+00 0.000000000000000000e+00 5.408633480944101438e-12
1.595061436493727172e+02 -1.747652271298242882e-14 6.237385091703883873e-13 1.139396244109239354e-12 0.000000000000000000e+00 0.000000000000000000e+00 0.000000000000000000e+00 0.000000000000000000e+00 0.000000000000000000e+00 0.000000000000000000e+00 0.000000000000000000e+00 5.104755780890055202e-12
1.671758355450940314e+02 -2.047595160661442342e-14 6.157247943792106711e-13 1.071273367319120181e-12 0.000000000000000000e+00 0.000000000000000000e+00 0.000000000000000000e+00 0.000000000000000000e+00 0.000000000000000000e+00 0.000000000000000000e+00 0.000000000000000000e+00 4.831810986905171465e-12
1.752143168330573531e+02 -2.439894784556478476e-14 6.117694513771328474e-13 1.015532632302057538e-12 0.000000000000000000e+00 0.000000000000000000e+00 0.000000000000000000e+00 0.000000000000000000e+00 0.000000000000000000e+00 0.000000000000000000e+00 0.000000000000000000e+00 4.587050448807769180e-12
1.836393203788951212e+02 -2.889049257483408454e-14 6.122666420276679510e-13 9.725246217310452515e-13 0.000000000000000000e+00 0.000000000000000000e+00 0.000000000000000000e+00 0.000000000000000000e+00 0.000000000000000000e+00 0.000000000000000000e+00 0.000000000000000000e+00 4.367784872887827608e-12
1.924694317151823384e+02 -3.350580974962547337e-14 6.177625147875206488e-13 9.430475465334677102e-13 0.000000000000000000e+00 0.000000000000000000e+00 0.000000000000000000e+00 0.000000000000000000e+00 0.000000000000000000e+00 0.000000000000000000e+00 0.000000000000000000e+00 4.171368044293780889e-12
2.017241300410662461e+02 -3.769270513976961196e-14 6.289763213273623178e-13 9.284821497407529193e-13 0.000000000000000000e+00 0.000000000000000000e+00 0.000000000000000000e+00 0.000000000000000000e+00 0.000000000000000000e+00 0.000000000000000000e+00 0.000000000000000000e+00 3.995094220640633882e-12
2.114238311933203818e+02 -4.077055965296545876e-14 6.468492574847361861e-13 9.311274948773397978e-13 0.000000000000000000e+00 0.000000000000000000e+00 0.000000000000000000e+00 0.000000000000000000e+00 0.000000000000000000e+00 0.000000000000000000e+00 0.000000000000000000e+00 3.836104172964722677e-12
2.215899326836195087e+02 -4.192049005956593374e-14 6.725692766558468749e-13 9.547158282228521849e-13 0.000000000000000000e+00 0.000000000000000000e+00 0.000000000000000000e+00 0.000000000000000000e+00 0.000000000000000000e+00 0.000000000000000000e+00 0.000000000000000000e+00 3.691286098404681908e-12
2.322448609013873124e+02 -4.018836086036156844e-14 7.075861018994387124e-13 1.005233529683272026e-12 0.000000000000000000e+00 0.000000000000000000e+00 0.000000000000000000e+00 0.000000000000000000e+00 0.000000000000000000e+00 0.000000000000000000e+00 0.000000000000000000e+00 3.557128082048854638e-12
2.434121205863426098e+02 -3.451729923881080280e-14 7.535767898641977752e-13 1.092358993063292899e-12 0.000000000000000000e+00 0.000000000000000000e+00 0.000000000000000000e+00 0.000000000000000000e+00 0.000000000000000000e+00 0.000000000000000000e+00 0.000000000000000000e+00 3.429665367951311699e-12
2.551163466798856234e+02 -2.384161914489793444e-14 8.122471636778511460e-13 1.231459606072355956e-12 0.000000000000000000e+00 0.000000000000000000e+00 0.000000000000000000e+00 0.000000000000000000e+00 0.000000000000000000e+00 0.000000000000000000e+00 0.000000000000000000e+00 3.304440352108614046e-12
2.673833586697055011e+02 -7.288775612174338185e-15 8.848462834427718792e-13 1.446064649670999875e-12 0.000000000000000000e+00 0.000000000000000000e+00 0.000000000000000000e+00 0.000000000000000000e+00 0.000000000000000000e+00 0.000000000000000000e+00 0.000000000000000000e+00 3.176614775929131493e-12
2.802402175474913975e+02 1.544513446905451250e-14 9.710044595794511905e-13 1.769038287430283299e-12 0.000000000000000000e+00 0.000000000000000000e+00 0.000000000000000000e+00 0.000000000000000000e+00 0.000000000000000000e+00 0.000000000000000000e+00 0.000000000000000000e+00 3.041285668109096163e-12
2.937152855053996063e+02 4.355362160170605923e-14 1.066731471384258119e-12 2.235975015028536318e-12 0.000000000000000000e+00 0.000000000000000000e+00 0.000000000000000000e+00 0.000000000000000000e+00 0.000000000000000000e+00 0.000000000000000000e+00 0.000000000000000000e+00 2.894218922350658381e-12
3.078382885029656109e+02 7.442302786462538249e-14 1.160902502490531227e-12 2.863355609714127914e-12 0.000000000000000000e+00 0.000000000000000000e+00 0.000000000000000000e+00 0.000000000000000000e+00 0.000000000000000000e+00 0.000000000000000000e+00 0.000000000000000000e+00 2.732675443634479885e-12
3.226403818424797691e+02 1.034114974423862915e-13 1.232685499802771444e-12 3.598921267711222611e-12 0.000000000000000000e+00 0.000000000000000000e+00 0.000000000000000000e+00 0.000000000000000000e+00 0.000000000000000000e+00 0.000000000000000000e+00 0.000000000000000000e+00 2.556577234130824317e-12
3.381542188974916598e+02 1.247589161733326164e-13 1.254626713044054215e-12 4.273869736255593297e-12 0.000000000000000000e+00 0.000000000000000000e+00 0.000000000000000000e+00 0.000000000000000000e+00 0.000000000000000000e+00 0.000000000000000000e+00 0.000000000000000000e+00 2.369038583676462797e-12
3.544140231460555697e+02 1.339288330609885584e-13 1.206910296306053041e-12 4.642638928818413818e-12 0.000000000000000000e+00 0.000000000000000000e+00 0.000000000000000000e+00 0.000000000000000000e+00 0.000000000000000000e+00 0.000000000000000000e+00 0.000000000000000000e+00 2.175645627843459430e-12
3.714556636676182393e+02 1.300144082664267846e-13 1.094763588518148185e-12 4.550075119187932100e-12 0.000000000000000000e+00 0.000000000000000000e+00 0.000000000000000000e+00 0.000000000000000000e+00 0.000000000000000000e+00 0.000000000000000000e+00 0.000000000000000000e+00 1.982674603849785714e-12
3.893167342701016764e+02 1.159975233421385756e-13 9.481116224456042855e-13 4.059644190494133961e-12 0.000000000000000000e+00 0.000000000000000000e+00 0.000000000000000000e+00 0.000000000000000000e+00 0.000000000000000000e+00 0.000000000000000000e+00 0.000000000000000000e+00 1.795654298812160952e-12
4.080366364217319983e+02 9.670222435209882377e-14 8.013662962796409246e-13 3.378851336206454969e-12 0.000000000000000000e+00 0.000000000000000000e+00 0.000000000000000000e+00 0.000000000000000000e+00 0.000000000000000000e+00 0.000000000000000000e+00 0.000000000000000000e+00 1.619128901911075354e-12
4.276566661705580259e+02 7.642795407666266224e-14 6.764215485793806549e-13 2.699815100445834699e-12 0.000000000000000000e+00 0.000000000000000000e+00 0.000000000000000000e+00 0.000000000000000000e+00 0.000000000000000000e+00 0.000000000000000000e+00 0.000000000000000000e+00 1.456763653187665730e-12
4.482201052434104440e+02 5.785967021303687475e-14 5.808024789241654489e-13 2.126476271050264186e-12 0.000000000000000000e+00 0.000000000000000000e+00 0.000000000000000000e+00 0.000000000000000000e+00 0.000000000000000000e+00 0.000000000000000000e+00 0.000000000000000000e+00 1.311105089244406828e-12
4.697723165252630224e+02 4.227267580729235998e-14 5.136663109221337593e-13 1.690046053966086473e-12 0.000000000000000000e+00 0.000000000000000000e+00 0.000000000000000000e+00 0.000000000000000000e+00 0.000000000000000000e+00 0.000000000000000000e+00 0.000000000000000000e+00 1.183305016412876795e-12
4.923608441296182718e+02 3.026270011370378720e-14 4.712589795974026637e-13 1.386531722670583196e-12 0.000000000000000000e+00 0.000000000000000000e+00 0.000000000000000000e+00 0.000000000000000000e+00 0.000000000000000000e+00 0.000000000000000000e+00 0.000000000000000000e+00 1.073081425376562384e-12
5.160355182806805487e+02 2.233079085085450910e-14 4.496338380989905596e-13 1.202778837453705134e-12 0.000000000000000000e+00 0.000000000000000000e+00 0.000000000000000000e+00 0.000000000000000000e+00 0.000000000000000000e+00 0.000000000000000000e+00 0.000000000000000000e+00 9.788851789856495453e-13
5.408485652386830225e+02 1.904850799570466690e-14 4.452656434258644903e-13 1.128652872897907968e-12 0.000000000000000000e+00 0.000000000000000000e+00 0.000000000000000000e+00 0.000000000000000000e+00 0.000000000000000000e+00 0.000000000000000000e+00 0.000000000000000000e+00 8.981432442248951761e-13
5.668547225108579823e+02 2.076413021813215013e-14 4.542977678683637182e-13 1.161564766182241423e-12 0.000000000000000000e+00 0.000000000000000000e+00 0.000000000000000000e+00 0.000000000000000000e+00 0.000000000000000000e+00 0.000000000000000000e+00 0.000000000000000000e+00 8.275666823537325564e-13
5.941113596022153160e+02 2.687449355043058270e-14 4.708119934587222919e-13 1.299848779538596900e-12 0.000000000000000000e+00 0.000000000000000000e+00 0.000000000000000000e+00 0.000000000000000000e+00 0.000000000000000000e+00 0.000000000000000000e+00 0.000000000000000000e+00 7.636029111311115702e-13
6.226786045725008307e+02 3.502861803286340216e-14 4.847763358581668316e-13 1.516068368477952584e-12 0.000000000000000000e+00 0.000000000000000000e+00 0.000000000000000000e+00 0.000000000000000000e+00 0.000000000000000000e+00 0.000000000000000000e+00 0.000000000000000000e+00 7.031279222652614964e-13
6.526194766785116599e+02 4.129693606552391724e-14 4.825097950444569933e-13 1.718759830791292749e-12 0.000000000000000000e+00 0.000000000000000000e+00 0.000000000000000000e+00 0.000000000000000000e+00 0.000000000000000000e+00 0.000000000000000000e+00 0.000000000000000000e+00 6.442687166501053906e-13
6.840000253943902635e+02 4.214382961587683782e-14 4.539658021248359325e-13 1.769205145231292781e-12 0.000000000000000000e+00 0.000000000000000000e+00 0.000000000000000000e+00 0.000000000000000000e+00 0.000000000000000000e+00 0.000000000000000000e+00 0.000000000000000000e+00 5.867198960141959790e-13
7.168894761165678347e+02 3.697978799685829291e-14 4.031535828599444950e-13 1.603161299341985446e-12 0.000000000000000000e+00 0.000000000000000000e+00 0.000000000000000000e+00 0.000000000000000000e+00 0.000000000000000000e+00 0.000000000000000000e+00 0.000000000000000000e+00 5.312113921804518610e-13
7.513603828747783382e+02 2.836254718834990717e-14 3.467693728492588049e-13 1.302646949384553960e-12 0.000000000000000000e+00 0.000000000000000000e+00 0.000000000000000000e+00 0.000000000000000000e+00 0.000000000000000000e+00 0.000000000000000000e+00 0.000000000000000000e+00 4.789053651282409610e-13
7.874887883860316151e+02 1.975133413734332854e-14 3.002514083932552209e-13 1.002359231314895250e-12 0.000000000000000000e+00 0.000000000000000000e+00 0.000000000000000000e+00 0.000000000000000000e+00 0.000000000000000000e+00 0.000000000000000000e+00 0.000000000000000000e+00 4.311660448087749855e-13
8.253543918046220824e+02 1.364845645194272535e-14 2.696643474475390075e-13 7.874102163004227550e-13 0.000000000000000000e+00 0.000000000000000000e+00 0.000000000000000000e+00 0.000000000000000000e+00 0.000000000000000000e+00 0.000000000000000000e+00 0.000000000000000000e+00 3.890586523000787257e-13
8.650407245382197061e+02 1.131477766975497906e-14 2.533874251353382609e-13 6.820965509871843428e-13 0.000000000000000000e+00 0.000000000000000000e+00 0.000000000000000000e+00 0.000000000000000000e+00 0.000000000000000000e+00 0.000000000000000000e+00 0.000000000000000000e+00 3.526629431822045945e-13
9.066353345179072676e+02 1.267599330973937111e-14 2.455149612905476094e-13 6.739148838729345842e-13 0.000000000000000000e+00 0.000000000000000000e+00 0.000000000000000000e+00 0.000000000000000000e+00 0.000000000000000000e+00 0.000000000000000000e+00 0.000000000000000000e+00 3.209095827729735544e-13
9.502299793286563272e+02 1.569502008499080027e-14 2.379362563308045029e-13 7.175920031417004454e-13 0.000000000000000000e+00 0.000000000000000000e+00 0.000000000000000000e+00 0.000000000000000000e+00 0.000000000000000000e+00 0.000000000000000000e+00 0.000000000000000000e+00 2.921370274003878711e-13
9.959208286262797856e+02 1.696804439873307470e-14 2.233988932618935693e-13 7.318239931038701485e-13 0.000000000000000000e+00 0.000000000000000000e+00 0.000000000000000000e+00 0.000000000000000000e+00 0.000000000000000000e+00 0.000000000000000000e+00 0.000000000000000000e+00 2.650214584749735733e-13
1.043808676287407025e+03 1.466306856008143304e-14 2.006263366963475166e-13 6.564390949805266421e-13 0.000000000000000000e+00 0.000000000000000000e+00 0.000000000000000000e+00 0.000000000000000000e+00 0.000000000000000000e+00 0.000000000000000000e+00 0.000000000000000000e+00 2.391705174503762977e-13
1.093999162760476111e+03 1.031205940948446745e-14 1.760491995805361608e-13 5.224717364671970370e-13 0.000000000000000000e+00 0.000000000000000000e+00 0.000000000000000000e+00 0.000000000000000000e+00 0.000000000000000000e+00 0.000000000000000000e+00 0.000000000000000000e+00 2.150208803954586423e-13
1.146603008108241966e+03 6.999463676769879330e-15 1.570786416449659454e-13 4.096486486307265473e-13 0.000000000000000000e+00 0.000000000000000000e+00 0.000000000000000000e+00 0.000000000000000000e+00 0.000000000000000000e+00 0.000000000000000000e+00 0.000000000000000000e+00 1.933541891430175800e-13
1.201736256255903754e+03 6.517784859793068265e-15 1.451700412876098890e-13 3.598854338860626823e-13 0.000000000000000000e+00 0.000000000000000000e+00 0.000000000000000000e+00 0.000000000000000000e+00 0.000000000000000000e+00 0.000000000000000000e+00 0.000000000000000000e+00 1.744982234526064192e-13
1.259520530983661502e+03 7.968809742181793092e-15 1.362781734947375073e-13 3.587808990318748353e-13 0.000000000000000000e+00 0.000000000000000000e+00 0.000000000000000000e+00 0.000000000000000000e+00 0.000000000000000000e+00 0.000000000000000000e+00 0.000000000000000000e+00 1.578678025700497644e-13
1.320083304228403449e+03 8.382095417280452026e-15 1.257255416638732273e-13 3.500557928687878126e-13 0.000000000000000000e+00 0.000000000000000000e+00 0.000000000000000000e+00 0.000000000000000000e+00 0.000000000000000000e+00 0.000000000000000000e+00 0.000000000000000000e+00 1.424938175989786470e-13
1.383558177286419323e+03 6.271429943235155884e-15 1.124726020763924928e-13 2.936015945764842866e-13 0.000000000000000000e+00 0.000000000000000000e+00 0.000000000000000000e+00 0.000000000000000000e+00 0.000000000000000000e+00 0.000000000000000000e+00 0.000000000000000000e+00 1.279265571038754105e-13
1.450085175537464920e+03 3.729249883365137469e-15 9.971914322862502934e-14 2.240053531263959330e-13 0.000000000000000000e+00 0.000000000000000000e+00 0.000000000000000000e+00 0.000000000000000000e+00 0.000000000000000000e+00 0.000000000000000000e+00 0.000000000000000000e+00 1.145289808434241038e-13
1.519811057340320986e+03 3.060014313105319214e-15 9.028220979615331961e-14 1.873208188093467724e-13 0.000000000000000000e+00 0.000000000000000000e+00 0.000000000000000000e+00 0.000000000000000000e+00 0.000000000000000000e+00 0.000000000000000000e+00 0.000000000000000000e+00 1.027972035022271782e-13
1.592889637781297779e+03 3.571169845475185389e-15 8.289687429272607451e-14 1.764708767684214542e-13 0.000000000000000000e+00 0.000000000000000000e+00 0.000000000000000000e+00 0.000000000000000000e+00 0.000000000000000000e+00 0.000000000000000000e+00 0.000000000000000000e+00 9.255015354520186386e-14
1.669482127989859009e+03 3.032636543562787867e-15 7.517665383373930742e-14 1.545920100886821827e-13 0.000000000000000000e+00 0.000000000000000000e+00 0.000000000000000000e+00 0.000000000000000000e+00 0.000000000000000000e+00 0.000000000000000000e+00 0.000000000000000000e+00 8.316720590491348197e-14
1.749757490769880633e+03 1.662087358385956309e-15 6.715707950716772898e-14 1.216217022945625046e-13 0.000000000000000000e+00 0.000000000000000000e+00 0.000000000000000000e+00 0.000000000000000000e+00 0.000000000000000000e+00 0.000000000000000000e+00 0.000000000000000000e+00 7.447705896091669535e-14
1.833892813331097159e+03 1.423205088108813662e-15 6.050719152973690376e-14 1.036935129166985001e-13 0.000000000000000000e+00 0.000000000000000000e+00 0.000000000000000000e+00 0.000000000000000000e+00 0.000000000000000000e+00 0.000000000000000000e+00 0.000000000000000000e+00 6.681842511658187739e-14
1.922073697942950503e+03 1.659555967781316109e-15 5.513648889268406305e-14 9.322434276488640643e-14 0.000000000000000000e+00 0.000000000000000000e+00 0.000000000000000000e+00 0.000000000000000000e+00 0.000000000000000000e+00 0.000000000000000000e+00 0.000000000000000000e+00 6.018176495814721170e-14
2.014494671372649691e+03 8.795154138405017506e-16 4.997855018429185566e-14 7.573092255193690191e-14 0.000000000000000000e+00 0.000000000000000000e+00 0.000000000000000000e+00 0.000000000000000000e+00 0.000000000000000000e+00 0.000000000000000000e+00 0.000000000000000000e+00 5.413874095149838572e-14
2.111359614010623318e+03 4.106287465178593056e-16 4.496721901635167807e-14 6.123718533921207771e-14 0.000000000000000000e+00 0.000000000000000000e+00 0.000000000000000000e+00 0.000000000000000000e+00 0.000000000000000000e+00 0.000000000000000000e+00 0.000000000000000000e+00 4.865621529532615147e-14
2.212882209630056877e+03 5.801141997980089177e-16 4.089323806921863860e-14 5.523053910675486062e-14 0.000000000000000000e+00 0.000000000000000000e+00 0.000000000000000000e+00 0.000000000000000000e+00 0.000000000000000000e+00 0.000000000000000000e+00 0.000000000000000000e+00 4.397828928794536709e-14
2.319286416772661596e+03 3.593131302504049183e-17 3.746981532901797899e-14 4.470720068007824739e-14 0.000000000000000000e+00 0.000000000000000000e+00 0.000000000000000000e+00 0.000000000000000000e+00 0.000000000000000000e+00 0.000000000000000000e+00 0.000000000000000000e+00 3.990980820484609273e-14
2.430806962800533256e+03 -1.092181971871265244e-17 3.424487101951650209e-14 3.744904565817898617e-14 0.000000000000000000e+00 0.000000000000000000e+00 0.000000000000000000e+00 0.000000000000000000e+00 0.000000000000000000e+00 0.000000000000000000e+00 0.000000000000000000e+00 3.626512484584824262e-14
2.547689861704016494e+03 2.657177191755902348e-16 3.157858378568964565e-14 3.597195093683614646e-14 0.000000000000000000e+00 0.000000000000000000e+00 0.000000000000000000e+00 0.000000000000000000e+00 0.000000000000000000e+00 0.000000000000000000e+00 0.000000000000000000e+00 3.318238408381985725e-14
2.670192956807838982e+03 -2.112177981076068355e-16 2.933493170580675944e-14 2.843421737442770081e-14 0.000000000000000000e+00 0.000000000000000000e+00 0.000000000000000000e+00 0.000000000000000000e+00 0.000000000000000000e+00 0.000000000000000000e+00 0.000000000000000000e+00 3.051287627175517963e-14
2.798586489572695427e+03 1.715498542431701740e-16 2.733349260361056062e-14 2.809628228600029875e-14 0.000000000000000000e+00 0.000000000000000000e+00 0.000000000000000000e+00 0.000000000000000000e+00 0.000000000000000000e+00 0.000000000000000000e+00 0.000000000000000000e+00 2.817235924025958518e-14
2.933153695747109396e+03 -2.320746628597264803e-17 2.573227718759360803e-14 2.358396610651819479e-14 0.000000000000000000e+00 0.000000000000000000e+00 0.000000000000000000e+00 0.000000000000000000e+00 0.000000000000000000e+00 0.000000000000000000e+00 0.000000000000000000e+00 2.626148793893623710e-14
3.074191430184654109e+03 3.160142869439808190e-17 2.425140070154219888e-14 2.134876291800658684e-14 0.000000000000000000e+00 0.000000000000000000e+00 0.000000000000000000e+00 0.000000000000000000e+00 0.000000000000000000e+00 0.000000000000000000e+00 0.000000000000000000e+00 2.457112981986855822e-14
3.222010821704852788e+03 8.353554085635302110e-17 2.271912640083634984e-14 2.021095184529167781e-14 0.000000000000000000e+00 0.000000000000000000e+00 0.000000000000000000e+00 0.000000000000000000e+00 0.000000000000000000e+00 0.000000000000000000e+00 0.000000000000000000e+00 2.304998339369375133e-14
3.376937959442429474e+03 2.992162689437344787e-17 2.102871923764510820e-14 1.894261654466602230e-14 0.000000000000000000e+00 0.000000000000000000e+00 0.000000000000000000e+00 0.000000000000000000e+00 0.000000000000000000e+00 0.000000000000000000e+00 0.000000000000000000e+00 2.162553215080564135e-14
3.539314612198974373e+03 2.591670999465025184e-16 1.986719486644425365e-14 1.842777738515723449e-14 0.000000000000000000e+00 0.000000000000000000e+00 0.000000000000000000e+00 0.000000000000000000e+00 0.000000000000000000e+00 0.000000000000000000e+00 0.000000000000000000e+00 2.033518387848131745e-14
3.709498982383876864e+03 2.492736058820786730e-16 1.896766327169164560e-14 1.692973123984203973e-14 0.000000000000000000e+00 0.000000000000000000e+00 0.000000000000000000e+00 0.000000000000000000e+00 0.000000000000000000e+00 0.000000000000000000e+00 0.000000000000000000e+00 1.928710154524753773e-14
3.887866496207774162e+03 2.769006887540356124e-16 1.804065018162314853e-14 1.614690726720179600e-14 0.000000000000000000e+00 0.000000000000000000e+00 0.000000000000000000e+00 0.000000000000000000e+00 0.000000000000000000e+00 0.000000000000000000e+00 0.000000000000000000e+00 1.841540507342902778e-14
4.074810631871661371e+03 3.094227198230228131e-16 1.713721868201028488e-14 1.612772854584196794e-14 0.000000000000000000e+00 0.000000000000000000e+00 0.000000000000000000e+00 0.000000000000000000e+00 0.000000000000000000e+00 0.000000000000000000e+00 0.000000000000000000e+00 1.773162202475030463e-14
4.270743787578599040e+03 2.349789666568060166e-16 1.656433294944030808e-14 1.496303397460414385e-14 0.000000000000000000e+00 0.000000000000000000e+00 0.000000000000000000e+00 0.000000000000000000e+00 0.000000000000000000e+00 0.000000000000000000e+00 0.000000000000000000e+00 1.736125414577094931e-14
4.476098191282926564e+03 2.784233663699958819e-16 1.642133100197021597e-14 1.546781497786379137e-14 0.000000000000000000e+00 0.000000000000000000e+00 0.000000000000000000e+00 0.000000000000000000e+00 0.000000000000000000e+00 0.000000000000000000e+00 0.000000000000000000e+00 1.728598343433396107e-14
4.691326854183844262e+03 2.206671692160256060e-16 1.677950453124462508e-14 1.508333577149673207e-14 0.000000000000000000e+00 0.000000000000000000e+00 0.000000000000000000e+00 0.000000000000000000e+00 0.000000000000000000e+00 0.000000000000000000e+00 0.000000000000000000e+00 1.771312567895904749e-14
4.916904570066738415e+03 1.765865692327616512e-16 1.737504487236412298e-14 1.539643816726900940e-14 0.000000000000000000e+00 0.000000000000000000e+00 0.000000000000000000e+00 0.000000000000000000e+00 0.000000000000000000e+00 0.000000000000000000e+00 0.000000000000000000e+00 1.860391740698870735e-14
5.153328962696860799e+03 1.574835917160351513e-16 1.870913645538315131e-14 1.658083718229398342e-14 0.000000000000000000e+00 0.000000000000000000e+00 0.000000000000000000e+00 0.000000000000000000e+00 0.000000000000000000e+00 0.000000000000000000e+00 0.000000000000000000e+00 2.021882906569739070e-14
5.401121583575876684e+03 1.191940461874429667e-16 2.053240286925017507e-14 1.740355080440400692e-14 0.000000000000000000e+00 0.000000000000000000e+00 0.000000000000000000e+00 0.000000000000000000e+00 0.000000000000000000e+00 0.000000000000000000e+00 0.000000000000000000e+00 2.283920587020058501e-14
5.660829062482887821e+03 7.704501791624706597e-17 2.359254630836085533e-14 1.944401586652037075e-14 0.000000000000000000e+00 0.000000000000000000e+00 0.000000000000000000e+00 0.000000000000000000e+00 0.000000000000000000e+00 0.000000000000000000e+00 0.000000000000000000e+00 2.621487503620545185e-14
5.933024313338100910e+03 4.680318710564222413e-17 2.807621850058231302e-14 2.611448697515973429e-14 0.000000000000000000e+00 0.000000000000000000e+00 0.000000000000000000e+00 0.000000000000000000e+00 0.000000000000000000e+00 0.000000000000000000e+00 0.000000000000000000e+00 3.115980718783076019e-14
6.218307798049234407e+03 2.684104311175976999e-17 3.239590835557140842e-14 3.488260516099658053e-14 0.000000000000000000e+00 0.000000000000000000e+00 0.000000000000000000e+00 0.000000000000000000e+00 0.000000000000000000e+00 0.000000000000000000e+00 0.000000000000000000e+00 3.635774432529427728e-14
6.517308851128655078e+03 1.994506937400379465e-17 4.870436012783190655e-14 6.684137953626111166e-14 0.000000000000000000e+00 0.000000000000000000e+00 0.000000000000000000e+00 0.000000000000000000e+00 0.000000000000000000e+00 0.000000000000000000e+00 0.000000000000000000e+00 4.916885678266254538e-14
6.830687068003443528e+03 1.657859571152685526e-17 6.720205679775306129e-14 9.722090196448309947e-14 0.000000000000000000e+00 0.000000000000000000e+00 0.000000000000000000e+00 0.000000000000000000e+00 0.000000000000000000e+00 0.000000000000000000e+00 0.000000000000000000e+00 7.632299041189750045e-14
7.159133760080946558e+03 1.898014700544420008e-17 1.107880233563706496e-13 1.969243980914754132e-13 0.000000000000000000e+00 0.000000000000000000e+00 0.000000000000000000e+00 0.000000000000000000e+00 0.000000000000000000e+00 0.000000000000000000e+00 0.000000000000000000e+00 1.316062175389335135e-13
7.503373479779635090e+03 2.486777459028677961e-17 2.112773636271821192e-13 5.210931457549167249e-13 0.000000000000000000e+00 0.000000000000000000e+00 0.000000000000000000e+00 0.000000000000000000e+00 0.000000000000000000e+00 0.000000000000000000e+00 0.000000000000000000e+00 2.618250586511454052e-13
7.864165618889584039e+03 4.521157835336051327e-17 4.391623348647159676e-13 1.798421669186650065e-12 0.000000000000000000e+00 0.000000000000000000e+00 0.000000000000000000e+00 0.000000000000000000e+00 0.000000000000000000e+00 0.000000000000000000e+00 0.000000000000000000e+00 5.842105991264780221e-13
8.242306083788511387e+03 9.423566328913284867e-17 1.047324547258814555e-12 8.281159107959520919e-12 0.000000000000000000e+00 0.000000000000000000e+00 0.000000000000000000e+00 0.000000000000000000e+00 0.000000000000000000e+00 0.000000000000000000e+00 0.000000000000000000e+00 1.585251849652320189e-12
8.638629051208814417e+03 2.618504289500446995e-16 2.817810525372928388e-12 5.283884303258126095e-11 0.000000000000000000e+00 0.000000000000000000e+00 0.000000000000000000e+00 0.000000000000000000e+00 0.000000000000000000e+00 0.000000000000000000e+00 0.000000000000000000e+00 5.325572701695755232e-12
9.054008808428965494e+03 7.818249877908216988e-16 7.449128285750389015e-12 2.710539331338763638e-10 0.000000000000000000e+00 0.000000000000000000e+00 0.000000000000000000e+00 0.000000000000000000e+00 0.000000000000000000e+00 0.000000000000000000e+00 0.000000000000000000e+00 2.649276867647521528e-11
9.489361681948652404e+03 2.163462238300793459e-15 2.023427921789719561e-11 9.546828435812814514e-10 0.000000000000000000e+00 0.000000000000000000e+00 0.000000000000000000e+00 0.000000000000000000e+00 0.000000000000000000e+00 0.000000000000000000e+00 0.000000000000000000e+00 2.145231630621571912e-10
9.945648058902244884e+03 7.461683077767311069e-15 6.805518150886887147e-11 4.135123393561473371e-09 0.000000000000000000e+00 0.000000000000000000e+00 0.000000000000000000e+00 0.000000000000000000e+00 0.000000000000000000e+00 0.000000000000000000e+00 0.000000000000000000e+00 2.169447502498058793e-09
1.042387450566994994e+04 2.738917921198612301e-14 2.827903885038765058e-10 1.994631420641631061e-08 0.000000000000000000e+00 0.000000000000000000e+00 0.000000000000000000e+00 0.000000000000000000e+00 0.000000000000000000e+00 0.000000000000000000e+00 0.000000000000000000e+00 2.808442042720951752e-08
1.092509598836028636e+04 1.053201121331636634e-13 1.247015923820137331e-09 1.024991826209457935e-07 0.000000000000000000e+00 0.000000000000000000e+00 0.000000000000000000e+00 0.000000000000000000e+00 0.000000000000000000e+00 0.000000000000000000e+00 0.000000000000000000e+00 3.719531750656783210e-07
1.145041820006202761e+04 5.526646566197890651e-13 -1.257950794000006167e-08 -1.378952692212887088e-06 0.000000000000000000e+00 0.000000000000000000e+00 0.000000000000000000e+00 0.000000000000000000e+00 0.000000000000000000e+00 0.000000000000000000e+00 0.000000000000000000e+00 3.990407312765572306e-06
1.200099999999999454e+04 0.000000000000000000e+00 0.000000000000000000e+00 0.000000000000000000e+00 0.000000000000000000e+00 0.000000000000000000e+00 0.000000000000000000e+00 0.000000000000000000e+00 0.000000000000000000e+00 0.000000000000000000e+00 0.000000000000000000e+00 0.000000000000000000e+00
