1.000000000000000000e+00 -7.342564753130791961e-10 1.447372503452848030e-08 0.000000000000000000e+00 0.000000000000000000e+00 1.613003439870802054e-08 0.000000000000000000e+00 0.000000000000000000e+00 0.000000000000000000e+00 0.000000000000000000e+00 3.178414842370529857e-08 2.059578375073965265e-08
1.043506801891150637e+00 -6.766519649516958585e-10 1.326878393230267860e-08 0.000000000000000000e+00 0.000000000000000000e+00 1.481567615058461846e-08 0.000000000000000000e+00 0.000000000000000000e+00 0.000000000000000000e+00 0.000000000000000000e+00 2.918909037058863036e-08 1.891576070359371290e-08
1.088906445593096795e+00 -6.220893688489411149e-10 1.217842065377719372e-08 0.000000000000000000e+00 0.000000000000000000e+00 1.360691377427443281e-08 0.000000000000000000e+00 0.000000000000000000e+00 0.000000000000000000e+00 0.000000000000000000e+00 2.680593057050677567e-08 1.737187748819986884e-08
1.136281282599512554e+00 -5.718021565489821526e-10 1.117880198050762134e-08 0.000000000000000000e+00 0.000000000000000000e+00 1.249667101120811732e-08 0.000000000000000000e+00 0.000000000000000000e+00 0.000000000000000000e+00 0.000000000000000000e+00 2.461737533684573488e-08 1.595395015416433982e-08
1.185717247254192142e+00 -5.254618397111618584e-10 1.026235403834504076e-08 0.000000000000000000e+00 0.000000000000000000e+00 1.147690460167964334e-08 0.000000000000000000e+00 0.000000000000000000e+00 0.000000000000000000e+00 0.000000000000000000e+00 2.260752919503270944e-08 1.465169487363495781e-08
1.237304012629400596e+00 -4.825275900277187235e-10 9.424588379933803881e-09 0.000000000000000000e+00 0.000000000000000000e+00 1.053991562627333080e-08 0.000000000000000000e+00 0.000000000000000000e+00 0.000000000000000000e+00 0.000000000000000000e+00 2.076168215307988921e-08 1.345546560193295390e-08
1.291135153185993367e+00 -4.433276994709158407e-10 8.652870869616337575e-09 0.000000000000000000e+00 0.000000000000000000e+00 9.679723107494955218e-09 0.000000000000000000e+00 0.000000000000000000e+00 0.000000000000000000e+00 0.000000000000000000e+00 1.906664422304501067e-08 1.235709577193954729e-08
1.347308314510356819e+00 -4.071068255005589638e-10 7.946489285040553716e-09 0.000000000000000000e+00 0.000000000000000000e+00 8.889443438148431766e-09 0.000000000000000000e+00 0.000000000000000000e+00 0.000000000000000000e+00 0.000000000000000000e+00 1.750990166518530745e-08 1.134820280704168952e-08
1.405925390436058908e+00 -3.739668972156864280e-10 7.296480032637682047e-09 0.000000000000000000e+00 0.000000000000000000e+00 8.163864093341572474e-09 0.000000000000000000e+00 0.000000000000000000e+00 0.000000000000000000e+00 0.000000000000000000e+00 1.608035401266149754e-08 1.042180128555357695e-08
1.467092707871498813e+00 -3.434152213728003653e-10 6.700821804808799790e-09 0.000000000000000000e+00 0.000000000000000000e+00 7.497330867897279739e-09 0.000000000000000000e+00 0.000000000000000000e+00 0.000000000000000000e+00 0.000000000000000000e+00 1.476743462242079044e-08 9.570910279156573555e-09
1.530921219668815780e+00 -3.153614656448884583e-10 6.153784218745182317e-09 0.000000000000000000e+00 0.000000000000000000e+00 6.885208441154541194e-09 0.000000000000000000e+00 0.000000000000000000e+00 0.000000000000000000e+00 0.000000000000000000e+00 1.356171163643068853e-08 8.789486924501480025e-09
1.597526705883905551e+00 -2.896507622722833427e-10 5.650829309559423385e-09 0.000000000000000000e+00 0.000000000000000000e+00 6.323157048443707034e-09 0.000000000000000000e+00 0.000000000000000000e+00 0.000000000000000000e+00 0.000000000000000000e+00 1.245450164008873396e-08 8.071929201561012253e-09
1.667029983792618797e+00 -2.659906436893191957e-10 5.189504633802163878e-09 0.000000000000000000e+00 0.000000000000000000e+00 5.806892035380085418e-09 0.000000000000000000e+00 0.000000000000000000e+00 0.000000000000000000e+00 0.000000000000000000e+00 1.143762381889614578e-08 7.412887312390915351e-09
1.739557127044092155e+00 -2.442644055890485184e-10 4.765836859083723999e-09 0.000000000000000000e+00 0.000000000000000000e+00 5.332773476583733083e-09 0.000000000000000000e+00 0.000000000000000000e+00 0.000000000000000000e+00 0.000000000000000000e+00 1.050377136272036529e-08 6.807651180443418070e-09
1.815239694348738553e+00 -2.243303735049400663e-10 4.376542376373067082e-09 0.000000000000000000e+00 0.000000000000000000e+00 4.897409186150348431e-09 0.000000000000000000e+00 0.000000000000000000e+00 0.000000000000000000e+00 0.000000000000000000e+00 9.646207989837951458e-09 6.251861124468320878e-09
1.894214968115721653e+00 -2.060082155614463382e-10 4.019237945139529772e-09 0.000000000000000000e+00 0.000000000000000000e+00 4.497541710135521268e-09 0.000000000000000000e+00 0.000000000000000000e+00 0.000000000000000000e+00 0.000000000000000000e+00 8.858624348911921971e-09 5.741417354798387666e-09
1.976626203472784393e+00 -1.891831861794253012e-10 3.691099736595004358e-09 0.000000000000000000e+00 0.000000000000000000e+00 4.130319560298509182e-09 0.000000000000000000e+00 0.000000000000000000e+00 0.000000000000000000e+00 0.000000000000000000e+00 8.135340497129765068e-09 5.272646050142495889e-09
2.062622888120131837e+00 -1.740364163142135511e-10 3.386774015071182281e-09 0.000000000000000000e+00 0.000000000000000000e+00 3.793406656017030270e-09 0.000000000000000000e+00 0.000000000000000000e+00 0.000000000000000000e+00 0.000000000000000000e+00 7.471115763213779360e-09 4.842355289051138352e-09
2.152361013489727082e+00 -1.599040373665202228e-10 3.109345083287426503e-09 0.000000000000000000e+00 0.000000000000000000e+00 3.483831637121374886e-09 0.000000000000000000e+00 0.000000000000000000e+00 0.000000000000000000e+00 0.000000000000000000e+00 6.861149673740072747e-09 4.447088311589734342e-09
2.246003357701860548e+00 -1.468981882518843472e-10 2.854839823456274578e-09 0.000000000000000000e+00 0.000000000000000000e+00 3.199493779932621555e-09 0.000000000000000000e+00 0.000000000000000000e+00 0.000000000000000000e+00 0.000000000000000000e+00 6.300965269645575265e-09 4.084068181318653386e-09
2.343719780832254074e+00 -1.349347457697449247e-10 2.621311863745426180e-09 0.000000000000000000e+00 0.000000000000000000e+00 2.938346671622865646e-09 0.000000000000000000e+00 0.000000000000000000e+00 0.000000000000000000e+00 0.000000000000000000e+00 5.786521741564792337e-09 3.750673832270673374e-09
2.445687533025294069e+00 -1.238992483192061926e-10 2.407342521642775464e-09 0.000000000000000000e+00 0.000000000000000000e+00 2.698460448557279081e-09 0.000000000000000000e+00 0.000000000000000000e+00 0.000000000000000000e+00 0.000000000000000000e+00 5.314068782247484856e-09 3.444460764806956218e-09
2.552091576012282204e+00 -1.137970465897794259e-10 2.210538434945023774e-09 0.000000000000000000e+00 0.000000000000000000e+00 2.478190160267295546e-09 0.000000000000000000e+00 0.000000000000000000e+00 0.000000000000000000e+00 0.000000000000000000e+00 4.880200702378070618e-09 3.163269682370587343e-09
2.663124918617922887e+00 -1.044920270037799760e-10 2.030096409766232331e-09 0.000000000000000000e+00 0.000000000000000000e+00 2.275862001413384750e-09 0.000000000000000000e+00 0.000000000000000000e+00 0.000000000000000000e+00 0.000000000000000000e+00 4.481746543464883862e-09 2.905010274210792112e-09
2.778988966863618959e+00 -9.596467225725088891e-11 1.864216440324878766e-09 0.000000000000000000e+00 0.000000000000000000e+00 2.090076006433844564e-09 0.000000000000000000e+00 0.000000000000000000e+00 0.000000000000000000e+00 0.000000000000000000e+00 4.115844257154330030e-09 2.667853431174195931e-09
2.899893889302647576e+00 -8.811930232882932812e-11 1.712040443210004348e-09 0.000000000000000000e+00 0.000000000000000000e+00 1.919427259325243187e-09 0.000000000000000000e+00 0.000000000000000000e+00 0.000000000000000000e+00 0.000000000000000000e+00 3.779797737992456620e-09 2.450038203450783063e-09
3.026058998249895549e+00 -8.110050692608830874e-11 1.570556133751447226e-09 0.000000000000000000e+00 0.000000000000000000e+00 1.762873060909760242e-09 0.000000000000000000e+00 0.000000000000000000e+00 0.000000000000000000e+00 0.000000000000000000e+00 3.471188254495869881e-09 2.250118042533955348e-09
3.157713147597687176e+00 -7.457246826173103244e-11 1.441324406283988439e-09 0.000000000000000000e+00 0.000000000000000000e+00 1.619062206228473628e-09 0.000000000000000000e+00 0.000000000000000000e+00 0.000000000000000000e+00 0.000000000000000000e+00 3.187787137541963625e-09 2.066491316608385835e-09
3.295095147939301583e+00 -6.854835024496402201e-11 1.322910753003699564e-09 0.000000000000000000e+00 0.000000000000000000e+00 1.486968619017770936e-09 0.000000000000000000e+00 0.000000000000000000e+00 0.000000000000000000e+00 0.000000000000000000e+00 2.927520183549205996e-09 1.897840162235890726e-09
3.438454199753187890e+00 -6.299630262724313567e-11 1.214352603334269356e-09 0.000000000000000000e+00 0.000000000000000000e+00 1.365641400806759883e-09 0.000000000000000000e+00 0.000000000000000000e+00 0.000000000000000000e+00 0.000000000000000000e+00 2.688505374371454019e-09 1.742946563396742784e-09
3.588050345433644761e+00 -5.788295810668095331e-11 1.114799388034855116e-09 0.000000000000000000e+00 0.000000000000000000e+00 1.254205863708324220e-09 0.000000000000000000e+00 0.000000000000000000e+00 0.000000000000000000e+00 0.000000000000000000e+00 2.469013196774265813e-09 1.600691122630287116e-09
3.744154940987900027e+00 -5.314317147260787735e-11 1.023823525224264973e-09 0.000000000000000000e+00 0.000000000000000000e+00 1.151813304428417075e-09 0.000000000000000000e+00 0.000000000000000000e+00 0.000000000000000000e+00 0.000000000000000000e+00 2.267428068822015172e-09 1.470012092713090555e-09
3.907051148255233031e+00 -4.881778703166951571e-11 9.400118958489745550e-10 0.000000000000000000e+00 0.000000000000000000e+00 1.057805876837906005e-09 0.000000000000000000e+00 0.000000000000000000e+00 0.000000000000000000e+00 0.000000000000000000e+00 2.082310953632816686e-09 1.350021401360145994e-09
4.077034448540966416e+00 -4.487214303946063052e-11 8.628197673253671518e-10 0.000000000000000000e+00 0.000000000000000000e+00 9.714859091437842121e-10 0.000000000000000000e+00 0.000000000000000000e+00 0.000000000000000000e+00 0.000000000000000000e+00 1.912296238633671650e-09 1.239836566452444610e-09
4.254413178597033607e+00 -4.126040219587744918e-11 7.917737538263993774e-10 0.000000000000000000e+00 0.000000000000000000e+00 8.922478664588674239e-10 0.000000000000000000e+00 0.000000000000000000e+00 0.000000000000000000e+00 0.000000000000000000e+00 1.756174613884236057e-09 1.138670700250314753e-09
4.439509089921354956e+00 -3.789454155929533620e-11 7.269894785866716043e-10 0.000000000000000000e+00 0.000000000000000000e+00 8.194339364943940956e-10 0.000000000000000000e+00 0.000000000000000000e+00 0.000000000000000000e+00 0.000000000000000000e+00 1.612794423539697347e-09 1.045732119059705954e-09
4.632657932390524813e+00 -3.479196571995245988e-11 6.676064506467039052e-10 0.000000000000000000e+00 0.000000000000000000e+00 7.525521527611412040e-10 0.000000000000000000e+00 0.000000000000000000e+00 0.000000000000000000e+00 0.000000000000000000e+00 1.481122202386528386e-09 9.603725226800849548e-10
4.834210063284507086e+00 -3.194979021696571855e-11 6.130225217356909418e-10 0.000000000000000000e+00 0.000000000000000000e+00 6.911294242857089582e-10 0.000000000000000000e+00 0.000000000000000000e+00 0.000000000000000000e+00 0.000000000000000000e+00 1.360196109369187058e-09 8.819820258390427059e-10
5.044531082808031641e+00 -2.940699916935638148e-11 5.623039291131951167e-10 0.000000000000000000e+00 0.000000000000000000e+00 6.347650517914414359e-10 0.000000000000000000e+00 0.000000000000000000e+00 0.000000000000000000e+00 0.000000000000000000e+00 1.249144625418113657e-09 8.100282569343321105e-10
5.264002497261512481e+00 -2.702911293101239479e-11 5.160851841651129375e-10 0.000000000000000000e+00 0.000000000000000000e+00 5.829823419923776930e-10 0.000000000000000000e+00 0.000000000000000000e+00 0.000000000000000000e+00 0.000000000000000000e+00 1.147157321797329313e-09 7.439301767509045643e-10
5.493022411064389487e+00 -2.483946103897481886e-11 4.736858698732350382e-10 0.000000000000000000e+00 0.000000000000000000e+00 5.354275101619256229e-10 0.000000000000000000e+00 0.000000000000000000e+00 0.000000000000000000e+00 0.000000000000000000e+00 1.053503767474890119e-09 6.832287936597042977e-10
5.732006248886219346e+00 -2.282360797793723875e-11 4.348001313045857296e-10 0.000000000000000000e+00 0.000000000000000000e+00 4.917477811419919241e-10 0.000000000000000000e+00 0.000000000000000000e+00 0.000000000000000000e+00 0.000000000000000000e+00 9.674946508384482284e-10 6.274781349575950547e-10
5.981387509195349672e+00 -2.096349403549389867e-11 3.991850732622694386e-10 0.000000000000000000e+00 0.000000000000000000e+00 4.516197475548918087e-10 0.000000000000000000e+00 0.000000000000000000e+00 0.000000000000000000e+00 0.000000000000000000e+00 8.885057377202448529e-10 5.762690262333352018e-10
6.241618550592113124e+00 -1.927667737106961488e-11 3.662860611149897408e-10 0.000000000000000000e+00 0.000000000000000000e+00 4.147859816258887920e-10 0.000000000000000000e+00 0.000000000000000000e+00 0.000000000000000000e+00 0.000000000000000000e+00 8.159662195260794210e-10 5.292564172321657480e-10
6.513171412352854794e+00 -1.770846591965174585e-11 3.362254423526752565e-10 0.000000000000000000e+00 0.000000000000000000e+00 3.809536173898653971e-10 0.000000000000000000e+00 0.000000000000000000e+00 0.000000000000000000e+00 0.000000000000000000e+00 7.493524753158756315e-10 4.860751834366069248e-10
6.796538670673194282e+00 -1.625683810276029942e-11 3.087380459703983414e-10 0.000000000000000000e+00 0.000000000000000000e+00 3.498667305950554462e-10 0.000000000000000000e+00 0.000000000000000000e+00 0.000000000000000000e+00 0.000000000000000000e+00 6.881721769124069207e-10 4.464072507492146670e-10
7.092234332163717347e+00 -1.496439522602026186e-11 2.831461553198985919e-10 0.000000000000000000e+00 0.000000000000000000e+00 3.213416646540970272e-10 0.000000000000000000e+00 0.000000000000000000e+00 0.000000000000000000e+00 0.000000000000000000e+00 6.319903380564824591e-10 4.100010150184374977e-10
7.400794766218779408e+00 -1.376637302778987721e-11 2.597293497750895306e-10 0.000000000000000000e+00 0.000000000000000000e+00 2.951435048845436055e-10 0.000000000000000000e+00 0.000000000000000000e+00 0.000000000000000000e+00 0.000000000000000000e+00 5.803938804948782910e-10 3.765638445996457786e-10
7.722779677949724864e+00 -1.264705151345872008e-11 2.383893288763832961e-10 0.000000000000000000e+00 0.000000000000000000e+00 2.710733623717650975e-10 0.000000000000000000e+00 0.000000000000000000e+00 0.000000000000000000e+00 0.000000000000000000e+00 5.330136588638256263e-10 3.458465419857745944e-10
8.058773123447286579e+00 -1.161508612385782728e-11 2.188420061190584564e-10 0.000000000000000000e+00 0.000000000000000000e+00 2.489579149734717012e-10 0.000000000000000000e+00 0.000000000000000000e+00 0.000000000000000000e+00 0.000000000000000000e+00 4.894957227989875720e-10 3.176296051861379370e-10
8.409384569214836347e+00 -1.067022643431639087e-11 2.008522645597483107e-10 0.000000000000000000e+00 0.000000000000000000e+00 2.286575341068861850e-10 0.000000000000000000e+00 0.000000000000000000e+00 0.000000000000000000e+00 0.000000000000000000e+00 4.495349284047321314e-10 2.917231874530223290e-10
8.775249997694164250e+00 -9.791031025792389670e-12 1.844372772839322625e-10 0.000000000000000000e+00 0.000000000000000000e+00 2.100036542744484472e-10 0.000000000000000000e+00 0.000000000000000000e+00 0.000000000000000000e+00 0.000000000000000000e+00 4.128338955986173652e-10 2.679225624029816726e-10
9.157033060889162357e+00 -9.011449238060768579e-12 1.691300992997518758e-10 0.000000000000000000e+00 0.000000000000000000e+00 1.928869050543470676e-10 0.000000000000000000e+00 0.000000000000000000e+00 0.000000000000000000e+00 0.000000000000000000e+00 3.791325629034826274e-10 2.460814022348938193e-10
9.555426284179983298e+00 -8.289058683439290677e-12 1.551238540317556882e-10 0.000000000000000000e+00 0.000000000000000000e+00 1.771657846711810601e-10 0.000000000000000000e+00 0.000000000000000000e+00 0.000000000000000000e+00 0.000000000000000000e+00 3.481813490120465446e-10 2.260208807111598746e-10
9.971152322511294130e+00 -7.609316720386067990e-12 1.424016984105141300e-10 0.000000000000000000e+00 0.000000000000000000e+00 1.627178783134622752e-10 0.000000000000000000e+00 0.000000000000000000e+00 0.000000000000000000e+00 0.000000000000000000e+00 3.197569591276048089e-10 2.075873385361412293e-10
1.040496527123328008e+01 -6.989852639283118730e-12 1.306793039918570469e-10 0.000000000000000000e+00 0.000000000000000000e+00 1.494519131054563491e-10 0.000000000000000000e+00 0.000000000000000000e+00 0.000000000000000000e+00 0.000000000000000000e+00 2.936514538974168226e-10 1.906617810483811781e-10
1.085765203397312817e+01 -6.416191477153244829e-12 1.199507072368612663e-10 0.000000000000000000e+00 0.000000000000000000e+00 1.372685154267585922e-10 0.000000000000000000e+00 0.000000000000000000e+00 0.000000000000000000e+00 0.000000000000000000e+00 2.696810799366341872e-10 1.751168625790276403e-10
1.133003375001824686e+01 -5.911174801076226690e-12 1.099282664087373889e-10 0.000000000000000000e+00 0.000000000000000000e+00 1.260853897550185085e-10 0.000000000000000000e+00 0.000000000000000000e+00 0.000000000000000000e+00 0.000000000000000000e+00 2.476668834503477569e-10 1.608520181953346246e-10
1.182296728380033457e+01 -5.423699773306193280e-12 1.009135208307662918e-10 0.000000000000000000e+00 0.000000000000000000e+00 1.158065819192443503e-10 0.000000000000000000e+00 0.000000000000000000e+00 0.000000000000000000e+00 0.000000000000000000e+00 2.274473249404022321e-10 1.477383797157655619e-10
1.233734677918219091e+01 -4.983804089104251534e-12 9.257762012788685423e-11 0.000000000000000000e+00 0.000000000000000000e+00 1.063676044613318786e-10 0.000000000000000000e+00 0.000000000000000000e+00 0.000000000000000000e+00 0.000000000000000000e+00 2.088792037954276228e-10 1.356987501188060090e-10
1.287410528136649646e+01 -4.573065589892266410e-12 8.496986843386024417e-11 0.000000000000000000e+00 0.000000000000000000e+00 9.770037736096789374e-11 0.000000000000000000e+00 0.000000000000000000e+00 0.000000000000000000e+00 0.000000000000000000e+00 1.918301405360252135e-10 1.246410614794607735e-10
1.343421642936872473e+01 -4.206239307453691035e-12 7.790961702782928736e-11 0.000000000000000000e+00 0.000000000000000000e+00 8.973999875752607634e-11 0.000000000000000000e+00 0.000000000000000000e+00 0.000000000000000000e+00 0.000000000000000000e+00 1.761694290941099643e-10 1.144893512372830309e-10
1.401869622212410427e+01 -3.861468059495405967e-12 7.148586595841158985e-11 0.000000000000000000e+00 0.000000000000000000e+00 8.242812158441624813e-11 0.000000000000000000e+00 0.000000000000000000e+00 0.000000000000000000e+00 0.000000000000000000e+00 1.617898486132287515e-10 1.051630424152514660e-10
1.462860486143227945e+01 -3.542258420652106655e-12 6.560617759084574451e-11 0.000000000000000000e+00 0.000000000000000000e+00 7.571272408498237610e-11 0.000000000000000000e+00 0.000000000000000000e+00 0.000000000000000000e+00 0.000000000000000000e+00 1.485820942358089260e-10 9.659687186436469897e-11
1.526504867508253582e+01 -3.256038319896792585e-12 6.015839473799521947e-11 0.000000000000000000e+00 0.000000000000000000e+00 6.954523906412807491e-11 0.000000000000000000e+00 0.000000000000000000e+00 0.000000000000000000e+00 0.000000000000000000e+00 1.364546344668931569e-10 8.873325469650863387e-11
1.592918212364812369e+01 -2.987403978035292250e-12 5.519825352113592251e-11 0.000000000000000000e+00 0.000000000000000000e+00 6.388042250976779939e-11 0.000000000000000000e+00 0.000000000000000000e+00 0.000000000000000000e+00 0.000000000000000000e+00 1.253154517526957167e-10 8.150860623288044369e-11
1.662220989458974074e+01 -2.742712745578161547e-12 5.062868108394620321e-11 0.000000000000000000e+00 0.000000000000000000e+00 5.867852920953093206e-11 0.000000000000000000e+00 0.000000000000000000e+00 0.000000000000000000e+00 0.000000000000000000e+00 1.150872114603136800e-10 7.487535163424197767e-11
1.734538908746677066e+01 -2.514299110687234690e-12 4.646257085957045675e-11 0.000000000000000000e+00 0.000000000000000000e+00 5.389923897036628958e-11 0.000000000000000000e+00 0.000000000000000000e+00 0.000000000000000000e+00 0.000000000000000000e+00 1.056927505210252447e-10 6.878083248824504586e-11
1.810003149422011504e+01 -2.308972713994545686e-12 4.260422996939900184e-11 0.000000000000000000e+00 0.000000000000000000e+00 4.951094245815658090e-11 0.000000000000000000e+00 0.000000000000000000e+00 0.000000000000000000e+00 0.000000000000000000e+00 9.706655658487588461e-11 6.318681590875640876e-11
1.888750597866273750e+01 -2.115724117830444912e-12 3.909622306323432287e-11 0.000000000000000000e+00 0.000000000000000000e+00 4.548020398670334540e-11 0.000000000000000000e+00 0.000000000000000000e+00 0.000000000000000000e+00 0.000000000000000000e+00 8.914415099155424093e-11 5.804691201346082990e-11
1.970924095949434118e+01 -1.940238646077113967e-12 3.586159080472759582e-11 0.000000000000000000e+00 0.000000000000000000e+00 4.177771473335824166e-11 0.000000000000000000e+00 0.000000000000000000e+00 0.000000000000000000e+00 0.000000000000000000e+00 8.186834876152090281e-11 5.332757036674620661e-11
2.056672700134400245e+01 -1.778740932604666464e-12 3.289420226162580037e-11 0.000000000000000000e+00 0.000000000000000000e+00 3.837739569561549036e-11 0.000000000000000000e+00 0.000000000000000000e+00 0.000000000000000000e+00 0.000000000000000000e+00 7.518649270224679924e-11 4.899330838263020281e-11
2.146151951854085382e+01 -1.630735110993244250e-12 3.016858919872861445e-11 0.000000000000000000e+00 0.000000000000000000e+00 3.525406288801303877e-11 0.000000000000000000e+00 0.000000000000000000e+00 0.000000000000000000e+00 0.000000000000000000e+00 6.905084930076274368e-11 4.501312348923843027e-11
2.239524159651707436e+01 -1.494151370434699763e-12 2.767164068316482942e-11 0.000000000000000000e+00 0.000000000000000000e+00 3.238504934370382839e-11 0.000000000000000000e+00 0.000000000000000000e+00 0.000000000000000000e+00 0.000000000000000000e+00 6.341523985616026223e-11 4.135719471873894241e-11
2.336958693596119829e+01 -1.369226490876796633e-12 2.537604587046202248e-11 0.000000000000000000e+00 0.000000000000000000e+00 2.974991887252708528e-11 0.000000000000000000e+00 0.000000000000000000e+00 0.000000000000000000e+00 0.000000000000000000e+00 5.824100141473199657e-11 3.800037140872111299e-11
2.438632292506208543e+01 -1.251732156085388424e-12 2.328814897116064088e-11 0.000000000000000000e+00 0.000000000000000000e+00 2.732967979527208140e-11 0.000000000000000000e+00 0.000000000000000000e+00 0.000000000000000000e+00 0.000000000000000000e+00 5.348780900890400748e-11 3.491572563123631275e-11
2.544729384541637174e+01 -1.145172269919225202e-12 2.136268127209995196e-11 0.000000000000000000e+00 0.000000000000000000e+00 2.510654814534496399e-11 0.000000000000000000e+00 0.000000000000000000e+00 0.000000000000000000e+00 0.000000000000000000e+00 4.912318406084297612e-11 3.208378830263850580e-11
2.655442421741480175e+01 -1.046276434026896228e-12 1.960198058956917976e-11 0.000000000000000000e+00 0.000000000000000000e+00 2.306482530732358178e-11 0.000000000000000000e+00 0.000000000000000000e+00 0.000000000000000000e+00 0.000000000000000000e+00 4.511515452087295869e-11 2.948258478880580730e-11
2.770972229117543861e+01 -9.574210446703771402e-13 1.797422578855606633e-11 0.000000000000000000e+00 0.000000000000000000e+00 2.118851773626898175e-11 0.000000000000000000e+00 0.000000000000000000e+00 0.000000000000000000e+00 0.000000000000000000e+00 4.143431022603181280e-11 2.709457440264195454e-11
2.891528368935641069e+01 -8.715964498276659388e-13 1.650648442661049671e-11 0.000000000000000000e+00 0.000000000000000000e+00 1.946661171154381008e-11 0.000000000000000000e+00 0.000000000000000000e+00 0.000000000000000000e+00 0.000000000000000000e+00 3.805374334239593996e-11 2.489947171108643164e-11
3.017329520845564517e+01 -7.950698165453529952e-13 1.514606193329648390e-11 0.000000000000000000e+00 0.000000000000000000e+00 1.788384856574899940e-11 0.000000000000000000e+00 0.000000000000000000e+00 0.000000000000000000e+00 0.000000000000000000e+00 3.494946527864289232e-11 2.288462783503722075e-11
3.148603878549312896e+01 -7.248778682808613840e-13 1.389752145393475516e-11 0.000000000000000000e+00 0.000000000000000000e+00 1.642976710877542636e-11 0.000000000000000000e+00 0.000000000000000000e+00 0.000000000000000000e+00 0.000000000000000000e+00 3.209839001128402846e-11 2.103423101505849054e-11
3.285589563727066320e+01 -6.596887728722688051e-13 1.275648168135720001e-11 0.000000000000000000e+00 0.000000000000000000e+00 1.509441974517789899e-11 0.000000000000000000e+00 0.000000000000000000e+00 0.000000000000000000e+00 0.000000000000000000e+00 2.948029805522813083e-11 1.933459058426760945e-11
3.428535057971772204e+01 -6.010226303762852294e-13 1.170276436160290304e-11 0.000000000000000000e+00 0.000000000000000000e+00 1.386698714401719371e-11 0.000000000000000000e+00 0.000000000000000000e+00 0.000000000000000000e+00 0.000000000000000000e+00 2.707616278865789979e-11 1.777432651117570147e-11
3.577699653515814759e+01 -5.435315684030205574e-13 1.075714002998878237e-11 0.000000000000000000e+00 0.000000000000000000e+00 1.274140684713870686e-11 0.000000000000000000e+00 0.000000000000000000e+00 0.000000000000000000e+00 0.000000000000000000e+00 2.486786435407667595e-11 1.633954854685074383e-11
3.733353923567363353e+01 -4.948058263909831640e-13 9.867290857659096866e-12 0.000000000000000000e+00 0.000000000000000000e+00 1.170463404129927679e-11 0.000000000000000000e+00 0.000000000000000000e+00 0.000000000000000000e+00 0.000000000000000000e+00 2.284033933344780173e-11 1.502384809614085202e-11
3.895780213109558332e+01 -4.467459616613570305e-13 9.069420228078568805e-12 0.000000000000000000e+00 0.000000000000000000e+00 1.075448913095061055e-11 0.000000000000000000e+00 0.000000000000000000e+00 0.000000000000000000e+00 0.000000000000000000e+00 2.097808404213580219e-11 1.381395738532004703e-11
4.065273151052780776e+01 -4.030680349970164394e-13 8.335701390519743296e-12 0.000000000000000000e+00 0.000000000000000000e+00 9.881168566713290867e-12 0.000000000000000000e+00 0.000000000000000000e+00 0.000000000000000000e+00 0.000000000000000000e+00 1.926789332545788941e-11 1.270305381978939693e-11
4.242140184669047898e+01 -3.645607538264997416e-13 7.655056615485265711e-12 0.000000000000000000e+00 0.000000000000000000e+00 9.077350871100668158e-12 0.000000000000000000e+00 0.000000000000000000e+00 0.000000000000000000e+00 0.000000000000000000e+00 1.769733972755546711e-11 1.168343550125178071e-11
4.426702137277933247e+01 -3.287708216215120477e-13 7.033577717263411542e-12 0.000000000000000000e+00 0.000000000000000000e+00 8.339039614004230929e-12 0.000000000000000000e+00 0.000000000000000000e+00 0.000000000000000000e+00 0.000000000000000000e+00 1.625531252236081722e-11 1.074688300807536573e-11
4.619293790195614946e+01 -2.944208150170136042e-13 6.471694523272729397e-12 0.000000000000000000e+00 0.000000000000000000e+00 7.662013519659113696e-12 0.000000000000000000e+00 0.000000000000000000e+00 0.000000000000000000e+00 0.000000000000000000e+00 1.493068606207034290e-11 9.886021372801540433e-12
4.820264490002678315e+01 -2.640232198380582619e-13 5.951631456047623466e-12 0.000000000000000000e+00 0.000000000000000000e+00 7.038855448908165169e-12 0.000000000000000000e+00 0.000000000000000000e+00 0.000000000000000000e+00 0.000000000000000000e+00 1.371457351390618786e-11 9.096039979482726473e-12
5.029978782232173273e+01 -2.359945541853955026e-13 5.476440374344399843e-12 0.000000000000000000e+00 0.000000000000000000e+00 6.466142152492161678e-12 0.000000000000000000e+00 0.000000000000000000e+00 0.000000000000000000e+00 0.000000000000000000e+00 1.259750747992345844e-11 8.370318910807512938e-12
5.248817072627439728e+01 -2.096827507309889265e-13 5.043940031065390726e-12 0.000000000000000000e+00 0.000000000000000000e+00 5.940579845742652072e-12 0.000000000000000000e+00 0.000000000000000000e+00 0.000000000000000000e+00 0.000000000000000000e+00 1.157176477447995572e-11 7.703606614576117306e-12
5.477176317169127628e+01 -1.853943931689982055e-13 4.648943060062646824e-12 0.000000000000000000e+00 0.000000000000000000e+00 5.457759159824143301e-12 0.000000000000000000e+00 0.000000000000000000e+00 0.000000000000000000e+00 0.000000000000000000e+00 1.062979300319321100e-11 7.091184202280634776e-12
5.715470742123107328e+01 -1.634008669265584302e-13 4.286749135095841547e-12 0.000000000000000000e+00 0.000000000000000000e+00 5.013665511531353546e-12 0.000000000000000000e+00 0.000000000000000000e+00 0.000000000000000000e+00 0.000000000000000000e+00 9.764651073858776121e-12 6.528777694183719367e-12
5.964132595415325255e+01 -1.437355534451206481e-13 3.953688727700919143e-12 0.000000000000000000e+00 0.000000000000000000e+00 4.604866799590410410e-12 0.000000000000000000e+00 0.000000000000000000e+00 0.000000000000000000e+00 0.000000000000000000e+00 8.970192452712891058e-12 6.012497433068320710e-12
6.223612930696613432e+01 -1.249622103393871699e-13 3.652499282429150634e-12 0.000000000000000000e+00 0.000000000000000000e+00 4.230190342198517514e-12 0.000000000000000000e+00 0.000000000000000000e+00 0.000000000000000000e+00 0.000000000000000000e+00 8.240578432307545278e-12 5.537914170243714471e-12
6.494382425519634694e+01 -1.083636535272607296e-13 3.375110697190213816e-12 0.000000000000000000e+00 0.000000000000000000e+00 3.885020597413652079e-12 0.000000000000000000e+00 0.000000000000000000e+00 0.000000000000000000e+00 0.000000000000000000e+00 7.570593479836244275e-12 5.102317431776733452e-12
6.776932235112084868e+01 -9.313459411254603700e-14 3.122535579210801694e-12 0.000000000000000000e+00 0.000000000000000000e+00 3.567857292475286766e-12 0.000000000000000000e+00 0.000000000000000000e+00 0.000000000000000000e+00 0.000000000000000000e+00 6.955154848469012963e-12 4.702125057476005313e-12
7.071774883294858682e+01 -7.920657305967182695e-14 2.892290991290169589e-12 0.000000000000000000e+00 0.000000000000000000e+00 3.276428723451514739e-12 0.000000000000000000e+00 0.000000000000000000e+00 0.000000000000000000e+00 0.000000000000000000e+00 6.389962039556215434e-12 4.334491612037152627e-12
7.379445192161182376e+01 -6.690916398109274713e-14 2.680971620254174590e-12 0.000000000000000000e+00 0.000000000000000000e+00 3.007945461803071382e-12 0.000000000000000000e+00 0.000000000000000000e+00 0.000000000000000000e+00 0.000000000000000000e+00 5.871088273815437368e-12 3.997053823677820054e-12
7.700501252203143565e+01 -5.539351548299570490e-14 2.489995921772703710e-12 0.000000000000000000e+00 0.000000000000000000e+00 2.761906129113810794e-12 0.000000000000000000e+00 0.000000000000000000e+00 0.000000000000000000e+00 0.000000000000000000e+00 5.394362930604175429e-12 3.686838823147349484e-12
8.035525434645299470e+01 -4.490399250879169123e-14 2.316336325417624127e-12 0.000000000000000000e+00 0.000000000000000000e+00 2.536056194609175321e-12 0.000000000000000000e+00 0.000000000000000000e+00 0.000000000000000000e+00 0.000000000000000000e+00 4.956535029028183546e-12 3.401803922256629799e-12
8.385125447821714317e+01 -3.593803075160715480e-14 2.156899430248610327e-12 0.000000000000000000e+00 0.000000000000000000e+00 2.327646156793129380e-12 0.000000000000000000e+00 0.000000000000000000e+00 0.000000000000000000e+00 0.000000000000000000e+00 4.554511991867153039e-12 3.140191431219576061e-12
8.749935439512539403e+01 -2.820684225049134933e-14 2.011454353245209644e-12 0.000000000000000000e+00 0.000000000000000000e+00 2.135651455238890371e-12 0.000000000000000000e+00 0.000000000000000000e+00 0.000000000000000000e+00 0.000000000000000000e+00 4.185193346027371987e-12 2.899943534237923067e-12
9.130617147239769338e+01 -2.092863409297536905e-14 1.880618781733830402e-12 0.000000000000000000e+00 0.000000000000000000e+00 1.960389150674366875e-12 0.000000000000000000e+00 0.000000000000000000e+00 0.000000000000000000e+00 0.000000000000000000e+00 3.846010906869189930e-12 2.678958443525886396e-12
9.527861098608673274e+01 -1.486690997361920551e-14 1.761249560323381395e-12 0.000000000000000000e+00 0.000000000000000000e+00 1.798905691986457996e-12 0.000000000000000000e+00 0.000000000000000000e+00 0.000000000000000000e+00 0.000000000000000000e+00 3.534372278286944048e-12 2.475999252456526816e-12
9.942387863872237119e+01 -9.862857114469922567e-15 1.652561187007563849e-12 0.000000000000000000e+00 0.000000000000000000e+00 1.650269681830534390e-12 0.000000000000000000e+00 0.000000000000000000e+00 0.000000000000000000e+00 0.000000000000000000e+00 3.248265064814139373e-12 2.289629905930528908e-12
1.037494936299070645e+02 -5.908592606533276950e-15 1.553834175383277086e-12 0.000000000000000000e+00 0.000000000000000000e+00 1.513468938144326648e-12 0.000000000000000000e+00 0.000000000000000000e+00 0.000000000000000000e+00 0.000000000000000000e+00 2.985376665690930033e-12 2.118421919207097130e-12
1.082633022955706252e+02 -2.638850819593854692e-15 1.464906459424863220e-12 0.000000000000000000e+00 0.000000000000000000e+00 1.388463102432443635e-12 0.000000000000000000e+00 0.000000000000000000e+00 0.000000000000000000e+00 0.000000000000000000e+00 2.743918238072504382e-12 1.960950740913757083e-12
1.129734923406257820e+02 -3.862854096767881561e-16 1.384377475451428327e-12 0.000000000000000000e+00 0.000000000000000000e+00 1.273559309541391119e-12 0.000000000000000000e+00 0.000000000000000000e+00 0.000000000000000000e+00 0.000000000000000000e+00 2.522064630513609636e-12 1.816268061726190093e-12
1.178886076908408143e+02 8.070872734453641679e-16 1.311494495099592292e-12 0.000000000000000000e+00 0.000000000000000000e+00 1.167783156203937291e-12 0.000000000000000000e+00 0.000000000000000000e+00 0.000000000000000000e+00 0.000000000000000000e+00 2.318274971544452608e-12 1.683389500880201227e-12
1.230175639908698031e+02 1.297190533202963207e-15 1.246273914929159188e-12 0.000000000000000000e+00 0.000000000000000000e+00 1.071331700361202886e-12 0.000000000000000000e+00 0.000000000000000000e+00 0.000000000000000000e+00 0.000000000000000000e+00 2.131094817234023622e-12 1.561120488819103262e-12
1.283696647765525256e+02 9.010920315127607362e-16 1.187944171499151798e-12 0.000000000000000000e+00 0.000000000000000000e+00 9.832149340886237801e-13 0.000000000000000000e+00 0.000000000000000000e+00 0.000000000000000000e+00 0.000000000000000000e+00 1.959081846889252432e-12 1.448687088816392205e-12
1.339546183508192598e+02 -3.255301148692351774e-16 1.136136878107591401e-12 0.000000000000000000e+00 0.000000000000000000e+00 9.029323908145778788e-13 0.000000000000000000e+00 0.000000000000000000e+00 0.000000000000000000e+00 0.000000000000000000e+00 1.801044175695140650e-12 1.345264194538644682e-12
1.397825553938130554e+02 -2.373793631659407569e-15 1.090504289165705776e-12 0.000000000000000000e+00 0.000000000000000000e+00 8.298061526641045714e-13 0.000000000000000000e+00 0.000000000000000000e+00 0.000000000000000000e+00 0.000000000000000000e+00 1.655883487437330569e-12 1.250134977255171918e-12
1.458640473391704688e+02 -5.220904370869695577e-15 1.050823931069022946e-12 0.000000000000000000e+00 0.000000000000000000e+00 7.634859118731156135e-13 0.000000000000000000e+00 0.000000000000000000e+00 0.000000000000000000e+00 0.000000000000000000e+00 1.522513067415604289e-12 1.162630396007746962e-12
1.522101255497971692e+02 -8.590282701916443632e-15 1.017297712422239377e-12 0.000000000000000000e+00 0.000000000000000000e+00 7.041231283778979727e-13 0.000000000000000000e+00 0.000000000000000000e+00 0.000000000000000000e+00 0.000000000000000000e+00 1.399972895213468292e-12 1.081954100580058782e-12
1.588323013279193674e+02 -1.270634618954864551e-14 9.895971887642007047e-13 0.000000000000000000e+00 0.000000000000000000e+00 6.505714465641460416e-13 0.000000000000000000e+00 0.000000000000000000e+00 0.000000000000000000e+00 0.000000000000000000e+00 1.287434422545272898e-12 1.007803061763749234e-12
1.657425867957087178e+02 -1.699149408896334169e-14 9.684165353359459221e-13 0.000000000000000000e+00 0.000000000000000000e+00 6.038607261547227571e-13 0.000000000000000000e+00 0.000000000000000000e+00 0.000000000000000000e+00 0.000000000000000000e+00 1.183982251782498950e-12 9.392856859142027417e-13
1.729535166843564582e+02 -2.151776688236610383e-14 9.539812725339618102e-13 0.000000000000000000e+00 0.000000000000000000e+00 5.630851188403525043e-13 0.000000000000000000e+00 0.000000000000000000e+00 0.000000000000000000e+00 0.000000000000000000e+00 1.088995901293682569e-12 8.761819342720137059e-13
1.804781710711205562e+02 -2.572425731154176092e-14 9.471901852825945753e-13 0.000000000000000000e+00 0.000000000000000000e+00 5.288687759290519105e-13 0.000000000000000000e+00 0.000000000000000000e+00 0.000000000000000000e+00 0.000000000000000000e+00 1.001706948989432311e-12 8.178373240267578377e-13
1.883301991055890028e+02 -2.940206299271775421e-14 9.490479688901949150e-13 0.000000000000000000e+00 0.000000000000000000e+00 5.014561603625796072e-13 0.000000000000000000e+00 0.000000000000000000e+00 0.000000000000000000e+00 0.000000000000000000e+00 9.215563804441912770e-13 7.639999662588986910e-13
1.965238437681966275e+02 -3.171736193442775278e-14 9.612013088470655373e-13 0.000000000000000000e+00 0.000000000000000000e+00 4.813731756562332304e-13 0.000000000000000000e+00 0.000000000000000000e+00 0.000000000000000000e+00 0.000000000000000000e+00 8.479451463934780536e-13 7.141151565230770602e-13
2.050739677059069948e+02 -3.199238928711213338e-14 9.856016462289553842e-13 0.000000000000000000e+00 0.000000000000000000e+00 4.697252561074924383e-13 0.000000000000000000e+00 0.000000000000000000e+00 0.000000000000000000e+00 0.000000000000000000e+00 7.803433478509878990e-13 6.678560135759669595e-13
2.139960801919201003e+02 -2.933639998111303145e-14 1.025016648291147538e-12 0.000000000000000000e+00 0.000000000000000000e+00 4.679439562312182797e-13 0.000000000000000000e+00 0.000000000000000000e+00 0.000000000000000000e+00 0.000000000000000000e+00 7.183203801951588565e-13 6.249494480431457955e-13
2.233063652583127521e+02 -2.257648814593240884e-14 1.083111643256672750e-12 0.000000000000000000e+00 0.000000000000000000e+00 4.791265218362743872e-13 0.000000000000000000e+00 0.000000000000000000e+00 0.000000000000000000e+00 0.000000000000000000e+00 6.614002422709332387e-13 5.850429504097098535e-13
2.330217110526390911e+02 -1.029915869030263321e-14 1.164345975229990017e-12 0.000000000000000000e+00 0.000000000000000000e+00 5.071547890231250141e-13 0.000000000000000000e+00 0.000000000000000000e+00 0.000000000000000000e+00 0.000000000000000000e+00 6.092005992636282205e-13 5.478490368066541034e-13
2.431597404717432198e+02 9.125439488043434372e-15 1.274338418521833150e-12 0.000000000000000000e+00 0.000000000000000000e+00 5.582549210080198862e-13 0.000000000000000000e+00 0.000000000000000000e+00 0.000000000000000000e+00 0.000000000000000000e+00 5.613265913523064731e-13 5.130467789772761112e-13
2.537388431283509647e+02 3.723495299578049106e-14 1.419606903036030400e-12 0.000000000000000000e+00 0.000000000000000000e+00 6.421648713814646337e-13 0.000000000000000000e+00 0.000000000000000000e+00 0.000000000000000000e+00 0.000000000000000000e+00 5.174428493100276623e-13 4.804046504317186188e-13
2.647782087084258933e+02 7.531509062578211531e-14 1.607642352036970979e-12 0.000000000000000000e+00 0.000000000000000000e+00 7.739226124407771111e-13 0.000000000000000000e+00 0.000000000000000000e+00 0.000000000000000000e+00 0.000000000000000000e+00 4.772390865408230635e-13 4.497146098452531823e-13
2.762978617797970742e+02 1.239654781732214548e-13 1.842819645633170382e-12 0.000000000000000000e+00 0.000000000000000000e+00 9.717591133646781717e-13 0.000000000000000000e+00 0.000000000000000000e+00 0.000000000000000000e+00 0.000000000000000000e+00 4.404323971097913018e-13 4.207502553298779372e-13
2.883186981151989698e+02 1.821488424014445800e-13 2.124806592341093679e-12 0.000000000000000000e+00 0.000000000000000000e+00 1.257159083920084836e-12 0.000000000000000000e+00 0.000000000000000000e+00 0.000000000000000000e+00 0.000000000000000000e+00 4.067402151962338929e-13 3.933259659162723815e-13
3.008625225956113809e+02 2.464240294613291890e-13 2.439901017712600519e-12 0.000000000000000000e+00 0.000000000000000000e+00 1.643568102201389484e-12 0.000000000000000000e+00 0.000000000000000000e+00 0.000000000000000000e+00 0.000000000000000000e+00 3.759051740702347564e-13 3.672867575320970204e-13
3.139520887626504759e+02 3.102500919840051566e-13 2.751054383572081348e-12 0.000000000000000000e+00 0.000000000000000000e+00 2.115962008096674204e-12 0.000000000000000000e+00 0.000000000000000000e+00 0.000000000000000000e+00 0.000000000000000000e+00 3.476788011939275281e-13 3.425118866178920005e-13
3.276111400917600349e+02 3.646405127722412674e-13 2.995190259702283351e-12 0.000000000000000000e+00 0.000000000000000000e+00 2.608776863471873327e-12 0.000000000000000000e+00 0.000000000000000000e+00 0.000000000000000000e+00 0.000000000000000000e+00 3.218514997701522808e-13 3.189645159739003976e-13
3.418644530610662855e+02 4.005798586321800113e-13 3.105771042504167042e-12 0.000000000000000000e+00 0.000000000000000000e+00 3.009471278418762542e-12 0.000000000000000000e+00 0.000000000000000000e+00 0.000000000000000000e+00 0.000000000000000000e+00 2.982082985739105606e-13 2.966672846463922182e-13
3.567378820940206197e+02 4.119804632724390597e-13 3.042717819086251279e-12 0.000000000000000000e+00 0.000000000000000000e+00 3.205881104066109594e-12 0.000000000000000000e+00 0.000000000000000000e+00 0.000000000000000000e+00 0.000000000000000000e+00 2.765462650858750222e-13 2.756522378325054228e-13
3.722584064573538853e+02 3.982910149212589716e-13 2.822298099717627594e-12 0.000000000000000000e+00 0.000000000000000000e+00 3.154247268559469016e-12 0.000000000000000000e+00 0.000000000000000000e+00 0.000000000000000000e+00 0.000000000000000000e+00 2.566476926894072883e-13 2.559256525625700595e-13
3.884541791994093956e+02 3.645153509036344744e-13 2.504263290572893130e-12 0.000000000000000000e+00 0.000000000000000000e+00 2.900688792638098956e-12 0.000000000000000000e+00 0.000000000000000000e+00 0.000000000000000000e+00 0.000000000000000000e+00 2.383334395472412901e-13 2.374849804906489162e-13
4.053545782176276475e+02 3.184388333452085422e-13 2.156820281041767836e-12 0.000000000000000000e+00 0.000000000000000000e+00 2.535281593163876689e-12 0.000000000000000000e+00 0.000000000000000000e+00 0.000000000000000000e+00 0.000000000000000000e+00 2.214347444798979914e-13 2.203032867557909291e-13
4.229902595478124567e+02 2.676819624937114769e-13 1.829557582166771935e-12 0.000000000000000000e+00 0.000000000000000000e+00 2.138642891988944711e-12 0.000000000000000000e+00 0.000000000000000000e+00 0.000000000000000000e+00 0.000000000000000000e+00 2.058088418223080107e-13 2.043313439011273893e-13
4.413932129718455144e+02 2.182861116128090843e-13 1.551611409311636062e-12 0.000000000000000000e+00 0.000000000000000000e+00 1.766481839646500380e-12 0.000000000000000000e+00 0.000000000000000000e+00 0.000000000000000000e+00 0.000000000000000000e+00 1.913637775808507798e-13 1.895882803947543876e-13
4.605968200447100571e+02 1.739673243891834467e-13 1.332497896729824880e-12 0.000000000000000000e+00 0.000000000000000000e+00 1.444104151272451824e-12 0.000000000000000000e+00 0.000000000000000000e+00 0.000000000000000000e+00 0.000000000000000000e+00 1.780345073657329070e-13 1.760522657460543156e-13
4.806359146460892475e+02 1.368715968274658312e-13 1.173818990125674588e-12 0.000000000000000000e+00 0.000000000000000000e+00 1.183091660353936154e-12 0.000000000000000000e+00 0.000000000000000000e+00 0.000000000000000000e+00 0.000000000000000000e+00 1.657786034751174500e-13 1.637404340418998001e-13
5.015468461663685957e+02 1.082975921869107792e-13 1.073224682258756674e-12 0.000000000000000000e+00 0.000000000000000000e+00 9.883061446624028862e-13 0.000000000000000000e+00 0.000000000000000000e+00 0.000000000000000000e+00 0.000000000000000000e+00 1.545510362265901326e-13 1.526342357268686338e-13
5.233675454416602406e+02 8.933023244978481493e-14 1.029185352845629667e-12 0.000000000000000000e+00 0.000000000000000000e+00 8.642278836408188781e-13 0.000000000000000000e+00 0.000000000000000000e+00 0.000000000000000000e+00 0.000000000000000000e+00 1.442989339391583806e-13 1.426840100424081539e-13
5.461375935574483265e+02 8.113914094747466725e-14 1.042011211044763133e-12 0.000000000000000000e+00 0.000000000000000000e+00 8.185677343932990683e-13 0.000000000000000000e+00 0.000000000000000000e+00 0.000000000000000000e+00 0.000000000000000000e+00 1.349801319383689080e-13 1.338318830860648426e-13
5.698982936456619655e+02 8.462209192208525489e-14 1.111889366702909596e-12 0.000000000000000000e+00 0.000000000000000000e+00 8.622323625343175982e-13 0.000000000000000000e+00 0.000000000000000000e+00 0.000000000000000000e+00 0.000000000000000000e+00 1.265445974348898871e-13 1.259482298793170160e-13
5.946927458054085491e+02 9.932740922708549883e-14 1.231598668707362597e-12 0.000000000000000000e+00 0.000000000000000000e+00 1.006634353728395654e-12 0.000000000000000000e+00 0.000000000000000000e+00 0.000000000000000000e+00 0.000000000000000000e+00 1.189258295546582671e-13 1.188669215848279973e-13
6.205659252832682569e+02 1.214312435654616595e-13 1.371318186362847408e-12 0.000000000000000000e+00 0.000000000000000000e+00 1.239519119290665574e-12 0.000000000000000000e+00 0.000000000000000000e+00 0.000000000000000000e+00 0.000000000000000000e+00 1.120247571067136897e-13 1.123804198307128321e-13
6.475647640549660764e+02 1.429042756783911676e-13 1.469891652685855705e-12 0.000000000000000000e+00 0.000000000000000000e+00 1.489196421943728097e-12 0.000000000000000000e+00 0.000000000000000000e+00 0.000000000000000000e+00 0.000000000000000000e+00 1.057374819060441653e-13 1.063317377124612501e-13
6.757382359563951013e+02 1.536052144861310063e-13 1.463338706987391897e-12 0.000000000000000000e+00 0.000000000000000000e+00 1.634159576027919872e-12 0.000000000000000000e+00 0.000000000000000000e+00 0.000000000000000000e+00 0.000000000000000000e+00 9.994185456422928711e-14 1.006126181550271805e-13
7.051374455184256931e+02 1.471539619069191237e-13 1.344692301380428444e-12 0.000000000000000000e+00 0.000000000000000000e+00 1.601698983251677874e-12 0.000000000000000000e+00 0.000000000000000000e+00 0.000000000000000000e+00 0.000000000000000000e+00 9.454375185451247852e-14 9.517413143570709543e-14
7.358157206666278398e+02 1.253817702138589179e-13 1.164419380780269098e-12 0.000000000000000000e+00 0.000000000000000000e+00 1.416822736390212182e-12 0.000000000000000000e+00 0.000000000000000000e+00 0.000000000000000000e+00 0.000000000000000000e+00 8.951662597282058166e-14 9.000891509163338792e-14
7.678287094540650060e+02 9.638346512520997461e-14 9.831314228783557297e-13 0.000000000000000000e+00 0.000000000000000000e+00 1.156556697211122987e-12 0.000000000000000000e+00 0.000000000000000000e+00 0.000000000000000000e+00 0.000000000000000000e+00 8.488397138942492041e-14 8.515856743925173634e-14
8.012344810026208961e+02 6.901819292015868973e-14 8.393345876412199272e-13 0.000000000000000000e+00 0.000000000000000000e+00 8.998320238187810078e-13 0.000000000000000000e+00 0.000000000000000000e+00 0.000000000000000000e+00 0.000000000000000000e+00 8.068683218684086970e-14 8.072272551968951434e-14
8.360936308359608802e+02 4.977918740834015134e-14 7.520803097650077214e-13 0.000000000000000000e+00 0.000000000000000000e+00 7.145118667859795122e-13 0.000000000000000000e+00 0.000000000000000000e+00 0.000000000000000000e+00 0.000000000000000000e+00 7.697051242338248885e-14 7.684396084526002734e-14
8.724693907951938172e+02 4.330394683444827315e-14 7.315035879899458967e-13 0.000000000000000000e+00 0.000000000000000000e+00 6.504199446786598179e-13 0.000000000000000000e+00 0.000000000000000000e+00 0.000000000000000000e+00 0.000000000000000000e+00 7.375890833400113288e-14 7.361636736494463422e-14
9.104277437366123422e+02 5.209489872430982200e-14 7.755388037426535632e-13 0.000000000000000000e+00 0.000000000000000000e+00 7.275702551662567241e-13 0.000000000000000000e+00 0.000000000000000000e+00 0.000000000000000000e+00 0.000000000000000000e+00 7.106950604177386511e-14 7.101847077825147791e-14
9.500375432195683061e+02 7.293961659406208853e-14 8.510336120260718814e-13 0.000000000000000000e+00 0.000000000000000000e+00 9.223053229648907926e-13 0.000000000000000000e+00 0.000000000000000000e+00 0.000000000000000000e+00 0.000000000000000000e+00 6.881944217265167855e-14 6.885239710922425045e-14
9.913706384015775939e+02 9.243467245282605951e-14 8.869010961493567310e-13 0.000000000000000000e+00 0.000000000000000000e+00 1.099273336398203833e-12 0.000000000000000000e+00 0.000000000000000000e+00 0.000000000000000000e+00 0.000000000000000000e+00 6.686121404789519220e-14 6.687937919210496592e-14
1.034502004367218660e+03 9.454052820593582477e-14 8.428821468565725793e-13 0.000000000000000000e+00 0.000000000000000000e+00 1.119588651513554432e-12 0.000000000000000000e+00 0.000000000000000000e+00 0.000000000000000000e+00 0.000000000000000000e+00 6.506699670076300700e-14 6.496402124522989246e-14
1.079509878127221327e+03 7.655124034775589128e-14 7.542203656659086860e-13 0.000000000000000000e+00 0.000000000000000000e+00 9.899744144688344469e-13 0.000000000000000000e+00 0.000000000000000000e+00 0.000000000000000000e+00 0.000000000000000000e+00 6.338937564818214162e-14 6.307427490114240942e-14
1.126475900534442644e+03 5.127129159890138797e-14 6.705580879292488079e-13 0.000000000000000000e+00 0.000000000000000000e+00 7.756071458891637154e-13 0.000000000000000000e+00 0.000000000000000000e+00 0.000000000000000000e+00 0.000000000000000000e+00 6.194535404401098609e-14 6.137596706696395345e-14
1.175485264374150120e+03 3.437570592147240352e-14 6.236161838518952427e-13 0.000000000000000000e+00 0.000000000000000000e+00 6.029175304951932566e-13 0.000000000000000000e+00 0.000000000000000000e+00 0.000000000000000000e+00 0.000000000000000000e+00 6.088895118136068654e-14 6.014454709863026138e-14
1.226626868897243185e+03 3.707711517078194275e-14 6.334345125685921123e-13 0.000000000000000000e+00 0.000000000000000000e+00 6.186639250609075897e-13 0.000000000000000000e+00 0.000000000000000000e+00 0.000000000000000000e+00 0.000000000000000000e+00 6.035850599871823222e-14 5.956409760664910793e-14
1.279993481076717899e+03 5.826342703286962900e-14 6.819421753671202281e-13 0.000000000000000000e+00 0.000000000000000000e+00 8.172504569345912520e-13 0.000000000000000000e+00 0.000000000000000000e+00 0.000000000000000000e+00 0.000000000000000000e+00 6.033260263213934045e-14 5.949716162314425001e-14
1.335681903879886931e+03 7.162690458637875960e-14 6.856991448535422478e-13 0.000000000000000000e+00 0.000000000000000000e+00 9.354941301250010930e-13 0.000000000000000000e+00 0.000000000000000000e+00 0.000000000000000000e+00 0.000000000000000000e+00 6.060173609852045196e-14 5.957396162234226876e-14
1.393793151861582601e+03 5.417627966626187067e-14 6.256157473852519775e-13 0.000000000000000000e+00 0.000000000000000000e+00 8.073619300946579049e-13 0.000000000000000000e+00 0.000000000000000000e+00 0.000000000000000000e+00 0.000000000000000000e+00 6.102256324684991346e-14 5.959100296922200885e-14
1.454432634396866888e+03 2.219515738277842847e-14 5.474292905953613627e-13 0.000000000000000000e+00 0.000000000000000000e+00 5.174054813321639454e-13 0.000000000000000000e+00 0.000000000000000000e+00 0.000000000000000000e+00 0.000000000000000000e+00 6.174899371754284353e-14 5.977421534182972391e-14
1.517710346885595754e+03 6.319580261227716832e-15 5.037119225907019500e-13 0.000000000000000000e+00 0.000000000000000000e+00 3.869482162097043209e-13 0.000000000000000000e+00 0.000000000000000000e+00 0.000000000000000000e+00 0.000000000000000000e+00 6.322883738343475425e-14 6.078038923966816735e-14
1.583741070275696984e+03 2.997259065533606624e-14 5.503681081140850579e-13 0.000000000000000000e+00 0.000000000000000000e+00 5.859335770264941037e-13 0.000000000000000000e+00 0.000000000000000000e+00 0.000000000000000000e+00 0.000000000000000000e+00 6.575254522927951910e-14 6.297069068680331706e-14
1.652644579267060635e+03 6.750035894888760158e-14 6.113745624397095773e-13 0.000000000000000000e+00 0.000000000000000000e+00 8.726245422116194218e-13 0.000000000000000000e+00 0.000000000000000000e+00 0.000000000000000000e+00 0.000000000000000000e+00 6.897418644035142074e-14 6.581391551779101390e-14
1.724545859573716598e+03 5.346914025439627774e-14 6.205968451092414152e-13 0.000000000000000000e+00 0.000000000000000000e+00 8.091910965462747040e-13 0.000000000000000000e+00 0.000000000000000000e+00 0.000000000000000000e+00 0.000000000000000000e+00 7.228399229714615344e-14 6.860972079651160382e-14
1.799575334638394452e+03 9.023961586315783425e-15 6.012681561836451784e-13 0.000000000000000000e+00 0.000000000000000000e+00 4.527617499781596165e-13 0.000000000000000000e+00 0.000000000000000000e+00 0.000000000000000000e+00 0.000000000000000000e+00 7.569217705721294790e-14 7.153444475406726151e-14
1.877869102210708206e+03 -3.952873713561520026e-15 6.259842768030937603e-13 0.000000000000000000e+00 0.000000000000000000e+00 3.941988353664033384e-13 0.000000000000000000e+00 0.000000000000000000e+00 0.000000000000000000e+00 0.000000000000000000e+00 7.990513812771270739e-14 7.543648651085127071e-14
1.959569181218102358e+03 2.104160741555384941e-15 7.000995711777478036e-13 0.000000000000000000e+00 0.000000000000000000e+00 4.665243457738845734e-13 0.000000000000000000e+00 0.000000000000000000e+00 0.000000000000000000e+00 0.000000000000000000e+00 8.424255477404678872e-14 7.947536149567669972e-14
2.044823769377360577e+03 -4.009628337000613990e-14 6.860832309615692170e-13 0.000000000000000000e+00 0.000000000000000000e+00 2.046718624457197964e-13 0.000000000000000000e+00 0.000000000000000000e+00 0.000000000000000000e+00 0.000000000000000000e+00 8.676507160623781635e-14 8.144931041916193045e-14
2.133787512013977448e+03 -5.629985524998769671e-14 6.373174304509037303e-13 0.000000000000000000e+00 0.000000000000000000e+00 1.222667994589395039e-13 0.000000000000000000e+00 0.000000000000000000e+00 0.000000000000000000e+00 0.000000000000000000e+00 8.746748135530167467e-14 8.155790557991568341e-14
2.226621782576980422e+03 -2.622250580102634369e-14 6.607883918792385889e-13 0.000000000000000000e+00 0.000000000000000000e+00 2.297128855291286839e-13 0.000000000000000000e+00 0.000000000000000000e+00 0.000000000000000000e+00 0.000000000000000000e+00 8.624293915128572622e-14 8.068308488232569119e-14
2.323494975358078136e+03 -3.661170463256025640e-14 7.011021641066097683e-13 0.000000000000000000e+00 0.000000000000000000e+00 2.273085174288101983e-13 0.000000000000000000e+00 0.000000000000000000e+00 0.000000000000000000e+00 0.000000000000000000e+00 8.180210050074966995e-14 7.740292274328522486e-14
2.424582810946065820e+03 -3.619135806139642896e-14 6.577460961401229977e-13 0.000000000000000000e+00 0.000000000000000000e+00 2.095361882864015567e-13 0.000000000000000000e+00 0.000000000000000000e+00 0.000000000000000000e+00 0.000000000000000000e+00 7.595717444802986843e-14 7.169277016497123890e-14
2.530068654970585612e+03 -1.307801418653603970e-14 5.323471919457595894e-13 0.000000000000000000e+00 0.000000000000000000e+00 2.522860201641953647e-13 0.000000000000000000e+00 0.000000000000000000e+00 0.000000000000000000e+00 0.000000000000000000e+00 6.967217703892435402e-14 6.472292203920588705e-14
2.640143850713400752e+03 -2.253706199422784782e-14 4.575251760169705114e-13 0.000000000000000000e+00 0.000000000000000000e+00 2.043039693599249031e-13 0.000000000000000000e+00 0.000000000000000000e+00 0.000000000000000000e+00 0.000000000000000000e+00 6.363476560273928126e-14 5.878703430052722599e-14
2.755008066190528098e+03 -2.241368506639807063e-14 4.326756282250660145e-13 0.000000000000000000e+00 0.000000000000000000e+00 2.138266117320652366e-13 0.000000000000000000e+00 0.000000000000000000e+00 0.000000000000000000e+00 0.000000000000000000e+00 5.884611983627705717e-14 5.498358483296480066e-14
2.874869656334801675e+03 -2.256158447868541069e-15 4.469468956606238419e-13 0.000000000000000000e+00 0.000000000000000000e+00 3.806195063013769487e-13 0.000000000000000000e+00 0.000000000000000000e+00 0.000000000000000000e+00 0.000000000000000000e+00 5.613197906132848280e-14 5.305242755451283201e-14
2.999946040935837118e+03 -1.423934258515149471e-14 4.391970592314289868e-13 0.000000000000000000e+00 0.000000000000000000e+00 2.961657312182962217e-13 0.000000000000000000e+00 0.000000000000000000e+00 0.000000000000000000e+00 0.000000000000000000e+00 5.494463270720585890e-14 5.233866351243953354e-14
3.130464099022974096e+03 1.002214811220966340e-14 5.096109178981927017e-13 0.000000000000000000e+00 0.000000000000000000e+00 4.786193151867522424e-13 0.000000000000000000e+00 0.000000000000000000e+00 0.000000000000000000e+00 0.000000000000000000e+00 5.654434730248389695e-14 5.444038663432884041e-14
3.266660580406526151e+03 -8.088298363555720721e-16 5.745829733442560970e-13 0.000000000000000000e+00 0.000000000000000000e+00 5.673991929223024245e-13 0.000000000000000000e+00 0.000000000000000000e+00 0.000000000000000000e+00 0.000000000000000000e+00 6.054073601419901040e-14 5.920023672828287337e-14
3.408782535123903926e+03 3.197613733026954771e-15 7.031776735891262438e-13 0.000000000000000000e+00 0.000000000000000000e+00 6.254374024976294729e-13 0.000000000000000000e+00 0.000000000000000000e+00 0.000000000000000000e+00 0.000000000000000000e+00 6.835743754602794724e-14 6.748204825861749958e-14
3.557087761569554004e+03 3.704756174194938665e-14 8.856260586767243392e-13 0.000000000000000000e+00 0.000000000000000000e+00 1.124163376025035367e-12 0.000000000000000000e+00 0.000000000000000000e+00 0.000000000000000000e+00 0.000000000000000000e+00 8.178280300044691165e-14 8.125850501117431888e-14
3.711845274121596958e+03 3.911920210163573458e-14 1.143937392117601451e-12 0.000000000000000000e+00 0.000000000000000000e+00 1.256557370097364273e-12 0.000000000000000000e+00 0.000000000000000000e+00 0.000000000000000000e+00 0.000000000000000000e+00 1.006774799363136743e-13 1.005551505754664875e-13
3.873335791113409414e+03 8.861107705890410726e-14 1.419625290870399697e-12 0.000000000000000000e+00 0.000000000000000000e+00 1.979136852807678580e-12 0.000000000000000000e+00 0.000000000000000000e+00 0.000000000000000000e+00 0.000000000000000000e+00 1.359033357682518377e-13 1.353258402602041986e-13
4.041852244035283547e+03 9.614801244598819633e-14 2.077544905332562447e-12 0.000000000000000000e+00 0.000000000000000000e+00 2.395137894448218416e-12 0.000000000000000000e+00 0.000000000000000000e+00 0.000000000000000000e+00 0.000000000000000000e+00 1.965103372075529356e-13 1.937739467359218764e-13
4.217700308889829103e+03 2.213451475195516252e-13 2.781196895650615405e-12 0.000000000000000000e+00 0.000000000000000000e+00 3.925421151382907353e-12 0.000000000000000000e+00 0.000000000000000000e+00 0.000000000000000000e+00 0.000000000000000000e+00 3.182341879615744478e-13 3.097559546810090981e-13
4.401198960664939477e+03 3.370482935649465978e-13 4.150915860223402541e-12 0.000000000000000000e+00 0.000000000000000000e+00 5.209563157637783969e-12 0.000000000000000000e+00 0.000000000000000000e+00 0.000000000000000000e+00 0.000000000000000000e+00 5.691897210201066782e-13 5.329240787192099656e-13
4.592681051930127069e+03 5.396968835967943274e-13 7.737281546971316973e-12 0.000000000000000000e+00 0.000000000000000000e+00 9.261997720598492206e-12 0.000000000000000000e+00 0.000000000000000000e+00 0.000000000000000000e+00 0.000000000000000000e+00 1.380719071483575112e-12 1.205577197128456032e-12
4.792493916605692903e+03 1.985067073439622396e-12 1.667887550271000963e-11 0.000000000000000000e+00 0.000000000000000000e+00 1.799144061160932669e-11 0.000000000000000000e+00 0.000000000000000000e+00 0.000000000000000000e+00 0.000000000000000000e+00 7.416104011447071548e-12 4.998295912026170388e-12
5.001000000000000909e+03 0.000000000000000000e+00 0.000000000000000000e+00 0.000000000000000000e+00 0.000000000000000000e+00 0.000000000000000000e+00 0.000000000000000000e+00 0.000000000000000000e+00 0.000000000000000000e+00 0.000000000000000000e+00 0.000000000000000000e+00 0.000000000000000000e+00
