1.000000000000000000e+00 3.713097444933803653e-07 3.770985331661547711e-08 0.000000000000000000e+00 0.000000000000000000e+00 0.000000000000000000e+00
1.042343452601165010e+00 3.417569797291396831e-07 3.470863106389390029e-08 0.000000000000000000e+00 0.000000000000000000e+00 0.000000000000000000e+00
1.086479873180516975e+00 3.145575760554136106e-07 3.194646507476632736e-08 0.000000000000000000e+00 0.000000000000000000e+00 0.000000000000000000e+00
1.132485182192656037e+00 2.895246415714339049e-07 2.940439527567346694e-08 0.000000000000000000e+00 0.000000000000000000e+00 0.000000000000000000e+00
1.180438514826352314e+00 2.664853620217812503e-07 2.706484380230731212e-08 0.000000000000000000e+00 0.000000000000000000e+00 0.000000000000000000e+00
1.230422357127491484e+00 2.452740664855507887e-07 2.491058010231479944e-08 0.000000000000000000e+00 0.000000000000000000e+00 0.000000000000000000e+00
1.282522687885933044e+00 2.257570204665911373e-07 2.292872763569872856e-08 0.000000000000000000e+00 0.000000000000000000e+00 0.000000000000000000e+00
1.336829126530349798e+00 2.077875557916059514e-07 2.110368412393246442e-08 0.000000000000000000e+00 0.000000000000000000e+00 0.000000000000000000e+00
1.393435087285444407e+00 1.912535845816791768e-07 1.942474907268993525e-08 0.000000000000000000e+00 0.000000000000000000e+00 0.000000000000000000e+00
1.452437939856715765e+00 1.760306397286588328e-07 1.787862192821457919e-08 0.000000000000000000e+00 0.000000000000000000e+00 0.000000000000000000e+00
1.513939176919172347e+00 1.620192156198435458e-07 1.645554863237281536e-08 0.000000000000000000e+00 0.000000000000000000e+00 0.000000000000000000e+00
1.578044588698096051e+00 1.491270024122029357e-07 1.514638784075960921e-08 0.000000000000000000e+00 0.000000000000000000e+00 0.000000000000000000e+00
1.644864444942158777e+00 1.372571402677227106e-07 1.394079982389876290e-08 0.000000000000000000e+00 0.000000000000000000e+00 0.000000000000000000e+00
1.714513684601908450e+00 1.263319461045173395e-07 1.283116287011979265e-08 0.000000000000000000e+00 0.000000000000000000e+00 0.000000000000000000e+00
1.787112113539898184e+00 1.162790878198565600e-07 1.181029180659102301e-08 0.000000000000000000e+00 0.000000000000000000e+00 0.000000000000000000e+00
1.862784610612542746e+00 1.070237594866932518e-07 1.087024192079351080e-08 0.000000000000000000e+00 0.000000000000000000e+00 0.000000000000000000e+00
1.941661342478194330e+00 9.850503187896716230e-08 1.000501010043323833e-08 0.000000000000000000e+00 0.000000000000000000e+00 0.000000000000000000e+00
2.023877987500934061e+00 9.066442537543135643e-08 9.208657670048484866e-09 0.000000000000000000e+00 0.000000000000000000e+00 0.000000000000000000e+00
2.109575969135220941e+00 8.344804174310924116e-08 8.475714825703837823e-09 0.000000000000000000e+00 0.000000000000000000e+00 0.000000000000000000e+00
2.198902699192854637e+00 7.680767288624322400e-08 7.801374154496478532e-09 0.000000000000000000e+00 0.000000000000000000e+00 0.000000000000000000e+00
2.292011831410701195e+00 7.069464607451007217e-08 7.180508833277196954e-09 0.000000000000000000e+00 0.000000000000000000e+00 0.000000000000000000e+00
2.389063525755349193e+00 6.506828093506429462e-08 6.609080707075338077e-09 0.000000000000000000e+00 0.000000000000000000e+00 0.000000000000000000e+00
2.490224723919343131e+00 5.988905844642539265e-08 6.083022003000225613e-09 0.000000000000000000e+00 0.000000000000000000e+00 0.000000000000000000e+00
2.595669436482870740e+00 5.512278470599261172e-08 5.598950785394061056e-09 0.000000000000000000e+00 0.000000000000000000e+00 0.000000000000000000e+00
2.705579042234875775e+00 5.073584080379044666e-08 5.153400699350021559e-09 0.000000000000000000e+00 0.000000000000000000e+00 0.000000000000000000e+00
2.820142600168453750e+00 4.669804344926923601e-08 4.743311722753940315e-09 0.000000000000000000e+00 0.000000000000000000e+00 0.000000000000000000e+00
2.939557174687212449e+00 4.298104694938631184e-08 4.365763208981146396e-09 0.000000000000000000e+00 0.000000000000000000e+00 0.000000000000000000e+00
3.064028174581995057e+00 3.955994029366330420e-08 4.018273279622875695e-09 0.000000000000000000e+00 0.000000000000000000e+00 0.000000000000000000e+00
3.193769706361041738e+00 3.641209927166369294e-08 3.698602020402349263e-09 0.000000000000000000e+00 0.000000000000000000e+00 0.000000000000000000e+00
3.329004942541377243e+00 3.351431928936719780e-08 3.404294184977631762e-09 0.000000000000000000e+00 0.000000000000000000e+00 0.000000000000000000e+00
3.469966505534922252e+00 3.084669632867472449e-08 3.133326531372111096e-09 0.000000000000000000e+00 0.000000000000000000e+00 0.000000000000000000e+00
3.616896867789669567e+00 2.839230130104011558e-08 2.884079376253801536e-09 0.000000000000000000e+00 0.000000000000000000e+00 0.000000000000000000e+00
3.770048768874223466e+00 2.613316398018659157e-08 2.654655201375600668e-09 0.000000000000000000e+00 0.000000000000000000e+00 0.000000000000000000e+00
3.929685650223130100e+00 2.405306952207300466e-08 2.443357402919057233e-09 0.000000000000000000e+00 0.000000000000000000e+00 0.000000000000000000e+00
4.096082108290830526e+00 2.213857181381219213e-08 2.248886290789465201e-09 0.000000000000000000e+00 0.000000000000000000e+00 0.000000000000000000e+00
4.269524366893723055e+00 2.037720102192537734e-08 2.070020979101381665e-09 0.000000000000000000e+00 0.000000000000000000e+00 0.000000000000000000e+00
4.450310769552807244e+00 1.875538117935100495e-08 1.905280848613831950e-09 0.000000000000000000e+00 0.000000000000000000e+00 0.000000000000000000e+00
4.638752292683820500e+00 1.726293336465683467e-08 1.753702431889398519e-09 0.000000000000000000e+00 0.000000000000000000e+00 0.000000000000000000e+00
4.835173080517622068e+00 1.588900442269797724e-08 1.614142445174483622e-09 0.000000000000000000e+00 0.000000000000000000e+00 0.000000000000000000e+00
5.039911002670948825e+00 1.462448023238100251e-08 1.485697775006236386e-09 0.000000000000000000e+00 0.000000000000000000e+00 0.000000000000000000e+00
5.253318235326636554e+00 1.346046786932912361e-08 1.367453274459728511e-09 0.000000000000000000e+00 0.000000000000000000e+00 0.000000000000000000e+00
5.475761867023024365e+00 1.238950513079118603e-08 1.258689975532099351e-09 0.000000000000000000e+00 0.000000000000000000e+00 0.000000000000000000e+00
5.707624530094580706e+00 1.140363288073457097e-08 1.158558554657205242e-09 0.000000000000000000e+00 0.000000000000000000e+00 0.000000000000000000e+00
5.949305058849887473e+00 1.049612449205241241e-08 1.066378529951809966e-09 0.000000000000000000e+00 0.000000000000000000e+00 0.000000000000000000e+00
6.201219175619169022e+00 9.660834296900249584e-09 9.815306587054154654e-10 0.000000000000000000e+00 0.000000000000000000e+00 0.000000000000000000e+00
6.463800205851433667e+00 8.892238060041279555e-09 9.034755403612578476e-10 0.000000000000000000e+00 0.000000000000000000e+00 0.000000000000000000e+00
6.737499823491305051e+00 8.184488966996550101e-09 8.315738763261709565e-10 0.000000000000000000e+00 0.000000000000000000e+00 0.000000000000000000e+00
7.022788827917666232e+00 7.533265173283640031e-09 7.654307609744686891e-10 0.000000000000000000e+00 0.000000000000000000e+00 0.000000000000000000e+00
7.320157953780587867e+00 6.933736259690678676e-09 7.045263500240529861e-10 0.000000000000000000e+00 0.000000000000000000e+00 0.000000000000000000e+00
7.630118715129537321e+00 6.381966126472538698e-09 6.484771846008473976e-10 0.000000000000000000e+00 0.000000000000000000e+00 0.000000000000000000e+00
7.953204285284886765e+00 5.874181262931116883e-09 5.969021039466721841e-10 0.000000000000000000e+00 0.000000000000000000e+00 0.000000000000000000e+00
8.289970413966230467e+00 5.406834491384135770e-09 5.494362016098849080e-10 0.000000000000000000e+00 0.000000000000000000e+00 0.000000000000000000e+00
8.640996383255068025e+00 4.976518285438460532e-09 5.057160369445102360e-10 0.000000000000000000e+00 0.000000000000000000e+00 0.000000000000000000e+00
9.006886004036267934e+00 4.580608939019327958e-09 4.655061096431506328e-10 0.000000000000000000e+00 0.000000000000000000e+00 0.000000000000000000e+00
9.388268654632273780e+00 4.216094685001675196e-09 4.284751175762780132e-10 0.000000000000000000e+00 0.000000000000000000e+00 0.000000000000000000e+00
9.785800363416699454e+00 3.880608540234999130e-09 3.943946479642459088e-10 0.000000000000000000e+00 0.000000000000000000e+00 0.000000000000000000e+00
1.020016493726949491e+01 3.571786993874460388e-09 3.630198016689276606e-10 0.000000000000000000e+00 0.000000000000000000e+00 0.000000000000000000e+00
1.063207513781483016e+01 3.287591516435483491e-09 3.341507800296709060e-10 0.000000000000000000e+00 0.000000000000000000e+00 0.000000000000000000e+00
1.108227390746491814e+01 3.026061819089021062e-09 3.075879981226433961e-10 0.000000000000000000e+00 0.000000000000000000e+00 0.000000000000000000e+00
1.155153564737878646e+01 2.785263654724437810e-09 2.831233173693804711e-10 0.000000000000000000e+00 0.000000000000000000e+00 0.000000000000000000e+00
1.204066754953423946e+01 2.563586774508668821e-09 2.605972103561640569e-10 0.000000000000000000e+00 0.000000000000000000e+00 0.000000000000000000e+00
1.255051098520432262e+01 2.359692673278564944e-09 2.398928023842598649e-10 0.000000000000000000e+00 0.000000000000000000e+00 0.000000000000000000e+00
1.308194295222672210e+01 2.171910851923255372e-09 2.208123242731505045e-10 0.000000000000000000e+00 0.000000000000000000e+00 0.000000000000000000e+00
1.363587758355547841e+01 1.999053830380418233e-09 2.032454027544990094e-10 0.000000000000000000e+00 0.000000000000000000e+00 0.000000000000000000e+00
1.421326771969004987e+01 1.840052687123896380e-09 1.870988053288656410e-10 0.000000000000000000e+00 0.000000000000000000e+00 0.000000000000000000e+00
1.481510654768641366e+01 1.693601940612741465e-09 1.722143948381551109e-10 0.000000000000000000e+00 0.000000000000000000e+00 0.000000000000000000e+00
1.544242930956958304e+01 1.558898003204866871e-09 1.585351729869639968e-10 0.000000000000000000e+00 0.000000000000000000e+00 0.000000000000000000e+00
1.609631508308618564e+01 1.434839059640441886e-09 1.459267798440206032e-10 0.000000000000000000e+00 0.000000000000000000e+00 0.000000000000000000e+00
1.677788863786025431e+01 1.320670580542584210e-09 1.343273365645228539e-10 0.000000000000000000e+00 0.000000000000000000e+00 0.000000000000000000e+00
1.748832237014511648e+01 1.215587087138308080e-09 1.236498335142400225e-10 0.000000000000000000e+00 0.000000000000000000e+00 0.000000000000000000e+00
1.822883831949924982e+01 1.118865786633426343e-09 1.138222403709911008e-10 0.000000000000000000e+00 0.000000000000000000e+00 0.000000000000000000e+00
1.900071027085526509e+01 1.029851374447047482e-09 1.047788505576254124e-10 0.000000000000000000e+00 0.000000000000000000e+00 0.000000000000000000e+00
1.980526594559769649e+01 9.479020147316253711e-10 9.644995245471327877e-11 0.000000000000000000e+00 0.000000000000000000e+00 0.000000000000000000e+00
2.064388928541858093e+01 8.724898096053080147e-10 8.878918846308485947e-11 0.000000000000000000e+00 0.000000000000000000e+00 0.000000000000000000e+00
2.151802283287939943e+01 8.030681505389641367e-10 8.173507618998135780e-11 0.000000000000000000e+00 0.000000000000000000e+00 0.000000000000000000e+00
2.242917021277420631e+01 7.391579512704529792e-10 7.523874842405286585e-11 0.000000000000000000e+00 0.000000000000000000e+00 0.000000000000000000e+00
2.337889871856227231e+01 6.803629683309842482e-10 6.926746279467743464e-11 0.000000000000000000e+00 0.000000000000000000e+00 0.000000000000000000e+00
2.436884200831915237e+01 6.262125925482772290e-10 6.376166907341549307e-11 0.000000000000000000e+00 0.000000000000000000e+00 0.000000000000000000e+00
2.540070291484369136e+01 5.763833073257513317e-10 5.869758615737892191e-11 0.000000000000000000e+00 0.000000000000000000e+00 0.000000000000000000e+00
2.647625637475465155e+01 5.305214342213973542e-10 5.403734609554325863e-11 0.000000000000000000e+00 0.000000000000000000e+00 0.000000000000000000e+00
2.759735248161536703e+01 4.883080678831841462e-10 4.974701799417455495e-11 0.000000000000000000e+00 0.000000000000000000e+00 0.000000000000000000e+00
2.876591966833829161e+01 4.494376343161012473e-10 4.579342568898084375e-11 0.000000000000000000e+00 0.000000000000000000e+00 0.000000000000000000e+00
2.998396802434348274e+01 4.136802598680613138e-10 4.216030002383737262e-11 0.000000000000000000e+00 0.000000000000000000e+00 0.000000000000000000e+00
3.125359275317711649e+01 3.807548324082452731e-10 3.881209870885346863e-11 0.000000000000000000e+00 0.000000000000000000e+00 0.000000000000000000e+00
3.257697777653739024e+01 3.504618124304280683e-10 3.573431793595579998e-11 0.000000000000000000e+00 0.000000000000000000e+00 0.000000000000000000e+00
3.395639949090740828e+01 3.225743147345965610e-10 3.289983842119945122e-11 0.000000000000000000e+00 0.000000000000000000e+00 0.000000000000000000e+00
3.539423068325686472e+01 2.969036624040704246e-10 3.028965252356721830e-11 0.000000000000000000e+00 0.000000000000000000e+00 0.000000000000000000e+00
3.689294461254805668e+01 2.732730820375878486e-10 2.788584425512938281e-11 0.000000000000000000e+00 0.000000000000000000e+00 0.000000000000000000e+00
3.845511926406689440e+01 2.515286177699370574e-10 2.567541903329487015e-11 0.000000000000000000e+00 0.000000000000000000e+00 0.000000000000000000e+00
4.008344178389703671e+01 2.315153949495827245e-10 2.364065352694763579e-11 0.000000000000000000e+00 0.000000000000000000e+00 0.000000000000000000e+00
4.178071310116503412e+01 2.130905929375231881e-10 2.176570752765215990e-11 0.000000000000000000e+00 0.000000000000000000e+00 0.000000000000000000e+00
4.354985274600709744e+01 1.961339116745228420e-10 2.004044486642749612e-11 0.000000000000000000e+00 0.000000000000000000e+00 0.000000000000000000e+00
4.539390387154536199e+01 1.805313686456943012e-10 1.845415842216030885e-11 0.000000000000000000e+00 0.000000000000000000e+00 0.000000000000000000e+00
4.731603848851198535e+01 1.661664605309381078e-10 1.699086626370752188e-11 0.000000000000000000e+00 0.000000000000000000e+00 0.000000000000000000e+00
4.931956292152518984e+01 1.529508207404610465e-10 1.564651206725804438e-11 0.000000000000000000e+00 0.000000000000000000e+00 0.000000000000000000e+00
5.140792349640297232e+01 1.407868417650571171e-10 1.440822690680214944e-11 0.000000000000000000e+00 0.000000000000000000e+00 0.000000000000000000e+00
5.358471246829720513e+01 1.295929405761285107e-10 1.326813994707874585e-11 0.000000000000000000e+00 0.000000000000000000e+00 0.000000000000000000e+00
5.585367420084560308e+01 1.192906641660723840e-10 1.221811214688556155e-11 0.000000000000000000e+00 0.000000000000000000e+00 0.000000000000000000e+00
5.821871160697001812e+01 1.098114185058300673e-10 1.125237853533997628e-11 0.000000000000000000e+00 0.000000000000000000e+00 0.000000000000000000e+00
6.068389286240065417e+01 1.010889048314610111e-10 1.036323372456971602e-11 0.000000000000000000e+00 0.000000000000000000e+00 0.000000000000000000e+00
6.325345840347389270e+01 9.306290663466931464e-11 9.544454866910818809e-12 0.000000000000000000e+00 0.000000000000000000e+00 0.000000000000000000e+00
6.593182822124114750e+01 8.567751069808569334e-11 8.790623195914072487e-12 0.000000000000000000e+00 0.000000000000000000e+00 0.000000000000000000e+00
6.872360946443542673e+01 7.888522805280515201e-11 8.097412167985002293e-12 0.000000000000000000e+00 0.000000000000000000e+00 0.000000000000000000e+00
7.163360436437373835e+01 7.263421712193722426e-11 7.458407224640363778e-12 0.000000000000000000e+00 0.000000000000000000e+00 0.000000000000000000e+00
7.466681849542716520e+01 6.688365285641106303e-11 6.869916502329149029e-12 0.000000000000000000e+00 0.000000000000000000e+00 0.000000000000000000e+00
7.782846938526807890e+01 6.159334272542663831e-11 6.328718329053910359e-12 0.000000000000000000e+00 0.000000000000000000e+00 0.000000000000000000e+00
8.112399548970439866e+01 5.672815214911208825e-11 5.830258070972829524e-12 0.000000000000000000e+00 0.000000000000000000e+00 0.000000000000000000e+00
8.455906554753981652e+01 5.225088889212845871e-11 5.371047563274308934e-12 0.000000000000000000e+00 0.000000000000000000e+00 0.000000000000000000e+00
8.813958833155088257e+01 4.813328274584369796e-11 4.948317199442678239e-12 0.000000000000000000e+00 0.000000000000000000e+00 0.000000000000000000e+00
9.187172281235410765e+01 4.434420477601447274e-11 4.559286255517646792e-12 0.000000000000000000e+00 0.000000000000000000e+00 0.000000000000000000e+00
9.576188875264639933e+01 4.085938877399616638e-11 4.201027912709228964e-12 0.000000000000000000e+00 0.000000000000000000e+00 0.000000000000000000e+00
9.981677775004206410e+01 3.765209169855142856e-11 3.871019923524819662e-12 0.000000000000000000e+00 0.000000000000000000e+00 0.000000000000000000e+00
1.040433647475019967e+02 3.470072782846566348e-11 3.566823069712791681e-12 0.000000000000000000e+00 0.000000000000000000e+00 0.000000000000000000e+00
1.084489200311536194e+02 3.198333900624929534e-11 3.287055212782628788e-12 0.000000000000000000e+00 0.000000000000000000e+00 0.000000000000000000e+00
1.130410217361402516e+02 2.948217983972944865e-11 3.029358396013448490e-12 0.000000000000000000e+00 0.000000000000000000e+00 0.000000000000000000e+00
1.178275688820117182e+02 2.717924166079199620e-11 2.791770681776677485e-12 0.000000000000000000e+00 0.000000000000000000e+00 0.000000000000000000e+00
1.228167949600777575e+02 2.505638135159136169e-11 2.572910008515148878e-12 0.000000000000000000e+00 0.000000000000000000e+00 0.000000000000000000e+00
1.280172820960967499e+02 2.310111390868888260e-11 2.371337055383958043e-12 0.000000000000000000e+00 0.000000000000000000e+00 0.000000000000000000e+00
1.334379758126628701e+02 2.129930838224542919e-11 2.185588118616066720e-12 0.000000000000000000e+00 0.000000000000000000e+00 0.000000000000000000e+00
1.390882004166816728e+02 1.963883214028643974e-11 2.014595314747346366e-12 0.000000000000000000e+00 0.000000000000000000e+00 0.000000000000000000e+00
1.449776750384068578e+02 1.810833772624048199e-11 1.856976085821144649e-12 0.000000000000000000e+00 0.000000000000000000e+00 0.000000000000000000e+00
1.511165303496226784e+02 1.669709331096024993e-11 1.711810031411774163e-12 0.000000000000000000e+00 0.000000000000000000e+00 0.000000000000000000e+00
1.575153259897343503e+02 1.539622450063356035e-11 1.578012387632726161e-12 0.000000000000000000e+00 0.000000000000000000e+00 0.000000000000000000e+00
1.641850687297378215e+02 1.419687277800508765e-11 1.454775667002749695e-12 0.000000000000000000e+00 0.000000000000000000e+00 0.000000000000000000e+00
1.711372314053143953e+02 1.309234694261418459e-11 1.341251824871981288e-12 0.000000000000000000e+00 0.000000000000000000e+00 0.000000000000000000e+00
1.783837726516200348e+02 1.207574904955583832e-11 1.236700405530742631e-12 0.000000000000000000e+00 0.000000000000000000e+00 0.000000000000000000e+00
1.859371574737108119e+02 1.114139286735483336e-11 1.140474299073242417e-12 0.000000000000000000e+00 0.000000000000000000e+00 0.000000000000000000e+00
1.938103786879943584e+02 1.028320059571549361e-11 1.051855537783145148e-12 0.000000000000000000e+00 0.000000000000000000e+00 0.000000000000000000e+00
2.020169792715831818e+02 9.497071274356196172e-12 9.703426274589611640e-13 0.000000000000000000e+00 0.000000000000000000e+00 0.000000000000000000e+00
2.105710756579998986e+02 8.778060275642119970e-12 8.953982026924653939e-13 0.000000000000000000e+00 0.000000000000000000e+00 0.000000000000000000e+00
2.194873820193008669e+02 8.121839698775744302e-12 8.265373995443623661e-13 0.000000000000000000e+00 0.000000000000000000e+00 0.000000000000000000e+00
2.287812355763888092e+02 7.523250089248439618e-12 7.632416594981723993e-13 0.000000000000000000e+00 0.000000000000000000e+00 0.000000000000000000e+00
2.384686229810537270e+02 6.979342953465398973e-12 7.051670401301710270e-13 0.000000000000000000e+00 0.000000000000000000e+00 0.000000000000000000e+00
2.485662078151169396e+02 6.485190265654941482e-12 6.519177346962364973e-13 0.000000000000000000e+00 0.000000000000000000e+00 0.000000000000000000e+00
2.590913592539878323e+02 6.035869420885078849e-12 6.030953191225421234e-13 0.000000000000000000e+00 0.000000000000000000e+00 0.000000000000000000e+00
2.700621819439303408e+02 5.627078974156172887e-12 5.583923715950195198e-13 0.000000000000000000e+00 0.000000000000000000e+00 0.000000000000000000e+00
2.814975471444402046e+02 5.254412821804737850e-12 5.174864178019994221e-13 0.000000000000000000e+00 0.000000000000000000e+00 0.000000000000000000e+00
2.934171251892951773e+02 4.913515798636800139e-12 4.801142696934565405e-13 0.000000000000000000e+00 0.000000000000000000e+00 0.000000000000000000e+00
3.058414193221180426e+02 4.597483694901679191e-12 4.459089553971955884e-13 0.000000000000000000e+00 0.000000000000000000e+00 0.000000000000000000e+00
3.187918009646573410e+02 4.302121166414473229e-12 4.146340522504216843e-13 0.000000000000000000e+00 0.000000000000000000e+00 0.000000000000000000e+00
3.322905464784441847e+02 4.022846213752314091e-12 3.860124237476547872e-13 0.000000000000000000e+00 0.000000000000000000e+00 0.000000000000000000e+00
3.463608754830696057e+02 3.756860247848988258e-12 3.597978953826252547e-13 0.000000000000000000e+00 0.000000000000000000e+00 0.000000000000000000e+00
3.610269907969848191e+02 3.503513844158336700e-12 3.357790436502319534e-13 0.000000000000000000e+00 0.000000000000000000e+00 0.000000000000000000e+00
3.763141200695379780e+02 3.263860403438283670e-12 3.136597292599917073e-13 0.000000000000000000e+00 0.000000000000000000e+00 0.000000000000000000e+00
3.922485591758517671e+02 3.040711486819641044e-12 2.932748297040024981e-13 0.000000000000000000e+00 0.000000000000000000e+00 0.000000000000000000e+00
4.088577174491895221e+02 2.837295974251101587e-12 2.744306588314398486e-13 0.000000000000000000e+00 0.000000000000000000e+00 0.000000000000000000e+00
4.261701648286200452e+02 2.653613129110887135e-12 2.569506151133732236e-13 0.000000000000000000e+00 0.000000000000000000e+00 0.000000000000000000e+00
4.442156810030711540e+02 2.487247109430799125e-12 2.407302126165131619e-13 0.000000000000000000e+00 0.000000000000000000e+00 0.000000000000000000e+00
4.630253066363192147e+02 2.333779584334495251e-12 2.256681029839054262e-13 0.000000000000000000e+00 0.000000000000000000e+00 0.000000000000000000e+00
4.826313967610138320e+02 2.189101638012152197e-12 2.116704638164963254e-13 0.000000000000000000e+00 0.000000000000000000e+00 0.000000000000000000e+00
5.030676764335976827e+02 2.051644969067456582e-12 1.987026583873339004e-13 0.000000000000000000e+00 0.000000000000000000e+00 0.000000000000000000e+00
5.243692987458422294e+02 1.922579087738406490e-12 1.867809992578506761e-13 0.000000000000000000e+00 0.000000000000000000e+00 0.000000000000000000e+00
5.465729052927925977e+02 1.804074131201348782e-12 1.758912573538673919e-13 0.000000000000000000e+00 0.000000000000000000e+00 0.000000000000000000e+00
5.697166892011393884e+02 1.698251508620179234e-12 1.660345728991771177e-13 0.000000000000000000e+00 0.000000000000000000e+00 0.000000000000000000e+00
5.938404608264202125e+02 1.605724002525481804e-12 1.571746771700018329e-13 0.000000000000000000e+00 0.000000000000000000e+00 0.000000000000000000e+00
6.189857162320780617e+02 1.526298339056072861e-12 1.492874402018244151e-13 0.000000000000000000e+00 0.000000000000000000e+00 0.000000000000000000e+00
6.451957085681489161e+02 1.459270384091831621e-12 1.422811910903448134e-13 0.000000000000000000e+00 0.000000000000000000e+00 0.000000000000000000e+00
6.725155224723790752e+02 1.404905027721648251e-12 1.360782120035717154e-13 0.000000000000000000e+00 0.000000000000000000e+00 0.000000000000000000e+00
7.009921516217362978e+02 1.362453797508334780e-12 1.305281536460799826e-13 0.000000000000000000e+00 0.000000000000000000e+00 0.000000000000000000e+00
7.306745795677196611e+02 1.328525926881864232e-12 1.255371974999829516e-13 0.000000000000000000e+00 0.000000000000000000e+00 0.000000000000000000e+00
7.616138639945219211e+02 1.295250515333958798e-12 1.209911243150503933e-13 0.000000000000000000e+00 0.000000000000000000e+00 0.000000000000000000e+00
7.938632245449637139e+02 1.255551908335185733e-12 1.168464572902836247e-13 0.000000000000000000e+00 0.000000000000000000e+00 0.000000000000000000e+00
8.274781343652917940e+02 1.210305500171096278e-12 1.131693885910451178e-13 0.000000000000000000e+00 0.000000000000000000e+00 0.000000000000000000e+00
8.625164155262885970e+02 1.166456727368424472e-12 1.099954854009699425e-13 0.000000000000000000e+00 0.000000000000000000e+00 0.000000000000000000e+00
8.990383384848522610e+02 1.133146496645391111e-12 1.074910058653623325e-13 0.000000000000000000e+00 0.000000000000000000e+00 0.000000000000000000e+00
9.371067257571163509e+02 1.113021612725785733e-12 1.057417712337140430e-13 0.000000000000000000e+00 0.000000000000000000e+00 0.000000000000000000e+00
9.767870599814451680e+02 1.102875784816237174e-12 1.048334610660794906e-13 0.000000000000000000e+00 0.000000000000000000e+00 0.000000000000000000e+00
1.018147596557201382e+03 1.099727801998996801e-12 1.047182125900966347e-13 0.000000000000000000e+00 0.000000000000000000e+00 0.000000000000000000e+00
1.061259481053010859e+03 1.106061453961560071e-12 1.053319299365016801e-13 0.000000000000000000e+00 0.000000000000000000e+00 0.000000000000000000e+00
1.106196871586516636e+03 1.117507026797589336e-12 1.065683962281798776e-13 0.000000000000000000e+00 0.000000000000000000e+00 0.000000000000000000e+00
1.153037066386096740e+03 1.123463031632398038e-12 1.083100240098706474e-13 0.000000000000000000e+00 0.000000000000000000e+00 0.000000000000000000e+00
1.201860636754002144e+03 1.126461193759221883e-12 1.106490177625008917e-13 0.000000000000000000e+00 0.000000000000000000e+00 0.000000000000000000e+00
1.252751565659601965e+03 1.150025559630972070e-12 1.139045129984049747e-13 0.000000000000000000e+00 0.000000000000000000e+00 0.000000000000000000e+00
1.305797392201143793e+03 1.216497691159338780e-12 1.186694326828529584e-13 0.000000000000000000e+00 0.000000000000000000e+00 0.000000000000000000e+00
1.361089362184538686e+03 1.318039414954692971e-12 1.251903418168003922e-13 0.000000000000000000e+00 0.000000000000000000e+00 0.000000000000000000e+00
1.418722585078148768e+03 1.422923046426722635e-12 1.330056453500069319e-13 0.000000000000000000e+00 0.000000000000000000e+00 0.000000000000000000e+00
1.478796197613608456e+03 1.497990793986523991e-12 1.410171322383602172e-13 0.000000000000000000e+00 0.000000000000000000e+00 0.000000000000000000e+00
1.541413534314042636e+03 1.551694209631485495e-12 1.487960017141745979e-13 0.000000000000000000e+00 0.000000000000000000e+00 0.000000000000000000e+00
1.606682305243062729e+03 1.604578579566306986e-12 1.565972653704254436e-13 0.000000000000000000e+00 0.000000000000000000e+00 0.000000000000000000e+00
1.674714781280253874e+03 1.646577255856408309e-12 1.641672914550256335e-13 0.000000000000000000e+00 0.000000000000000000e+00 0.000000000000000000e+00
1.745627987241863821e+03 1.701983448210927642e-12 1.680529223960097065e-13 0.000000000000000000e+00 0.000000000000000000e+00 0.000000000000000000e+00
1.819543903178907613e+03 1.699053057742287808e-12 1.651005563392298531e-13 0.000000000000000000e+00 0.000000000000000000e+00 0.000000000000000000e+00
1.896589674198901548e+03 1.616472642190263904e-12 1.581694415608245829e-13 0.000000000000000000e+00 0.000000000000000000e+00 0.000000000000000000e+00
1.976897829172202819e+03 1.476954439726196897e-12 1.478570361017736253e-13 0.000000000000000000e+00 0.000000000000000000e+00 0.000000000000000000e+00
2.060606508699101141e+03 1.353747110089684463e-12 1.356864155538804925e-13 0.000000000000000000e+00 0.000000000000000000e+00 0.000000000000000000e+00
2.147859702729852415e+03 1.240079385124171837e-12 1.237948832269862120e-13 0.000000000000000000e+00 0.000000000000000000e+00 0.000000000000000000e+00
2.238807498246347677e+03 1.150617626859640191e-12 1.128834437536626884e-13 0.000000000000000000e+00 0.000000000000000000e+00 0.000000000000000000e+00
2.333606337431473548e+03 1.097368092397335847e-12 1.059070383199781296e-13 0.000000000000000000e+00 0.000000000000000000e+00 0.000000000000000000e+00
2.432419286770282724e+03 1.051420016354850460e-12 1.013556311188273369e-13 0.000000000000000000e+00 0.000000000000000000e+00 0.000000000000000000e+00
2.535416317545798393e+03 1.026971362722900733e-12 9.886772577820407462e-14 0.000000000000000000e+00 0.000000000000000000e+00 0.000000000000000000e+00
2.642774598212020919e+03 1.069649504531127077e-12 1.021554701083218216e-13 0.000000000000000000e+00 0.000000000000000000e+00 0.000000000000000000e+00
2.754678799146972779e+03 1.210332181242013144e-12 1.084408955037762672e-13 0.000000000000000000e+00 0.000000000000000000e+00 0.000000000000000000e+00
2.871321410310085412e+03 1.335599970096813278e-12 1.193744074426560524e-13 0.000000000000000000e+00 0.000000000000000000e+00 0.000000000000000000e+00
2.992903072350262391e+03 1.588874945382661568e-12 1.414626961020685586e-13 0.000000000000000000e+00 0.000000000000000000e+00 0.000000000000000000e+00
3.119632921734205411e+03 2.098243802158881547e-12 1.744677286465980505e-13 0.000000000000000000e+00 0.000000000000000000e+00 0.000000000000000000e+00
3.251728950488693499e+03 2.637277040258370828e-12 2.330658620038851698e-13 0.000000000000000000e+00 0.000000000000000000e+00 0.000000000000000000e+00
3.389418381175546074e+03 4.550275423542046974e-12 3.432086515564195740e-13 0.000000000000000000e+00 0.000000000000000000e+00 0.000000000000000000e+00
3.532938057744372145e+03 7.937932898932091595e-12 5.769229662804294880e-13 0.000000000000000000e+00 0.000000000000000000e+00 0.000000000000000000e+00
3.682534852935320941e+03 2.549265530356598073e-11 1.470293704242894618e-12 0.000000000000000000e+00 0.000000000000000000e+00 0.000000000000000000e+00
3.838466092932727861e+03 2.624147430887216150e-10 5.289294047969084883e-12 0.000000000000000000e+00 0.000000000000000000e+00 0.000000000000000000e+00
4.001000000000001819e+03 0.000000000000000000e+00 0.000000000000000000e+00 0.000000000000000000e+00 0.000000000000000000e+00 0.000000000000000000e+00
