1.000000000000000000e+00 2.972528926798565110e-10 5.478040740958905222e-09 0.000000000000000000e+00 0.000000000000000000e+00 8.916993143228577091e-09 0.000000000000000000e+00 0.000000000000000000e+00 0.000000000000000000e+00 0.000000000000000000e+00 3.071000369201108093e-08 1.364890533128564324e-08
1.059253778139711555e+00 2.361249015742468886e-10 4.351403984423232969e-09 0.000000000000000000e+00 0.000000000000000000e+00 7.083073742560460801e-09 0.000000000000000000e+00 0.000000000000000000e+00 0.000000000000000000e+00 0.000000000000000000e+00 2.439382551516143867e-08 1.084175230396636498e-08
1.122018566503253378e+00 1.875710814254650287e-10 3.456495983842712293e-09 0.000000000000000000e+00 0.000000000000000000e+00 5.626350261800326379e-09 0.000000000000000000e+00 0.000000000000000000e+00 0.000000000000000000e+00 0.000000000000000000e+00 1.937670646936532910e-08 8.611962117049151079e-09
1.188502405711474585e+00 1.490015442508447587e-10 2.745636847001246394e-09 0.000000000000000000e+00 0.000000000000000000e+00 4.469220403025299894e-09 0.000000000000000000e+00 0.000000000000000000e+00 0.000000000000000000e+00 0.000000000000000000e+00 1.539146861016661466e-08 6.840768175415374516e-09
1.258925663578015941e+00 1.183624987780482812e-10 2.180970957077570382e-09 0.000000000000000000e+00 0.000000000000000000e+00 3.550064802348824349e-09 0.000000000000000000e+00 0.000000000000000000e+00 0.000000000000000000e+00 0.000000000000000000e+00 1.222587588880108614e-08 5.433846923011751931e-09
1.333521765542056814e+00 9.402341661169130949e-11 1.732432654864779877e-09 0.000000000000000000e+00 0.000000000000000000e+00 2.819943092604089469e-09 0.000000000000000000e+00 0.000000000000000000e+00 0.000000000000000000e+00 0.000000000000000000e+00 9.711361777762966054e-09 4.316282634890509991e-09
1.412537968381962550e+00 7.468868824533668518e-11 1.376138597302930396e-09 0.000000000000000000e+00 0.000000000000000000e+00 2.239977221413761657e-09 0.000000000000000000e+00 0.000000000000000000e+00 0.000000000000000000e+00 0.000000000000000000e+00 7.714011865629954962e-09 3.428562130366615313e-09
1.496236179774386388e+00 5.932950465708193291e-11 1.093118522224592107e-09 0.000000000000000000e+00 0.000000000000000000e+00 1.779287516430585252e-09 0.000000000000000000e+00 0.000000000000000000e+00 0.000000000000000000e+00 0.000000000000000000e+00 6.127456570230433986e-09 2.723414481204745868e-09
1.584893826415347595e+00 4.712853175829662510e-11 8.683038127522404203e-10 0.000000000000000000e+00 0.000000000000000000e+00 1.413344323291490017e-09 0.000000000000000000e+00 0.000000000000000000e+00 0.000000000000000000e+00 0.000000000000000000e+00 4.867213669333821614e-09 2.163292581630561789e-09
1.678804773580761189e+00 3.743642662270635410e-11 6.897241472590951146e-10 0.000000000000000000e+00 0.000000000000000000e+00 1.122662408728971137e-09 0.000000000000000000e+00 0.000000000000000000e+00 0.000000000000000000e+00 0.000000000000000000e+00 3.866164748359747250e-09 1.718368737012116615e-09
1.778280299174404444e+00 2.973731523355704371e-11 5.478710203791851615e-10 0.000000000000000000e+00 0.000000000000000000e+00 8.917634403418942719e-10 0.000000000000000000e+00 0.000000000000000000e+00 0.000000000000000000e+00 0.000000000000000000e+00 3.071003387540788987e-09 1.364951146830755588e-09
1.883650125491904692e+00 2.362150512091261665e-11 4.351918641853088413e-10 0.000000000000000000e+00 0.000000000000000000e+00 7.083529840005352430e-10 0.000000000000000000e+00 0.000000000000000000e+00 0.000000000000000000e+00 0.000000000000000000e+00 2.439385526244114807e-09 1.084220803512019096e-09
1.995263512120642124e+00 1.876335462946532962e-11 3.456864368407774535e-10 0.000000000000000000e+00 0.000000000000000000e+00 5.626640318960307898e-10 0.000000000000000000e+00 0.000000000000000000e+00 0.000000000000000000e+00 0.000000000000000000e+00 1.937672519748965208e-09 8.612275787311883890e-10
2.113490413598100748e+00 1.490519823289332871e-11 2.745926095410048964e-10 0.000000000000000000e+00 0.000000000000000000e+00 4.469442531004997587e-10 0.000000000000000000e+00 0.000000000000000000e+00 0.000000000000000000e+00 0.000000000000000000e+00 1.539147863930031234e-09 6.841012007780838400e-10
2.238722705665849855e+00 1.184080608065786739e-11 2.181216530698632963e-10 0.000000000000000000e+00 0.000000000000000000e+00 3.550262495417006924e-10 0.000000000000000000e+00 0.000000000000000000e+00 0.000000000000000000e+00 0.000000000000000000e+00 1.222588826525453038e-09 5.434058407336183847e-10
2.371375484183709137e+00 9.406424374116769339e-12 1.732642248133810816e-10 0.000000000000000000e+00 0.000000000000000000e+00 2.820117667067557191e-10 0.000000000000000000e+00 0.000000000000000000e+00 0.000000000000000000e+00 0.000000000000000000e+00 9.711373303877521985e-10 4.316465839769038209e-10
2.511888441009481721e+00 7.472462579631214735e-12 1.376316257949464908e-10 0.000000000000000000e+00 0.000000000000000000e+00 2.240127854614773517e-10 0.000000000000000000e+00 0.000000000000000000e+00 0.000000000000000000e+00 0.000000000000000000e+00 7.714017365974482197e-10 3.428718074261027479e-10
2.660727321404763757e+00 5.936081218398156609e-12 1.093269290287789350e-10 0.000000000000000000e+00 0.000000000000000000e+00 1.779415925639513170e-10 0.000000000000000000e+00 0.000000000000000000e+00 0.000000000000000000e+00 0.000000000000000000e+00 6.127463273337243991e-10 2.723547800507076595e-10
2.818385467797550614e+00 4.715516447153364607e-12 8.684298222478488060e-11 0.000000000000000000e+00 0.000000000000000000e+00 1.413450015465506570e-10 0.000000000000000000e+00 0.000000000000000000e+00 0.000000000000000000e+00 0.000000000000000000e+00 4.867216850234066367e-10 2.163403306577352192e-10
2.985385455018614298e+00 3.745864378905271190e-12 6.898280361541478871e-11 0.000000000000000000e+00 0.000000000000000000e+00 1.122747106484873265e-10 0.000000000000000000e+00 0.000000000000000000e+00 0.000000000000000000e+00 0.000000000000000000e+00 3.866168827875661591e-10 1.718459799858551978e-10
3.162280822431809302e+00 2.975807518109415259e-12 5.479651471295548553e-11 0.000000000000000000e+00 0.000000000000000000e+00 8.918446453299017094e-11 0.000000000000000000e+00 0.000000000000000000e+00 0.000000000000000000e+00 0.000000000000000000e+00 3.071008214382180906e-10 1.365035700770353819e-10
3.349657908699648967e+00 2.364175012616262576e-12 4.352810499996288869e-11 0.000000000000000000e+00 0.000000000000000000e+00 7.084356735953525070e-11 0.000000000000000000e+00 0.000000000000000000e+00 0.000000000000000000e+00 0.000000000000000000e+00 2.439390988874720716e-10 1.084303336169340085e-10
3.548137795265668082e+00 1.878239544138901531e-12 3.457691576914094970e-11 0.000000000000000000e+00 0.000000000000000000e+00 5.627433563290764087e-11 0.000000000000000000e+00 0.000000000000000000e+00 0.000000000000000000e+00 0.000000000000000000e+00 1.937677175454933674e-10 8.613051877634618204e-11
3.758378364995465848e+00 1.492161356792546623e-12 2.746638778613092318e-11 0.000000000000000000e+00 0.000000000000000000e+00 4.470111668554946467e-11 0.000000000000000000e+00 0.000000000000000000e+00 0.000000000000000000e+00 0.000000000000000000e+00 1.539152687534833230e-10 6.841679996718753744e-11
3.981076482800000260e+00 1.185419839398421833e-12 2.181803113564309578e-11 0.000000000000000000e+00 0.000000000000000000e+00 3.550784046676889068e-11 0.000000000000000000e+00 0.000000000000000000e+00 0.000000000000000000e+00 0.000000000000000000e+00 1.222593733774126248e-10 5.434601844535651077e-11
4.216970305469054381e+00 9.418108173316434109e-13 1.733151688276114232e-11 0.000000000000000000e+00 0.000000000000000000e+00 2.820567988776460547e-11 0.000000000000000000e+00 0.000000000000000000e+00 0.000000000000000000e+00 0.000000000000000000e+00 9.711409094016469244e-11 4.316936244080756441e-11
4.466841728371069742e+00 7.483116800548037142e-13 1.376776585387943753e-11 0.000000000000000000e+00 0.000000000000000000e+00 2.240543599496983595e-11 0.000000000000000000e+00 0.000000000000000000e+00 0.000000000000000000e+00 0.000000000000000000e+00 7.714054730903209554e-11 3.429147164033774207e-11
4.731518977129175241e+00 5.945575983230762634e-13 1.093678184017891531e-11 0.000000000000000000e+00 0.000000000000000000e+00 1.779786111572793349e-11 0.000000000000000000e+00 0.000000000000000000e+00 0.000000000000000000e+00 0.000000000000000000e+00 6.127494420322046275e-11 2.723929007585034408e-11
5.011879352863823023e+00 4.723791430698250566e-13 8.687859028324487695e-12 0.000000000000000000e+00 0.000000000000000000e+00 1.413769222127934866e-11 0.000000000000000000e+00 0.000000000000000000e+00 0.000000000000000000e+00 0.000000000000000000e+00 4.867249224159903175e-11 2.163735720755443556e-11
5.308852140101416595e+00 3.753568550175729634e-13 6.901569714211195440e-12 0.000000000000000000e+00 0.000000000000000000e+00 1.123051634725685139e-11 0.000000000000000000e+00 0.000000000000000000e+00 0.000000000000000000e+00 0.000000000000000000e+00 3.866197064288199195e-11 1.718769748961507672e-11
5.623421686987520651e+00 2.982736198394717584e-13 5.482605785456059115e-12 0.000000000000000000e+00 0.000000000000000000e+00 8.921190801127565854e-12 0.000000000000000000e+00 0.000000000000000000e+00 0.000000000000000000e+00 0.000000000000000000e+00 3.071034093002498521e-11 1.365314597256058332e-11
5.956630668014320840e+00 2.370114999362927286e-13 4.355355874093788272e-12 0.000000000000000000e+00 0.000000000000000000e+00 7.086660951333492453e-12 0.000000000000000000e+00 0.000000000000000000e+00 0.000000000000000000e+00 0.000000000000000000e+00 2.439411371966962377e-11 1.084541474136604492e-11
6.309583540077044361e+00 1.883510407525906608e-13 3.459948545894407357e-12 0.000000000000000000e+00 0.000000000000000000e+00 5.629474010615014254e-12 0.000000000000000000e+00 0.000000000000000000e+00 0.000000000000000000e+00 0.000000000000000000e+00 1.937697273575410884e-11 8.615166222170907177e-12
6.683450203314746929e+00 1.496934864189411887e-13 2.748675863605744580e-12 0.000000000000000000e+00 0.000000000000000000e+00 4.471975215561389144e-12 0.000000000000000000e+00 0.000000000000000000e+00 0.000000000000000000e+00 0.000000000000000000e+00 1.539170496978298559e-11 6.843594063560593216e-12
7.079469878869768529e+00 1.189664371054056009e-13 2.183615051691738550e-12 0.000000000000000000e+00 0.000000000000000000e+00 3.552438651536162634e-12 0.000000000000000000e+00 0.000000000000000000e+00 0.000000000000000000e+00 0.000000000000000000e+00 1.222608522990743046e-11 5.436301186084088579e-12
7.498955216419090242e+00 9.456291266701371106e-14 1.734777335361226261e-12 0.000000000000000000e+00 0.000000000000000000e+00 2.822063524352204700e-12 0.000000000000000000e+00 0.000000000000000000e+00 0.000000000000000000e+00 0.000000000000000000e+00 9.711544919222232735e-12 4.318466180283720458e-12
7.943296645092419617e+00 7.516576456047358361e-14 1.378205614534867268e-12 0.000000000000000000e+00 0.000000000000000000e+00 2.241843155252018781e-12 0.000000000000000000e+00 0.000000000000000000e+00 0.000000000000000000e+00 0.000000000000000000e+00 7.714177310527615917e-12 3.430488252113615351e-12
8.413966982198642697e+00 5.975477897311940890e-14 1.094953856672699490e-12 0.000000000000000000e+00 0.000000000000000000e+00 1.780950443447066763e-12 0.000000000000000000e+00 0.000000000000000000e+00 0.000000000000000000e+00 0.000000000000000000e+00 6.127603820948706496e-12 2.725127826364397340e-12
8.912526315036698676e+00 4.750686644356524764e-14 8.699329149713546268e-13 0.000000000000000000e+00 0.000000000000000000e+00 1.414821332004126170e-12 0.000000000000000000e+00 0.000000000000000000e+00 0.000000000000000000e+00 0.000000000000000000e+00 4.867343920139904332e-12 2.164814104247761354e-12
9.440627171972225895e+00 3.777437865143390156e-14 6.911754320925207915e-13 0.000000000000000000e+00 0.000000000000000000e+00 1.123983515918405500e-12 0.000000000000000000e+00 0.000000000000000000e+00 0.000000000000000000e+00 0.000000000000000000e+00 3.866284312422898958e-12 1.719727220608652414e-12
1.000001999992000101e+01 3.003787224871531824e-14 5.491604062234834561e-13 0.000000000000000000e+00 0.000000000000000000e+00 8.929374186553940994e-13 0.000000000000000000e+00 0.000000000000000000e+00 0.000000000000000000e+00 0.000000000000000000e+00 3.071112262952857071e-12 1.366159242463775622e-12
1.059255896638794070e+01 2.389069288471022335e-14 4.363449523599006640e-13 0.000000000000000000e+00 0.000000000000000000e+00 7.094076264094686549e-13 0.000000000000000000e+00 0.000000000000000000e+00 0.000000000000000000e+00 0.000000000000000000e+00 2.439479658052008143e-12 1.085302349775840086e-12
1.122020810531410717e+01 1.900345765471360660e-14 3.467141880399716676e-13 0.000000000000000000e+00 0.000000000000000000e+00 5.636042984794111061e-13 0.000000000000000000e+00 0.000000000000000000e+00 0.000000000000000000e+00 0.000000000000000000e+00 1.937760592448277173e-12 8.621925742303250571e-13
1.188504782706778506e+01 1.511919769948257868e-14 2.755082519721654946e-13 0.000000000000000000e+00 0.000000000000000000e+00 4.477825931652821296e-13 0.000000000000000000e+00 0.000000000000000000e+00 0.000000000000000000e+00 0.000000000000000000e+00 1.539226868440044060e-12 6.849614795998953304e-13
1.258928181419271652e+01 1.203074859259988632e-14 2.189350306380182781e-13 0.000000000000000000e+00 0.000000000000000000e+00 3.557689848793520498e-13 0.000000000000000000e+00 0.000000000000000000e+00 0.000000000000000000e+00 0.000000000000000000e+00 1.222658735399207662e-12 5.441694027185241855e-13
1.333524432574919949e+01 9.575236102400413486e-15 1.739871254587948181e-13 0.000000000000000000e+00 0.000000000000000000e+00 2.826712123636680126e-13 0.000000000000000000e+00 0.000000000000000000e+00 0.000000000000000000e+00 0.000000000000000000e+00 9.711991606313406966e-13 4.323249686058195114e-13
1.412540793446599174e+01 7.622510115515590083e-15 1.382746754897461537e-13 0.000000000000000000e+00 0.000000000000000000e+00 2.245985763600568432e-13 0.000000000000000000e+00 0.000000000000000000e+00 0.000000000000000000e+00 0.000000000000000000e+00 7.714590731187084560e-13 3.434754309624130245e-13
1.496239172234776404e+01 6.069776845372752921e-15 1.098996836482629748e-13 0.000000000000000000e+00 0.000000000000000000e+00 1.784638874338498114e-13 0.000000000000000000e+00 0.000000000000000000e+00 0.000000000000000000e+00 0.000000000000000000e+00 6.127965216194074366e-13 2.728925134762102940e-13
1.584896996190321872e+01 4.834881037478832097e-15 8.735462514053160247e-14 0.000000000000000000e+00 0.000000000000000000e+00 1.418121987029989358e-13 0.000000000000000000e+00 0.000000000000000000e+00 0.000000000000000000e+00 0.000000000000000000e+00 4.867676062903522032e-13 2.168209644658246184e-13
1.678808131176878149e+01 3.852371736373096423e-15 6.943958260661069038e-14 0.000000000000000000e+00 0.000000000000000000e+00 1.126922160153047117e-13 0.000000000000000000e+00 0.000000000000000000e+00 0.000000000000000000e+00 0.000000000000000000e+00 3.866583824764734926e-13 1.722752265631794504e-13
1.778283855720776785e+01 3.070574479014375589e-15 5.520340402845048954e-14 0.000000000000000000e+00 0.000000000000000000e+00 8.955599196960599833e-14 0.000000000000000000e+00 0.000000000000000000e+00 0.000000000000000000e+00 0.000000000000000000e+00 3.071381651428132203e-13 1.368858144203254560e-13
1.883653892777087080e+01 2.448422056829581116e-15 4.389028150796152451e-14 0.000000000000000000e+00 0.000000000000000000e+00 7.117375039448757374e-14 0.000000000000000000e+00 0.000000000000000000e+00 0.000000000000000000e+00 0.000000000000000000e+00 2.439722308989460880e-13 1.087703110227749957e-13
1.995267502631704915e+01 1.953188411230402114e-15 3.489947715488725459e-14 0.000000000000000000e+00 0.000000000000000000e+00 5.656815662734694518e-14 0.000000000000000000e+00 0.000000000000000000e+00 0.000000000000000000e+00 0.000000000000000000e+00 1.937980779031584734e-13 8.643332923913072971e-14
2.113494640562019811e+01 1.558891394872184733e-15 2.775401972422796683e-14 0.000000000000000000e+00 0.000000000000000000e+00 4.496301882698920122e-14 0.000000000000000000e+00 0.000000000000000000e+00 0.000000000000000000e+00 0.000000000000000000e+00 1.539425556984751655e-13 6.868672102469457654e-14
2.238727183093351414e+01 1.244962875977143953e-15 2.207496004469862995e-14 0.000000000000000000e+00 0.000000000000000000e+00 3.574205243267410497e-14 0.000000000000000000e+00 0.000000000000000000e+00 0.000000000000000000e+00 0.000000000000000000e+00 1.222839784762498568e-13 5.458717374604675611e-14
2.371380226915706757e+01 9.948201757397048419e-16 1.756064217671096527e-14 0.000000000000000000e+00 0.000000000000000000e+00 2.841444820619435946e-14 0.000000000000000000e+00 0.000000000000000000e+00 0.000000000000000000e+00 0.000000000000000000e+00 9.713665108972758287e-14 4.338442243144951711e-14
2.511893464766269446e+01 7.954122209766729451e-16 1.397178539305036560e-14 0.000000000000000000e+00 0.000000000000000000e+00 2.259103171112213914e-14 0.000000000000000000e+00 0.000000000000000000e+00 0.000000000000000000e+00 0.000000000000000000e+00 7.716079602558393749e-14 3.448282944079586321e-14
2.660732642838122075e+01 6.364792638816704252e-16 1.111877292663811551e-14 0.000000000000000000e+00 0.000000000000000000e+00 1.796333585902417165e-14 0.000000000000000000e+00 0.000000000000000000e+00 0.000000000000000000e+00 0.000000000000000000e+00 6.129362702358757862e-14 2.740998547454264718e-14
2.818391104545939641e+01 5.097116253948600433e-16 8.850299676125804225e-15 0.000000000000000000e+00 0.000000000000000000e+00 1.428539456017510578e-14 0.000000000000000000e+00 0.000000000000000000e+00 0.000000000000000000e+00 0.000000000000000000e+00 4.868962593089060015e-14 2.178971611526926279e-14
2.985391425765641671e+01 4.085488805614106687e-16 7.046392691029144792e-15 0.000000000000000000e+00 0.000000000000000000e+00 1.136206437815945880e-14 0.000000000000000000e+00 0.000000000000000000e+00 0.000000000000000000e+00 0.000000000000000000e+00 3.867750158002944420e-14 1.732345312193361378e-14
3.162287146968157003e+01 3.277753536206893502e-16 5.611733624067888576e-15 0.000000000000000000e+00 0.000000000000000000e+00 9.038347616673125334e-15 0.000000000000000000e+00 0.000000000000000000e+00 0.000000000000000000e+00 0.000000000000000000e+00 3.072458865660116874e-14 1.377413366757754678e-14
3.349664607988670184e+01 2.632625149134336120e-16 4.470629743740476949e-15 0.000000000000000000e+00 0.000000000000000000e+00 7.191228350596156589e-15 0.000000000000000000e+00 0.000000000000000000e+00 0.000000000000000000e+00 0.000000000000000000e+00 2.440710704948422583e-14 1.095337936513824612e-14
3.548144891512873755e+01 2.116820209422492890e-16 3.562812029186022981e-15 0.000000000000000000e+00 0.000000000000000000e+00 5.722681054833380687e-15 0.000000000000000000e+00 0.000000000000000000e+00 0.000000000000000000e+00 0.000000000000000000e+00 1.938895396478381239e-14 8.711453678560874851e-15
3.758385881722129085e+01 1.704168257453466435e-16 2.840452977751099646e-15 0.000000000000000000e+00 0.000000000000000000e+00 4.555031001255519463e-15 0.000000000000000000e+00 0.000000000000000000e+00 0.000000000000000000e+00 0.000000000000000000e+00 1.540270263920375409e-14 6.929436309140147055e-15
3.981084444921117438e+01 1.373758938055886620e-16 2.265533934639192808e-15 0.000000000000000000e+00 0.000000000000000000e+00 3.626508345587190327e-15 0.000000000000000000e+00 0.000000000000000000e+00 0.000000000000000000e+00 0.000000000000000000e+00 1.223612718112641134e-14 5.512856415840648109e-15
4.216978739375930729e+01 1.109007937907990898e-16 1.807889733909589447e-15 0.000000000000000000e+00 0.000000000000000000e+00 2.888072867260273736e-15 0.000000000000000000e+00 0.000000000000000000e+00 0.000000000000000000e+00 0.000000000000000000e+00 9.720730040937472519e-15 4.386707685068313249e-15
4.466850662018793372e+01 8.967216902413939725e-17 1.443517282681881083e-15 0.000000000000000000e+00 0.000000000000000000e+00 2.300764000636267603e-15 0.000000000000000000e+00 0.000000000000000000e+00 0.000000000000000000e+00 0.000000000000000000e+00 7.722618099315097940e-15 3.491383047966938001e-15
4.731528440129277158e+01 7.261635456465021078e-17 1.153262397511877179e-15 0.000000000000000000e+00 0.000000000000000000e+00 1.833473906164315978e-15 0.000000000000000000e+00 0.000000000000000000e+00 0.000000000000000000e+00 0.000000000000000000e+00 6.135349752420240876e-15 2.779413452896004334e-15
5.011889376582433897e+01 5.890988961278788337e-17 9.220311582121121393e-16 0.000000000000000000e+00 0.000000000000000000e+00 1.461696260261551911e-15 0.000000000000000000e+00 0.000000000000000000e+00 0.000000000000000000e+00 0.000000000000000000e+00 4.874419027696480610e-15 2.213231769477894333e-15
5.308862757763228046e+01 4.787647134242553979e-17 7.377382423676976270e-16 0.000000000000000000e+00 0.000000000000000000e+00 1.165822384963183116e-15 0.000000000000000000e+00 0.000000000000000000e+00 0.000000000000000000e+00 0.000000000000000000e+00 3.872791988494092933e-15 1.762917030517022199e-15
5.623432933785908716e+01 3.898164407688599451e-17 5.907871555227826588e-16 0.000000000000000000e+00 0.000000000000000000e+00 9.302933859086460396e-16 0.000000000000000000e+00 0.000000000000000000e+00 0.000000000000000000e+00 0.000000000000000000e+00 3.077049718343744155e-15 1.404676404167544113e-15
5.956642581228004474e+01 3.180242411015292549e-17 4.735759783648426372e-16 0.000000000000000000e+00 0.000000000000000000e+00 7.427768382677369748e-16 0.000000000000000000e+00 0.000000000000000000e+00 0.000000000000000000e+00 0.000000000000000000e+00 2.444889701584285754e-15 1.119652341927785477e-15
6.309596159193648646e+01 2.599641388907723958e-17 3.800283207608690548e-16 0.000000000000000000e+00 0.000000000000000000e+00 5.934293683131969452e-16 0.000000000000000000e+00 0.000000000000000000e+00 0.000000000000000000e+00 0.000000000000000000e+00 1.942679028772937928e-15 8.928254993446851369e-16
6.683463570161686107e+01 2.129345449755080244e-17 3.053325104183014972e-16 0.000000000000000000e+00 0.000000000000000000e+00 4.744524596109011616e-16 0.000000000000000000e+00 0.000000000000000000e+00 0.000000000000000000e+00 0.000000000000000000e+00 1.543684872926260182e-15 7.122746583188607776e-16
7.079484037752892789e+01 1.747634591538412524e-17 2.456506127913195246e-16 0.000000000000000000e+00 0.000000000000000000e+00 3.796352745826439722e-16 0.000000000000000000e+00 0.000000000000000000e+00 0.000000000000000000e+00 0.000000000000000000e+00 1.226683965414444763e-15 5.685193032838753476e-16
7.498970214269533585e+01 1.437272733859752599e-17 1.979356488267848484e-16 0.000000000000000000e+00 0.000000000000000000e+00 3.040493061585462775e-16 0.000000000000000000e+00 0.000000000000000000e+00 0.000000000000000000e+00 0.000000000000000000e+00 9.748387734963787578e-16 4.540352637179647953e-16
7.943312531622163419e+01 1.184373336238428842e-17 1.597600291628255563e-16 0.000000000000000000e+00 0.000000000000000000e+00 2.437693158047531394e-16 0.000000000000000000e+00 0.000000000000000000e+00 0.000000000000000000e+00 0.000000000000000000e+00 7.747280736278909586e-16 3.628275290000953557e-16
8.413983810065295188e+01 9.778521507317150496e-18 1.291925946606609662e-16 0.000000000000000000e+00 0.000000000000000000e+00 1.956756752393618421e-16 0.000000000000000000e+00 0.000000000000000000e+00 0.000000000000000000e+00 0.000000000000000000e+00 6.157251569941545138e-16 2.901392551233211986e-16
8.912544140018032124e+01 8.088257654415166788e-18 1.046958302565927415e-16 0.000000000000000000e+00 0.000000000000000000e+00 1.572869557451839389e-16 0.000000000000000000e+00 0.000000000000000000e+00 0.000000000000000000e+00 0.000000000000000000e+00 4.893792366459738746e-16 2.321864023374373024e-16
9.440646053151047568e+01 6.701900907180383374e-18 8.504588663717888338e-17 0.000000000000000000e+00 0.000000000000000000e+00 1.266305730709825958e-16 0.000000000000000000e+00 0.000000000000000000e+00 0.000000000000000000e+00 0.000000000000000000e+00 3.889792578406434977e-16 1.859614099479506725e-16
1.000003999988000061e+02 5.562297799347509005e-18 6.926814036166091580e-17 0.000000000000000000e+00 0.000000000000000000e+00 1.021369912598611986e-16 0.000000000000000000e+00 0.000000000000000000e+00 0.000000000000000000e+00 0.000000000000000000e+00 3.091953229160372831e-16 1.490730891334996119e-16
1.059258015142113862e+02 4.623670094161118068e-18 5.658647753823151928e-17 0.000000000000000000e+00 0.000000000000000000e+00 8.255751591919716535e-17 0.000000000000000000e+00 0.000000000000000000e+00 0.000000000000000000e+00 0.000000000000000000e+00 2.457884840062606004e-16 1.196185298752390619e-16
1.122023054564055542e+02 3.849186345029942199e-18 4.638154787650120346e-17 0.000000000000000000e+00 0.000000000000000000e+00 6.689814620478566157e-17 0.000000000000000000e+00 0.000000000000000000e+00 0.000000000000000000e+00 0.000000000000000000e+00 1.953947232803027688e-16 9.608468242285239408e-17
1.188507159706835239e+02 3.209201418703039112e-18 3.816043118917128353e-17 0.000000000000000000e+00 0.000000000000000000e+00 5.436783937207043900e-17 0.000000000000000000e+00 0.000000000000000000e+00 0.000000000000000000e+00 0.000000000000000000e+00 1.553416664751155322e-16 7.726819226299861224e-17
1.258930699265563788e+02 2.680035045932364373e-18 3.153035822506188557e-17 0.000000000000000000e+00 0.000000000000000000e+00 4.433825781319432925e-17 0.000000000000000000e+00 0.000000000000000000e+00 0.000000000000000000e+00 0.000000000000000000e+00 1.235055556522499632e-16 6.221180295131309246e-17
1.333527099613116889e+02 2.242513021881093702e-18 2.617783426229342663e-17 0.000000000000000000e+00 0.000000000000000000e+00 3.630849718608313603e-17 0.000000000000000000e+00 0.000000000000000000e+00 0.000000000000000000e+00 0.000000000000000000e+00 9.820025955133681535e-17 5.015382402212123697e-17
1.412543618516886568e+02 1.881144230139018005e-18 2.185247028741256441e-17 0.000000000000000000e+00 0.000000000000000000e+00 2.987958731466197905e-17 0.000000000000000000e+00 0.000000000000000000e+00 0.000000000000000000e+00 0.000000000000000000e+00 7.808563678490025118e-17 4.048759841110253904e-17
1.496242164701151012e+02 1.583475731270824313e-18 1.835500327343036771e-17 0.000000000000000000e+00 0.000000000000000000e+00 2.473471938429077637e-17 0.000000000000000000e+00 0.000000000000000000e+00 0.000000000000000000e+00 0.000000000000000000e+00 6.209597933323813256e-17 3.273015691272398813e-17
1.584900165971634465e+02 1.339460754599853886e-18 1.552629162767253749e-17 0.000000000000000000e+00 0.000000000000000000e+00 2.062211734201126793e-17 0.000000000000000000e+00 0.000000000000000000e+00 0.000000000000000000e+00 0.000000000000000000e+00 4.938491440874392304e-17 2.649686782518528316e-17
1.678811488779710714e+02 1.140868635172235742e-18 1.323923972879923516e-17 0.000000000000000000e+00 0.000000000000000000e+00 1.734181126272386335e-17 0.000000000000000000e+00 0.000000000000000000e+00 0.000000000000000000e+00 0.000000000000000000e+00 3.927976786219215336e-17 2.148120546119069254e-17
1.778287412274262067e+02 9.809699260026690833e-19 1.139256678136844781e-17 0.000000000000000000e+00 0.000000000000000000e+00 1.473580462418996548e-17 0.000000000000000000e+00 0.000000000000000000e+00 0.000000000000000000e+00 0.000000000000000000e+00 3.124676973258651157e-17 1.743928250622993288e-17
1.883657660069804365e+02 8.540913606358722456e-19 9.905255335608006521e-18 0.000000000000000000e+00 0.000000000000000000e+00 1.267956153341881751e-17 0.000000000000000000e+00 0.000000000000000000e+00 0.000000000000000000e+00 0.000000000000000000e+00 2.486086672921372201e-17 1.417627200826705777e-17
1.995271493150748086e+02 7.553112100783920927e-19 8.712323851409850283e-18 0.000000000000000000e+00 0.000000000000000000e+00 1.107562418960347706e-17 0.000000000000000000e+00 0.000000000000000000e+00 0.000000000000000000e+00 0.000000000000000000e+00 1.978464578247329186e-17 1.153694221968578295e-17
2.113498867534393071e+02 6.801645165014990606e-19 7.761263905362566161e-18 0.000000000000000000e+00 0.000000000000000000e+00 9.848599965171375153e-18 0.000000000000000000e+00 0.000000000000000000e+00 0.000000000000000000e+00 0.000000000000000000e+00 1.574976681508190870e-17 9.397400438923678082e-18
2.238731660529809062e+02 6.243624535447859807e-19 7.008753547763176248e-18 0.000000000000000000e+00 0.000000000000000000e+00 8.940764667406005243e-18 0.000000000000000000e+00 0.000000000000000000e+00 0.000000000000000000e+00 0.000000000000000000e+00 1.254289234873827059e-17 7.658818912014412417e-18
2.371384969657189856e+02 5.834737254839565514e-19 6.417051701178371157e-18 0.000000000000000000e+00 0.000000000000000000e+00 8.306946221760259697e-18 0.000000000000000000e+00 0.000000000000000000e+00 0.000000000000000000e+00 0.000000000000000000e+00 9.994282518556094002e-18 6.242313871151996078e-18
2.511898488533105365e+02 5.527565979298546300e-19 5.950305105583392750e-18 0.000000000000000000e+00 0.000000000000000000e+00 7.908602133788678898e-18 0.000000000000000000e+00 0.000000000000000000e+00 0.000000000000000000e+00 0.000000000000000000e+00 7.968860827878249380e-18 5.085021351768827176e-18
2.660737964282121766e+02 5.270554501778818910e-19 5.569685046960413710e-18 0.000000000000000000e+00 0.000000000000000000e+00 7.703255114518090278e-18 0.000000000000000000e+00 0.000000000000000000e+00 0.000000000000000000e+00 0.000000000000000000e+00 6.359203609320522832e-18 4.136984221257908390e-18
2.818396741305601836e+02 5.010008220929163250e-19 5.228330342791261201e-18 0.000000000000000000e+00 0.000000000000000000e+00 7.628028899447808767e-18 0.000000000000000000e+00 0.000000000000000000e+00 0.000000000000000000e+00 0.000000000000000000e+00 5.079902017162419347e-18 3.358710622581802846e-18
2.985397396524612077e+02 4.696264489085380796e-19 4.869179432047308477e-18 0.000000000000000000e+00 0.000000000000000000e+00 7.579379539334072955e-18 0.000000000000000000e+00 0.000000000000000000e+00 0.000000000000000000e+00 0.000000000000000000e+00 4.062963234079929220e-18 2.719209342974015242e-18
3.162293471517152739e+02 4.293927059636187826e-19 4.432299881157939673e-18 0.000000000000000000e+00 0.000000000000000000e+00 7.406081182254820756e-18 0.000000000000000000e+00 0.000000000000000000e+00 0.000000000000000000e+00 0.000000000000000000e+00 3.254158525163851507e-18 2.194266590961952199e-18
3.349671307291087601e+02 3.794071648764720562e-19 3.880355938599819255e-18 0.000000000000000000e+00 0.000000000000000000e+00 6.949968035195190505e-18 0.000000000000000000e+00 0.000000000000000000e+00 0.000000000000000000e+00 0.000000000000000000e+00 2.610348060410637203e-18 1.764926746061249646e-18
3.548151987774273834e+02 3.220182790310216942e-19 3.230632639882387558e-18 0.000000000000000000e+00 0.000000000000000000e+00 6.142755239363017326e-18 0.000000000000000000e+00 0.000000000000000000e+00 0.000000000000000000e+00 0.000000000000000000e+00 2.097129249133118293e-18 1.415696197764611239e-18
3.758393398463825861e+02 2.621308831302066438e-19 2.557825290804701592e-18 0.000000000000000000e+00 0.000000000000000000e+00 5.078765886464341998e-18 0.000000000000000000e+00 0.000000000000000000e+00 0.000000000000000000e+00 0.000000000000000000e+00 1.687076843756110158e-18 1.133126147946939445e-18
3.981092407058160916e+02 2.053417843841334669e-19 1.950128420981498404e-18 0.000000000000000000e+00 0.000000000000000000e+00 3.960923276925908922e-18 0.000000000000000000e+00 0.000000000000000000e+00 0.000000000000000000e+00 0.000000000000000000e+00 1.358477328603126989e-18 9.053645227941599404e-19
4.216987173299673941e+02 1.559875583784511862e-19 1.460677193068370299e-18 0.000000000000000000e+00 0.000000000000000000e+00 2.969147359488950075e-18 0.000000000000000000e+00 0.000000000000000000e+00 0.000000000000000000e+00 0.000000000000000000e+00 1.094444202453640027e-18 7.223847161432378363e-19
4.466859595684380793e+02 1.161838477381215957e-19 1.097173080175381899e-18 0.000000000000000000e+00 0.000000000000000000e+00 2.187337100988257418e-18 0.000000000000000000e+00 0.000000000000000000e+00 0.000000000000000000e+00 0.000000000000000000e+00 8.820841565060903192e-19 5.760132724372937206e-19
4.731537903148308146e+02 8.603034432299404075e-20 8.403028786747804634e-19 0.000000000000000000e+00 0.000000000000000000e+00 1.617772882581680264e-18 0.000000000000000000e+00 0.000000000000000000e+00 0.000000000000000000e+00 0.000000000000000000e+00 7.114751477740764671e-19 4.595582553915746371e-19
5.011899400321092344e+02 6.440341816319238658e-20 6.633619663512736106e-19 0.000000000000000000e+00 0.000000000000000000e+00 1.224528600397315972e-18 0.000000000000000000e+00 0.000000000000000000e+00 0.000000000000000000e+00 0.000000000000000000e+00 5.746869639069336574e-19 3.673822169020059215e-19
5.308873375446275986e+02 4.966272435977334901e-20 5.421001529915667547e-19 0.000000000000000000e+00 0.000000000000000000e+00 9.639321594500524702e-19 0.000000000000000000e+00 0.000000000000000000e+00 0.000000000000000000e+00 0.000000000000000000e+00 4.652051599921405009e-19 2.946348125338981075e-19
5.623444180606788905e+02 4.001967240029939025e-20 4.569308240342248881e-19 0.000000000000000000e+00 0.000000000000000000e+00 7.965827589512492839e-19 0.000000000000000000e+00 0.000000000000000000e+00 0.000000000000000000e+00 0.000000000000000000e+00 3.776830599681468876e-19 2.371474816332833266e-19
5.956654494465514063e+02 3.366357048893231081e-20 3.919271317849266433e-19 0.000000000000000000e+00 0.000000000000000000e+00 6.881163789895199880e-19 0.000000000000000000e+00 0.000000000000000000e+00 0.000000000000000000e+00 0.000000000000000000e+00 3.077106959027707075e-19 1.914278808887128214e-19
6.309608778335493753e+02 2.888099047540051558e-20 3.341911048352149348e-19 0.000000000000000000e+00 0.000000000000000000e+00 6.064424397951167429e-19 0.000000000000000000e+00 0.000000000000000000e+00 0.000000000000000000e+00 0.000000000000000000e+00 2.515967115485007728e-19 1.547005330643053211e-19
6.683476937035359242e+02 2.436209302865216173e-20 2.758364398943725708e-19 0.000000000000000000e+00 0.000000000000000000e+00 5.237558012575407773e-19 0.000000000000000000e+00 0.000000000000000000e+00 0.000000000000000000e+00 0.000000000000000000e+00 2.062811884286175517e-19 1.249142405522856640e-19
7.079498196664336547e+02 1.958245330573097475e-20 2.170926212461549455e-19 0.000000000000000000e+00 0.000000000000000000e+00 4.275505462383835076e-19 0.000000000000000000e+00 0.000000000000000000e+00 0.000000000000000000e+00 0.000000000000000000e+00 1.693729044610084178e-19 1.006283193368394885e-19
7.498985212149971176e+02 1.484788010018219879e-20 1.645641587729752048e-19 0.000000000000000000e+00 0.000000000000000000e+00 3.270745795234139670e-19 0.000000000000000000e+00 0.000000000000000000e+00 0.000000000000000000e+00 0.000000000000000000e+00 1.392126950495065385e-19 8.082752057818543622e-20
7.943328418183681379e+02 1.081375105130584551e-20 1.239589804655527050e-19 0.000000000000000000e+00 0.000000000000000000e+00 2.403167804994783671e-19 0.000000000000000000e+00 0.000000000000000000e+00 0.000000000000000000e+00 0.000000000000000000e+00 1.146724468743420712e-19 6.479421598590733217e-20
8.414000637965608576e+02 7.907854828212825313e-21 9.570653068396715563e-20 0.000000000000000000e+00 0.000000000000000000e+00 1.773800428871217242e-19 0.000000000000000000e+00 0.000000000000000000e+00 0.000000000000000000e+00 0.000000000000000000e+00 9.481735111267393679e-20 5.197894645629201924e-20
8.912561965035012008e+02 6.107953614518978933e-21 7.651224226842040787e-20 0.000000000000000000e+00 0.000000000000000000e+00 1.372786476635382528e-19 0.000000000000000000e+00 0.000000000000000000e+00 0.000000000000000000e+00 0.000000000000000000e+00 7.881950135596738940e-20 4.183552424560010337e-20
9.440664934367624710e+02 5.025529861815014543e-21 6.219198369304138289e-20 0.000000000000000000e+00 0.000000000000000000e+00 1.122489014502478031e-19 0.000000000000000000e+00 0.000000000000000000e+00 0.000000000000000000e+00 0.000000000000000000e+00 6.590461719661968138e-20 3.376474300915371051e-20
1.000005999988000553e+03 4.150860534453186626e-21 4.959700287684358408e-20 0.000000000000000000e+00 0.000000000000000000e+00 9.257916925351661778e-20 0.000000000000000000e+00 0.000000000000000000e+00 0.000000000000000000e+00 0.000000000000000000e+00 5.532031663415254911e-20 2.721749727518896137e-20
1.059260133649669569e+03 3.205860070319775762e-21 3.796162774338385780e-20 0.000000000000000000e+00 0.000000000000000000e+00 7.240022207047558045e-20 0.000000000000000000e+00 0.000000000000000000e+00 0.000000000000000000e+00 0.000000000000000000e+00 4.648352498086376176e-20 2.182349413087163053e-20
1.122025298601189206e+03 2.300952082674063517e-21 2.844075671112323106e-20 0.000000000000000000e+00 0.000000000000000000e+00 5.310561333953071395e-20 0.000000000000000000e+00 0.000000000000000000e+00 0.000000000000000000e+00 0.000000000000000000e+00 3.909859497558481395e-20 1.740032761852912875e-20
1.188509536711647343e+03 1.665021408644555570e-21 2.171259627116290651e-20 0.000000000000000000e+00 0.000000000000000000e+00 3.875571215710276578e-20 0.000000000000000000e+00 0.000000000000000000e+00 0.000000000000000000e+00 0.000000000000000000e+00 3.301275385498133862e-20 1.385242451966981941e-20
1.258933217116890319e+03 1.316757624115191608e-21 1.700780712190693984e-20 0.000000000000000000e+00 0.000000000000000000e+00 3.003980064473131087e-20 0.000000000000000000e+00 0.000000000000000000e+00 0.000000000000000000e+00 0.000000000000000000e+00 2.803809039555020943e-20 1.104201477012633287e-20
1.333529766656648690e+03 1.065902664344083484e-21 1.318429047682624464e-20 0.000000000000000000e+00 0.000000000000000000e+00 2.397143160870130698e-20 0.000000000000000000e+00 0.000000000000000000e+00 0.000000000000000000e+00 0.000000000000000000e+00 2.390934552714716724e-20 8.774509044444332948e-21
1.412546443592822698e+03 7.800616376602176617e-22 9.845322813774243334e-21 0.000000000000000000e+00 0.000000000000000000e+00 1.796585937575380347e-20 0.000000000000000000e+00 0.000000000000000000e+00 0.000000000000000000e+00 0.000000000000000000e+00 2.041488150447831898e-20 6.908770207804961708e-21
1.496245157173511416e+03 5.354796398424075706e-22 7.294907823794100167e-21 0.000000000000000000e+00 0.000000000000000000e+00 1.269643811408244241e-20 0.000000000000000000e+00 0.000000000000000000e+00 0.000000000000000000e+00 0.000000000000000000e+00 1.746466780681264016e-20 5.399406300424844190e-21
1.584903335759287984e+03 4.054776251748095430e-22 5.528962089431245311e-21 0.000000000000000000e+00 0.000000000000000000e+00 9.412876252767833121e-21 0.000000000000000000e+00 0.000000000000000000e+00 0.000000000000000000e+00 0.000000000000000000e+00 1.499378175678403065e-20 4.211775388375189649e-21
1.678814846389257127e+03 3.177099752674168474e-22 4.159318282264023532e-21 0.000000000000000000e+00 0.000000000000000000e+00 7.244972163000267197e-21 0.000000000000000000e+00 0.000000000000000000e+00 0.000000000000000000e+00 0.000000000000000000e+00 1.289420451324586059e-20 3.266095772920916464e-21
1.778290968834861360e+03 2.180210537397345173e-22 3.038064976307883191e-21 0.000000000000000000e+00 0.000000000000000000e+00 5.173481154322758244e-21 0.000000000000000000e+00 0.000000000000000000e+00 0.000000000000000000e+00 0.000000000000000000e+00 1.107637881560985966e-20 2.502425924491946674e-21
1.883661427370054525e+03 1.538130427293048173e-22 2.235896994307041704e-21 0.000000000000000000e+00 0.000000000000000000e+00 3.659675984405165368e-21 0.000000000000000000e+00 0.000000000000000000e+00 0.000000000000000000e+00 0.000000000000000000e+00 9.503460442285783374e-21 1.904885797912409226e-21
1.995275483677773536e+03 1.189635649617029796e-22 1.651335832119450504e-21 0.000000000000000000e+00 0.000000000000000000e+00 2.752454463924854593e-21 0.000000000000000000e+00 0.000000000000000000e+00 0.000000000000000000e+00 0.000000000000000000e+00 8.148297678759722342e-21 1.441798259089992241e-21
2.113503094515221164e+03 7.857047174811062197e-23 1.188123069571002636e-21 0.000000000000000000e+00 0.000000000000000000e+00 1.919606043234292735e-21 0.000000000000000000e+00 0.000000000000000000e+00 0.000000000000000000e+00 0.000000000000000000e+00 6.971440314100700114e-21 1.077269867257735970e-21
2.238736137975219208e+03 5.470429039013864992e-23 8.588510105330289552e-22 0.000000000000000000e+00 0.000000000000000000e+00 1.342301309367062831e-21 0.000000000000000000e+00 0.000000000000000000e+00 0.000000000000000000e+00 0.000000000000000000e+00 5.943456847698527731e-21 7.994542584086990381e-22
2.371389712408159539e+03 3.917616471242664707e-23 6.182399783670785934e-22 0.000000000000000000e+00 0.000000000000000000e+00 9.678125183488765164e-22 0.000000000000000000e+00 0.000000000000000000e+00 0.000000000000000000e+00 0.000000000000000000e+00 5.054507897759680815e-21 5.888165618543430613e-22
2.511903512309986127e+03 2.492419212093680989e-23 4.399172613421065765e-22 0.000000000000000000e+00 0.000000000000000000e+00 6.554239056949803017e-22 0.000000000000000000e+00 0.000000000000000000e+00 0.000000000000000000e+00 0.000000000000000000e+00 4.286516869648542024e-21 4.294694993818820548e-22
2.660743285736766211e+03 1.773699503331355127e-23 3.142268161503753232e-22 0.000000000000000000e+00 0.000000000000000000e+00 4.664042205833002517e-22 0.000000000000000000e+00 0.000000000000000000e+00 0.000000000000000000e+00 0.000000000000000000e+00 3.628548750383612324e-21 3.116984482101958761e-22
2.818402378076538753e+03 1.061703442284505020e-23 2.220797406202376320e-22 0.000000000000000000e+00 0.000000000000000000e+00 3.108315511344534289e-22 0.000000000000000000e+00 0.000000000000000000e+00 0.000000000000000000e+00 0.000000000000000000e+00 3.072841524079897153e-21 2.242748364080283278e-22
2.985403367295520638e+03 7.013771624831086418e-24 1.576374841106102383e-22 0.000000000000000000e+00 0.000000000000000000e+00 2.138189507799797537e-22 0.000000000000000000e+00 0.000000000000000000e+00 0.000000000000000000e+00 0.000000000000000000e+00 2.605985628764670665e-21 1.609458966874157129e-22
3.162299796078799318e+03 3.943821704006938314e-24 1.116104417169718495e-22 0.000000000000000000e+00 0.000000000000000000e+00 1.405408500186262533e-22 0.000000000000000000e+00 0.000000000000000000e+00 0.000000000000000000e+00 0.000000000000000000e+00 2.219418840698603345e-21 1.150653232891396493e-22
3.349678006606906365e+03 2.084576740475301252e-24 7.919626232118429512e-23 0.000000000000000000e+00 0.000000000000000000e+00 9.451918716375953788e-23 0.000000000000000000e+00 0.000000000000000000e+00 0.000000000000000000e+00 0.000000000000000000e+00 1.900741707892069083e-21 8.231306304118720686e-23
3.548159084049862486e+03 1.112474618408750490e-24 5.662396103336081873e-23 0.000000000000000000e+00 0.000000000000000000e+00 6.266211441654131625e-23 0.000000000000000000e+00 0.000000000000000000e+00 0.000000000000000000e+00 0.000000000000000000e+00 1.639984311975254691e-21 5.904489716219946329e-23
3.758400915220557636e+03 5.712893718138009353e-25 4.092610820142282306e-23 0.000000000000000000e+00 0.000000000000000000e+00 4.113826289666842559e-23 0.000000000000000000e+00 0.000000000000000000e+00 0.000000000000000000e+00 0.000000000000000000e+00 1.427291899808053383e-21 4.267720108951035683e-23
3.981100369211124416e+03 2.233279356873557795e-25 2.987977609512081773e-23 0.000000000000000000e+00 0.000000000000000000e+00 2.779950085780047267e-23 0.000000000000000000e+00 0.000000000000000000e+00 0.000000000000000000e+00 0.000000000000000000e+00 1.253854134526300537e-21 3.118383689595322481e-23
4.216995607240287427e+03 1.336717778301899132e-25 2.209383085961011672e-23 0.000000000000000000e+00 0.000000000000000000e+00 1.967848769907538428e-23 0.000000000000000000e+00 0.000000000000000000e+00 0.000000000000000000e+00 0.000000000000000000e+00 1.112267644414104234e-21 2.311669062041007573e-23
4.466868529367839983e+03 1.121571316439200436e-25 1.658951739804985175e-23 0.000000000000000000e+00 0.000000000000000000e+00 1.397397328457036917e-23 0.000000000000000000e+00 0.000000000000000000e+00 0.000000000000000000e+00 0.000000000000000000e+00 9.962262292276861952e-22 1.741298347497139994e-23
4.731547366186259751e+03 9.958639130792442733e-26 1.265865596334657796e-23 0.000000000000000000e+00 0.000000000000000000e+00 1.013557106625832399e-23 0.000000000000000000e+00 0.000000000000000000e+00 0.000000000000000000e+00 0.000000000000000000e+00 9.006634163044545931e-22 1.331452069406615320e-23
5.011909424079800374e+03 9.988238031120368023e-26 9.696935909968513451e-24 0.000000000000000000e+00 0.000000000000000000e+00 7.655146917605305060e-24 0.000000000000000000e+00 0.000000000000000000e+00 0.000000000000000000e+00 0.000000000000000000e+00 8.215772498328689472e-22 1.031792958768100484e-23
5.308883993150553579e+03 9.983542395310263935e-26 7.513473173434329713e-24 0.000000000000000000e+00 0.000000000000000000e+00 5.877730623555740737e-24 0.000000000000000000e+00 0.000000000000000000e+00 0.000000000000000000e+00 0.000000000000000000e+00 7.558671630355374933e-22 8.093288394332511258e-24
5.623455427450166098e+03 8.743068990142271911e-26 5.926068677485831481e-24 0.000000000000000000e+00 0.000000000000000000e+00 4.615057121686975356e-24 0.000000000000000000e+00 0.000000000000000000e+00 0.000000000000000000e+00 0.000000000000000000e+00 7.011926586324286883e-22 6.457847239309211915e-24
5.956666407726853322e+03 6.951961652096697915e-26 4.784190312910815438e-24 0.000000000000000000e+00 0.000000000000000000e+00 3.701193824028221894e-24 0.000000000000000000e+00 0.000000000000000000e+00 0.000000000000000000e+00 0.000000000000000000e+00 6.558349583773668047e-22 5.280650717273143658e-24
6.309621397502571199e+03 5.038763905272736800e-26 3.951219610106280481e-24 0.000000000000000000e+00 0.000000000000000000e+00 3.134124176701494124e-24 0.000000000000000000e+00 0.000000000000000000e+00 0.000000000000000000e+00 0.000000000000000000e+00 6.185721400218993535e-22 4.437364039894604116e-24
6.683490303935769589e+03 3.500932280366159319e-26 3.423289207437319268e-24 0.000000000000000000e+00 0.000000000000000000e+00 2.680080702895234205e-24 0.000000000000000000e+00 0.000000000000000000e+00 0.000000000000000000e+00 0.000000000000000000e+00 5.885773983973618518e-22 3.850524774568368702e-24
7.079512355604090772e+03 2.201688476871513320e-26 3.083996343378445215e-24 0.000000000000000000e+00 0.000000000000000000e+00 2.336378132364409717e-24 0.000000000000000000e+00 0.000000000000000000e+00 0.000000000000000000e+00 0.000000000000000000e+00 5.653443273621465998e-22 3.459619794542699907e-24
7.499000210060407881e+03 1.299026006111753447e-26 2.841537590483526518e-24 0.000000000000000000e+00 0.000000000000000000e+00 2.117147860299639660e-24 0.000000000000000000e+00 0.000000000000000000e+00 0.000000000000000000e+00 0.000000000000000000e+00 5.486416399096245474e-22 3.196083307338555856e-24
7.943344304776975150e+03 7.418895488685032882e-27 2.668396056442573080e-24 0.000000000000000000e+00 0.000000000000000000e+00 1.965245725501632360e-24 0.000000000000000000e+00 0.000000000000000000e+00 0.000000000000000000e+00 0.000000000000000000e+00 5.384988254218973167e-22 3.027138148319361251e-24
8.414017465899569288e+03 4.154674769471123098e-27 2.551627618057552700e-24 0.000000000000000000e+00 0.000000000000000000e+00 1.835381781413453621e-24 0.000000000000000000e+00 0.000000000000000000e+00 0.000000000000000000e+00 0.000000000000000000e+00 5.352241086658046211e-22 2.930783423661452140e-24
8.912579790087645961e+03 2.315319731073224819e-27 2.489897264471840392e-24 0.000000000000000000e+00 0.000000000000000000e+00 1.765511336676359913e-24 0.000000000000000000e+00 0.000000000000000000e+00 0.000000000000000000e+00 0.000000000000000000e+00 5.394581224005133950e-22 2.893760874656751406e-24
9.440683815621974645e+03 1.365881136073920173e-27 2.463124676891544741e-24 0.000000000000000000e+00 0.000000000000000000e+00 1.774786524499730321e-24 0.000000000000000000e+00 0.000000000000000000e+00 0.000000000000000000e+00 0.000000000000000000e+00 5.522724216403912408e-22 2.907308814436501648e-24
1.000007999992000077e+04 8.885953282951806208e-28 2.505921850573573526e-24 0.000000000000000000e+00 0.000000000000000000e+00 1.792216474958835109e-24 0.000000000000000000e+00 0.000000000000000000e+00 0.000000000000000000e+00 0.000000000000000000e+00 5.753317650824961299e-22 2.983993205148529523e-24
1.059262252161462311e+04 5.988830159880976015e-28 2.608403142799649490e-24 0.000000000000000000e+00 0.000000000000000000e+00 1.831624280239880987e-24 0.000000000000000000e+00 0.000000000000000000e+00 0.000000000000000000e+00 0.000000000000000000e+00 6.111551356118559505e-22 3.133533507910176547e-24
1.122027542642810840e+04 3.969303682606805129e-28 2.763690438505086755e-24 0.000000000000000000e+00 0.000000000000000000e+00 1.926951933808349246e-24 0.000000000000000000e+00 0.000000000000000000e+00 0.000000000000000000e+00 0.000000000000000000e+00 6.635379161160988844e-22 3.365165941277352288e-24
1.188511913721213386e+04 2.496948026731113795e-28 2.995150738965224856e-24 0.000000000000000000e+00 0.000000000000000000e+00 2.086433272015961513e-24 0.000000000000000000e+00 0.000000000000000000e+00 0.000000000000000000e+00 0.000000000000000000e+00 7.382471206307634733e-22 3.700813281019433441e-24
1.258935734973253784e+04 1.547126137946314294e-28 3.337265787480204230e-24 0.000000000000000000e+00 0.000000000000000000e+00 2.348467956538139501e-24 0.000000000000000000e+00 0.000000000000000000e+00 0.000000000000000000e+00 0.000000000000000000e+00 8.441948580852740060e-22 4.178223991599116738e-24
1.333532433705513176e+04 9.791507924687897432e-29 3.860043659674964830e-24 0.000000000000000000e+00 0.000000000000000000e+00 2.653429413312969892e-24 0.000000000000000000e+00 0.000000000000000000e+00 0.000000000000000000e+00 0.000000000000000000e+00 9.954775915932993025e-22 4.871739901940863695e-24
1.412549268674408813e+04 6.436272476561340866e-29 4.599697420404011547e-24 0.000000000000000000e+00 0.000000000000000000e+00 3.116893772884107189e-24 0.000000000000000000e+00 0.000000000000000000e+00 0.000000000000000000e+00 0.000000000000000000e+00 1.215038751489083743e-21 5.877429702519589777e-24
1.496248149651856693e+04 4.471911362195882386e-29 5.669418271981381186e-24 0.000000000000000000e+00 0.000000000000000000e+00 3.845598820768320774e-24 0.000000000000000000e+00 0.000000000000000000e+00 0.000000000000000000e+00 0.000000000000000000e+00 1.541492951679934686e-21 7.351159990455742610e-24
1.584906505553281204e+04 3.261677791326980359e-29 7.294384910523156138e-24 0.000000000000000000e+00 0.000000000000000000e+00 4.984697625802490828e-24 0.000000000000000000e+00 0.000000000000000000e+00 0.000000000000000000e+00 0.000000000000000000e+00 2.042368643851212247e-21 9.584159883348704068e-24
1.678818204005520238e+04 2.343789011716856073e-29 9.881359023937444950e-24 0.000000000000000000e+00 0.000000000000000000e+00 6.667638863411943334e-24 0.000000000000000000e+00 0.000000000000000000e+00 0.000000000000000000e+00 0.000000000000000000e+00 2.840988359127157597e-21 1.312651061593438986e-23
1.778294525402571890e+04 1.605053845425700347e-29 1.408615357141398674e-23 0.000000000000000000e+00 0.000000000000000000e+00 9.498490093053648359e-24 0.000000000000000000e+00 0.000000000000000000e+00 0.000000000000000000e+00 0.000000000000000000e+00 4.173816240129967608e-21 1.896731454407199722e-23
1.883665194677839099e+04 1.061062987700145533e-29 2.135824914224605119e-23 0.000000000000000000e+00 0.000000000000000000e+00 1.443143371545830150e-23 0.000000000000000000e+00 0.000000000000000000e+00 0.000000000000000000e+00 0.000000000000000000e+00 6.519748297782180004e-21 2.911096183438692071e-23
1.995279474212779678e+04 6.728251476566331268e-30 3.474526166454761311e-23 0.000000000000000000e+00 0.000000000000000000e+00 2.327987052364729300e-23 0.000000000000000000e+00 0.000000000000000000e+00 0.000000000000000000e+00 0.000000000000000000e+00 1.091002273761223031e-20 4.788155603512360484e-23
2.113507321504503489e+04 4.192050242373360033e-30 6.090194955150923148e-23 0.000000000000000000e+00 0.000000000000000000e+00 4.091679515922147884e-23 0.000000000000000000e+00 0.000000000000000000e+00 0.000000000000000000e+00 0.000000000000000000e+00 1.972351420484659340e-20 8.498611000570188358e-23
2.238740615429586614e+04 2.673719711092215345e-30 1.165485921524325555e-22 0.000000000000000000e+00 0.000000000000000000e+00 7.840276874097123982e-23 0.000000000000000000e+00 0.000000000000000000e+00 0.000000000000000000e+00 0.000000000000000000e+00 3.888890510982721899e-20 1.644697672600851296e-22
2.371394455168611967e+04 1.772686744132540715e-30 2.458999886699758349e-22 0.000000000000000000e+00 0.000000000000000000e+00 1.655068470542469032e-22 0.000000000000000000e+00 0.000000000000000000e+00 0.000000000000000000e+00 0.000000000000000000e+00 8.452342878696418902e-20 3.509417496173055419e-22
2.511908536096914395e+04 1.292620309519631488e-30 5.790631705263789235e-22 0.000000000000000000e+00 0.000000000000000000e+00 3.908483761174973641e-22 0.000000000000000000e+00 0.000000000000000000e+00 0.000000000000000000e+00 0.000000000000000000e+00 2.049446051280864261e-19 8.353650596119577515e-22
2.660748607202053245e+04 5.515825364950020764e-31 1.542992410002280885e-21 0.000000000000000000e+00 0.000000000000000000e+00 1.044269938263364819e-21 0.000000000000000000e+00 0.000000000000000000e+00 0.000000000000000000e+00 0.000000000000000000e+00 5.618791982315072943e-19 2.249322279380313337e-21
2.818408014858749084e+04 2.221417540363887566e-32 4.721973532837704808e-21 0.000000000000000000e+00 0.000000000000000000e+00 3.212895566603880677e-21 0.000000000000000000e+00 0.000000000000000000e+00 0.000000000000000000e+00 0.000000000000000000e+00 1.768297836739719681e-18 6.953834771290147790e-21
2.985409338078373548e+04 9.281921219611767024e-36 1.689063127495196895e-20 0.000000000000000000e+00 0.000000000000000000e+00 1.156074942182862187e-20 0.000000000000000000e+00 0.000000000000000000e+00 0.000000000000000000e+00 0.000000000000000000e+00 6.497419838412117298e-18 2.511681682986325592e-20
3.162306120653091421e+04 -2.411478772042933253e-39 7.197403259055103439e-20 0.000000000000000000e+00 0.000000000000000000e+00 4.964464177092875979e-20 0.000000000000000000e+00 0.000000000000000000e+00 0.000000000000000000e+00 0.000000000000000000e+00 2.841015668350298458e-17 1.080271942059041064e-19
3.349684705936120736e+04 1.589782403717160005e-39 3.732759712970482277e-19 0.000000000000000000e+00 0.000000000000000000e+00 2.599440401455809339e-19 0.000000000000000000e+00 0.000000000000000000e+00 0.000000000000000000e+00 0.000000000000000000e+00 1.510238440143767827e-16 5.652760388800013323e-19
3.548166180339650600e+04 -6.838480401859539514e-39 2.413644936149490858e-18 0.000000000000000000e+00 0.000000000000000000e+00 1.700381895629195318e-18 0.000000000000000000e+00 0.000000000000000000e+00 0.000000000000000000e+00 0.000000000000000000e+00 9.997478730778845064e-16 3.686338587525275943e-18
3.758408431992323312e+04 6.976311748470352732e-39 1.998878087126128791e-17 0.000000000000000000e+00 0.000000000000000000e+00 1.427712057158859646e-17 0.000000000000000000e+00 0.000000000000000000e+00 0.000000000000000000e+00 0.000000000000000000e+00 8.466870507980222004e-15 3.077828294454200252e-17
3.981108331380016170e+04 -2.846431113792754929e-38 2.185083490276986875e-16 0.000000000000000000e+00 0.000000000000000000e+00 1.586295736702065753e-16 0.000000000000000000e+00 0.000000000000000000e+00 0.000000000000000000e+00 0.000000000000000000e+00 9.455669215156183158e-14 3.390874049666684846e-16
4.217004041197763581e+04 -3.432614837418358358e-37 3.261203289399101002e-15 0.000000000000000000e+00 0.000000000000000000e+00 2.412907902991807816e-15 0.000000000000000000e+00 0.000000000000000000e+00 0.000000000000000000e+00 0.000000000000000000e+00 1.440635788196080160e-12 5.098956061440757658e-15
4.466877463069161604e+04 -1.579960587876695186e-36 6.901306726089468893e-14 0.000000000000000000e+00 0.000000000000000000e+00 5.219945467087152698e-14 0.000000000000000000e+00 0.000000000000000000e+00 0.000000000000000000e+00 0.000000000000000000e+00 3.110676390676949675e-11 1.086902927183727752e-13
4.731556829243147513e+04 -2.632197943854968650e-36 2.160210968637353687e-12 0.000000000000000000e+00 0.000000000000000000e+00 1.676002238761243040e-12 0.000000000000000000e+00 0.000000000000000000e+00 0.000000000000000000e+00 0.000000000000000000e+00 9.933791053088214508e-10 3.426461805101342948e-12
5.011919447858556669e+04 0.000000000000000000e+00 1.165720817416939491e-10 0.000000000000000000e+00 0.000000000000000000e+00 9.990170263103823936e-11 0.000000000000000000e+00 0.000000000000000000e+00 0.000000000000000000e+00 0.000000000000000000e+00 5.030801075035447222e-08 1.840256483595667059e-10
5.308894610876071238e+04 0.000000000000000000e+00 8.631362330453376556e-08 0.000000000000000000e+00 0.000000000000000000e+00 2.137212072457130033e-07 0.000000000000000000e+00 0.000000000000000000e+00 0.000000000000000000e+00 0.000000000000000000e+00 3.762104887856374441e-05 1.357470743205494098e-07
5.623466674316030549e+04 0.000000000000000000e+00 2.425351843712591350e-09 0.000000000000000000e+00 0.000000000000000000e+00 3.448607735904140866e-06 0.000000000000000000e+00 0.000000000000000000e+00 0.000000000000000000e+00 0.000000000000000000e+00 1.125671137497037970e-05 2.823787631474920985e-04
5.956678321012012748e+04 0.000000000000000000e+00 -1.374387888745774654e-08 0.000000000000000000e+00 0.000000000000000000e+00 2.678568629656711089e-06 0.000000000000000000e+00 0.000000000000000000e+00 0.000000000000000000e+00 0.000000000000000000e+00 2.244346907707255249e-05 1.282842315028247596e-02
6.309634016694899037e+04 0.000000000000000000e+00 1.044523964340618436e-07 0.000000000000000000e+00 0.000000000000000000e+00 2.746760353104148135e-05 0.000000000000000000e+00 0.000000000000000000e+00 0.000000000000000000e+00 0.000000000000000000e+00 2.613129847759146579e-04 8.665091151060821950e-01
6.683503670862913714e+04 0.000000000000000000e+00 -2.065085793004739954e-06 0.000000000000000000e+00 0.000000000000000000e+00 3.067904376607985344e-04 0.000000000000000000e+00 0.000000000000000000e+00 0.000000000000000000e+00 0.000000000000000000e+00 3.010513595649111016e-03 9.850757902732067350e+01
7.079526514572169981e+04 0.000000000000000000e+00 -1.021025417277193975e-04 0.000000000000000000e+00 0.000000000000000000e+00 1.307064876975488898e-02 0.000000000000000000e+00 0.000000000000000000e+00 0.000000000000000000e+00 0.000000000000000000e+00 1.122068078393573254e-01 2.348014732328806713e+04
7.499015208000832354e+04 0.000000000000000000e+00 0.000000000000000000e+00 0.000000000000000000e+00 0.000000000000000000e+00 0.000000000000000000e+00 0.000000000000000000e+00 0.000000000000000000e+00 0.000000000000000000e+00 0.000000000000000000e+00 0.000000000000000000e+00 1.491610968620499782e+07
7.943360191402034252e+04 0.000000000000000000e+00 0.000000000000000000e+00 0.000000000000000000e+00 0.000000000000000000e+00 0.000000000000000000e+00 0.000000000000000000e+00 0.000000000000000000e+00 0.000000000000000000e+00 0.000000000000000000e+00 0.000000000000000000e+00 5.298173818744245911e+10
8.414034293867184897e+04 0.000000000000000000e+00 0.000000000000000000e+00 0.000000000000000000e+00 0.000000000000000000e+00 0.000000000000000000e+00 0.000000000000000000e+00 0.000000000000000000e+00 0.000000000000000000e+00 0.000000000000000000e+00 0.000000000000000000e+00 0.000000000000000000e+00
8.912597615175931423e+04 0.000000000000000000e+00 0.000000000000000000e+00 0.000000000000000000e+00 0.000000000000000000e+00 0.000000000000000000e+00 0.000000000000000000e+00 0.000000000000000000e+00 0.000000000000000000e+00 0.000000000000000000e+00 0.000000000000000000e+00 0.000000000000000000e+00
9.440702696914084663e+04 0.000000000000000000e+00 0.000000000000000000e+00 0.000000000000000000e+00 0.000000000000000000e+00 0.000000000000000000e+00 0.000000000000000000e+00 0.000000000000000000e+00 0.000000000000000000e+00 0.000000000000000000e+00 0.000000000000000000e+00 0.000000000000000000e+00
1.000010000000000582e+05 0.000000000000000000e+00 0.000000000000000000e+00 0.000000000000000000e+00 0.000000000000000000e+00 0.000000000000000000e+00 0.000000000000000000e+00 0.000000000000000000e+00 0.000000000000000000e+00 0.000000000000000000e+00 0.000000000000000000e+00 0.000000000000000000e+00
