1.000000000000000000e+00 -3.596346749404280831e-08 2.044215954378119899e-08 1.284262016564547189e-07 0.000000000000000000e+00 0.000000000000000000e+00 0.000000000000000000e+00 0.000000000000000000e+00 0.000000000000000000e+00 0.000000000000000000e+00 0.000000000000000000e+00 6.477393453287617119e-07
1.042343452601165010e+00 -3.310182519764523988e-08 1.881684802637481947e-08 1.182041786876924722e-07 0.000000000000000000e+00 0.000000000000000000e+00 0.000000000000000000e+00 0.000000000000000000e+00 0.000000000000000000e+00 0.000000000000000000e+00 0.000000000000000000e+00 5.961979559311831278e-07
1.086479873180516975e+00 -3.046724807548903582e-08 1.731973059216381934e-08 1.087960166451640141e-07 0.000000000000000000e+00 0.000000000000000000e+00 0.000000000000000000e+00 0.000000000000000000e+00 0.000000000000000000e+00 0.000000000000000000e+00 0.000000000000000000e+00 5.487506147129514872e-07
1.132485182192656037e+00 -2.804227881935349857e-08 1.594163587364055255e-08 1.001365909786330816e-07 0.000000000000000000e+00 0.000000000000000000e+00 0.000000000000000000e+00 0.000000000000000000e+00 0.000000000000000000e+00 0.000000000000000000e+00 0.000000000000000000e+00 5.050790260472222796e-07
1.180438514826352314e+00 -2.581024869470408436e-08 1.467309991819086520e-08 9.216627364211187163e-08 0.000000000000000000e+00 0.000000000000000000e+00 0.000000000000000000e+00 0.000000000000000000e+00 0.000000000000000000e+00 0.000000000000000000e+00 0.000000000000000000e+00 4.648822952590575936e-07
1.230422357127491484e+00 -2.375566553482582780e-08 1.350532208915763013e-08 8.483072567542373672e-08 0.000000000000000000e+00 0.000000000000000000e+00 0.000000000000000000e+00 0.000000000000000000e+00 0.000000000000000000e+00 0.000000000000000000e+00 0.000000000000000000e+00 4.278826145138781570e-07
1.282522687885933044e+00 -2.186474474431424976e-08 1.243059152874599313e-08 7.807854777401542999e-08 0.000000000000000000e+00 0.000000000000000000e+00 0.000000000000000000e+00 0.000000000000000000e+00 0.000000000000000000e+00 0.000000000000000000e+00 0.000000000000000000e+00 3.938288552386144776e-07
1.336829126530349798e+00 -2.012418633936215069e-08 1.144131283428480349e-08 7.186420232618259982e-08 0.000000000000000000e+00 0.000000000000000000e+00 0.000000000000000000e+00 0.000000000000000000e+00 0.000000000000000000e+00 0.000000000000000000e+00 0.000000000000000000e+00 3.624839703590562627e-07
1.393435087285444407e+00 -1.852226831469937322e-08 1.053079192581542677e-08 6.614401009791294205e-08 0.000000000000000000e+00 0.000000000000000000e+00 0.000000000000000000e+00 0.000000000000000000e+00 0.000000000000000000e+00 0.000000000000000000e+00 0.000000000000000000e+00 3.336343128772816867e-07
1.452437939856715765e+00 -1.704775232783086590e-08 9.692735771155238941e-09 6.087953028724777409e-08 0.000000000000000000e+00 0.000000000000000000e+00 0.000000000000000000e+00 0.000000000000000000e+00 0.000000000000000000e+00 0.000000000000000000e+00 0.000000000000000000e+00 3.070800248709634828e-07
1.513939176919172347e+00 -1.569060539387096352e-08 8.921385087760042658e-09 5.603404607237199598e-08 0.000000000000000000e+00 0.000000000000000000e+00 0.000000000000000000e+00 0.000000000000000000e+00 0.000000000000000000e+00 0.000000000000000000e+00 0.000000000000000000e+00 2.826389941363391630e-07
1.578044588698096051e+00 -1.444155985687705292e-08 8.211398985294662334e-09 5.157385350017937286e-08 0.000000000000000000e+00 0.000000000000000000e+00 0.000000000000000000e+00 0.000000000000000000e+00 0.000000000000000000e+00 0.000000000000000000e+00 0.000000000000000000e+00 2.601434635738574243e-07
1.644864444942158777e+00 -1.329186510980563309e-08 7.557958527498930179e-09 4.746903831289617958e-08 0.000000000000000000e+00 0.000000000000000000e+00 0.000000000000000000e+00 0.000000000000000000e+00 0.000000000000000000e+00 0.000000000000000000e+00 0.000000000000000000e+00 2.394379730066604693e-07
1.714513684601908450e+00 -1.223368949872596568e-08 6.956526710792838753e-09 4.369093787999925818e-08 0.000000000000000000e+00 0.000000000000000000e+00 0.000000000000000000e+00 0.000000000000000000e+00 0.000000000000000000e+00 0.000000000000000000e+00 0.000000000000000000e+00 2.203803404508875041e-07
1.787112113539898184e+00 -1.125974360690063902e-08 6.402976673928151692e-09 4.021357002038396092e-08 0.000000000000000000e+00 0.000000000000000000e+00 0.000000000000000000e+00 0.000000000000000000e+00 0.000000000000000000e+00 0.000000000000000000e+00 0.000000000000000000e+00 2.028395619417139501e-07
1.862784610612542746e+00 -1.036339201479250144e-08 5.893409174466556565e-09 3.701266785785656423e-08 0.000000000000000000e+00 0.000000000000000000e+00 0.000000000000000000e+00 0.000000000000000000e+00 0.000000000000000000e+00 0.000000000000000000e+00 0.000000000000000000e+00 1.866947585797470296e-07
1.941661342478194330e+00 -9.538337398335430502e-09 5.424456178556660453e-09 3.406684566515531650e-08 0.000000000000000000e+00 0.000000000000000000e+00 0.000000000000000000e+00 0.000000000000000000e+00 0.000000000000000000e+00 0.000000000000000000e+00 0.000000000000000000e+00 1.718348695921059453e-07
2.023877987500934061e+00 -8.779039401171653079e-09 4.992964707372253767e-09 3.135549206125601640e-08 0.000000000000000000e+00 0.000000000000000000e+00 0.000000000000000000e+00 0.000000000000000000e+00 0.000000000000000000e+00 0.000000000000000000e+00 0.000000000000000000e+00 1.581590037091228987e-07
2.109575969135220941e+00 -8.080107597198120670e-09 4.595756557700550640e-09 2.886005799944201735e-08 0.000000000000000000e+00 0.000000000000000000e+00 0.000000000000000000e+00 0.000000000000000000e+00 0.000000000000000000e+00 0.000000000000000000e+00 0.000000000000000000e+00 1.455721038792937633e-07
2.198902699192854637e+00 -7.436822288314605889e-09 4.230104457711559048e-09 2.656304729405411778e-08 0.000000000000000000e+00 0.000000000000000000e+00 0.000000000000000000e+00 0.000000000000000000e+00 0.000000000000000000e+00 0.000000000000000000e+00 0.000000000000000000e+00 1.339872870394126311e-07
2.292011831410701195e+00 -6.844682329718570225e-09 3.893591248043906840e-09 2.444906284819925802e-08 0.000000000000000000e+00 0.000000000000000000e+00 0.000000000000000000e+00 0.000000000000000000e+00 0.000000000000000000e+00 0.000000000000000000e+00 0.000000000000000000e+00 1.233243981642777926e-07
2.389063525755349193e+00 -6.299667094763143455e-09 3.583850139991087531e-09 2.250330570446155372e-08 0.000000000000000000e+00 0.000000000000000000e+00 0.000000000000000000e+00 0.000000000000000000e+00 0.000000000000000000e+00 0.000000000000000000e+00 0.000000000000000000e+00 1.135099536994988564e-07
2.490224723919343131e+00 -5.798014703854816097e-09 3.298728218129255123e-09 2.071244529421229843e-08 0.000000000000000000e+00 0.000000000000000000e+00 0.000000000000000000e+00 0.000000000000000000e+00 0.000000000000000000e+00 0.000000000000000000e+00 0.000000000000000000e+00 1.044761858831892481e-07
2.595669436482870740e+00 -5.336309753259398574e-09 3.036323790840431471e-09 1.906406239085512580e-08 0.000000000000000000e+00 0.000000000000000000e+00 0.000000000000000000e+00 0.000000000000000000e+00 0.000000000000000000e+00 0.000000000000000000e+00 0.000000000000000000e+00 9.616154415233561777e-08
2.705579042234875775e+00 -4.911347414838710291e-09 2.794781040076057004e-09 1.754690584504746998e-08 0.000000000000000000e+00 0.000000000000000000e+00 0.000000000000000000e+00 0.000000000000000000e+00 0.000000000000000000e+00 0.000000000000000000e+00 0.000000000000000000e+00 8.850832896334392443e-08
2.820142600168453750e+00 -4.520258078427206217e-09 2.572445291972014350e-09 1.615032759979895299e-08 0.000000000000000000e+00 0.000000000000000000e+00 0.000000000000000000e+00 0.000000000000000000e+00 0.000000000000000000e+00 0.000000000000000000e+00 0.000000000000000000e+00 8.146425394334424487e-08
2.939557174687212449e+00 -4.160268063670338298e-09 2.367826759917288269e-09 1.486508434289902074e-08 0.000000000000000000e+00 0.000000000000000000e+00 0.000000000000000000e+00 0.000000000000000000e+00 0.000000000000000000e+00 0.000000000000000000e+00 0.000000000000000000e+00 7.498058843097076316e-08
3.064028174581995057e+00 -3.829005129008757433e-09 2.179615264750853475e-09 1.368213935235210985e-08 0.000000000000000000e+00 0.000000000000000000e+00 0.000000000000000000e+00 0.000000000000000000e+00 0.000000000000000000e+00 0.000000000000000000e+00 0.000000000000000000e+00 6.901412120394601287e-08
3.193769706361041738e+00 -3.524097142436363651e-09 2.006392548533157851e-09 1.259333702632854899e-08 0.000000000000000000e+00 0.000000000000000000e+00 0.000000000000000000e+00 0.000000000000000000e+00 0.000000000000000000e+00 0.000000000000000000e+00 0.000000000000000000e+00 6.352325793932912305e-08
3.329004942541377243e+00 -3.243398799341674886e-09 1.846874387314517781e-09 1.159125957240390090e-08 0.000000000000000000e+00 0.000000000000000000e+00 0.000000000000000000e+00 0.000000000000000000e+00 0.000000000000000000e+00 0.000000000000000000e+00 0.000000000000000000e+00 5.846869482471490036e-08
3.469966505534922252e+00 -2.985015106961233350e-09 1.700007705216438236e-09 1.066896757686127081e-08 0.000000000000000000e+00 0.000000000000000000e+00 0.000000000000000000e+00 0.000000000000000000e+00 0.000000000000000000e+00 0.000000000000000000e+00 0.000000000000000000e+00 5.381596823736058850e-08
3.616896867789669567e+00 -2.747217698086691995e-09 1.564863252616840786e-09 9.820017310625858066e-09 0.000000000000000000e+00 0.000000000000000000e+00 0.000000000000000000e+00 0.000000000000000000e+00 0.000000000000000000e+00 0.000000000000000000e+00 0.000000000000000000e+00 4.953376205812014071e-08
3.770048768874223466e+00 -2.528352663407895327e-09 1.440458857457497118e-09 9.038662956785155770e-09 0.000000000000000000e+00 0.000000000000000000e+00 0.000000000000000000e+00 0.000000000000000000e+00 0.000000000000000000e+00 0.000000000000000000e+00 0.000000000000000000e+00 4.559211123895383882e-08
3.929685650223130100e+00 -2.326908305705225217e-09 1.325931746169172656e-09 8.319417090078063375e-09 0.000000000000000000e+00 0.000000000000000000e+00 0.000000000000000000e+00 0.000000000000000000e+00 0.000000000000000000e+00 0.000000000000000000e+00 0.000000000000000000e+00 4.196392806648500699e-08
4.096082108290830526e+00 -2.141539878330843319e-09 1.220575323247048665e-09 7.657496881272652356e-09 0.000000000000000000e+00 0.000000000000000000e+00 0.000000000000000000e+00 0.000000000000000000e+00 0.000000000000000000e+00 0.000000000000000000e+00 0.000000000000000000e+00 3.862504394370941723e-08
4.269524366893723055e+00 -1.970882874628239192e-09 1.123581527645273794e-09 7.048219587551356294e-09 0.000000000000000000e+00 0.000000000000000000e+00 0.000000000000000000e+00 0.000000000000000000e+00 0.000000000000000000e+00 0.000000000000000000e+00 0.000000000000000000e+00 3.555207273346205775e-08
4.450310769552807244e+00 -1.813801275766759489e-09 1.034295954663129360e-09 6.487489474416570218e-09 0.000000000000000000e+00 0.000000000000000000e+00 0.000000000000000000e+00 0.000000000000000000e+00 0.000000000000000000e+00 0.000000000000000000e+00 0.000000000000000000e+00 3.272352028418570961e-08
4.638752292683820500e+00 -1.669214276814866510e-09 9.521141705395367217e-10 5.971422339820917180e-09 0.000000000000000000e+00 0.000000000000000000e+00 0.000000000000000000e+00 0.000000000000000000e+00 0.000000000000000000e+00 0.000000000000000000e+00 0.000000000000000000e+00 3.011989836372756940e-08
4.835173080517622068e+00 -1.536151891624389842e-09 8.764719360329751980e-10 5.496354479029268034e-09 0.000000000000000000e+00 0.000000000000000000e+00 0.000000000000000000e+00 0.000000000000000000e+00 0.000000000000000000e+00 0.000000000000000000e+00 0.000000000000000000e+00 2.772348111700932055e-08
5.039911002670948825e+00 -1.413706631703776532e-09 8.069049483364986372e-10 5.059154948239630383e-09 0.000000000000000000e+00 0.000000000000000000e+00 0.000000000000000000e+00 0.000000000000000000e+00 0.000000000000000000e+00 0.000000000000000000e+00 0.000000000000000000e+00 2.551803942037467933e-08
5.253318235326636554e+00 -1.300984056995255135e-09 7.428404082209038237e-10 4.656758513785828374e-09 0.000000000000000000e+00 0.000000000000000000e+00 0.000000000000000000e+00 0.000000000000000000e+00 0.000000000000000000e+00 0.000000000000000000e+00 0.000000000000000000e+00 2.348821174249737800e-08
5.475761867023024365e+00 -1.197223372726614822e-09 6.838725194534107289e-10 4.286392662735872146e-09 0.000000000000000000e+00 0.000000000000000000e+00 0.000000000000000000e+00 0.000000000000000000e+00 0.000000000000000000e+00 0.000000000000000000e+00 0.000000000000000000e+00 2.161992880784487654e-08
5.707624530094580706e+00 -1.101731670089544446e-09 6.295923515921024618e-10 3.945462932669527487e-09 0.000000000000000000e+00 0.000000000000000000e+00 0.000000000000000000e+00 0.000000000000000000e+00 0.000000000000000000e+00 0.000000000000000000e+00 0.000000000000000000e+00 1.990027285429346903e-08
5.949305058849887473e+00 -1.013840645623109742e-09 5.796264498846332220e-10 3.631684588939653293e-09 0.000000000000000000e+00 0.000000000000000000e+00 0.000000000000000000e+00 0.000000000000000000e+00 0.000000000000000000e+00 0.000000000000000000e+00 0.000000000000000000e+00 1.831726129840432236e-08
6.201219175619169022e+00 -9.329473884758582252e-10 5.336570304868051997e-10 3.342916277016468971e-09 0.000000000000000000e+00 0.000000000000000000e+00 0.000000000000000000e+00 0.000000000000000000e+00 0.000000000000000000e+00 0.000000000000000000e+00 0.000000000000000000e+00 1.686049160704917492e-08
6.463800205851433667e+00 -8.584807498554264562e-10 4.913312674703016402e-10 3.077107822476387411e-09 0.000000000000000000e+00 0.000000000000000000e+00 0.000000000000000000e+00 0.000000000000000000e+00 0.000000000000000000e+00 0.000000000000000000e+00 0.000000000000000000e+00 1.551969727758429922e-08
6.737499823491305051e+00 -7.899383518590034909e-10 4.523692138617286272e-10 2.832483244845048397e-09 0.000000000000000000e+00 0.000000000000000000e+00 0.000000000000000000e+00 0.000000000000000000e+00 0.000000000000000000e+00 0.000000000000000000e+00 0.000000000000000000e+00 1.428543420559814792e-08
7.022788827917666232e+00 -7.268650379051261429e-10 4.165182057745869095e-10 2.607313127112235399e-09 0.000000000000000000e+00 0.000000000000000000e+00 0.000000000000000000e+00 0.000000000000000000e+00 0.000000000000000000e+00 0.000000000000000000e+00 0.000000000000000000e+00 1.314937957494930604e-08
7.320157953780587867e+00 -6.688159588886220149e-10 3.835306810554565065e-10 2.400054421876647447e-09 0.000000000000000000e+00 0.000000000000000000e+00 0.000000000000000000e+00 0.000000000000000000e+00 0.000000000000000000e+00 0.000000000000000000e+00 0.000000000000000000e+00 1.210407861449175332e-08
7.630118715129537321e+00 -6.153749961122217119e-10 3.531561515882057615e-10 2.209316345896939784e-09 0.000000000000000000e+00 0.000000000000000000e+00 0.000000000000000000e+00 0.000000000000000000e+00 0.000000000000000000e+00 0.000000000000000000e+00 0.000000000000000000e+00 1.114179666458039533e-08
7.953204285284886765e+00 -5.661876346430348564e-10 3.251964057559191947e-10 2.033747682626778559e-09 0.000000000000000000e+00 0.000000000000000000e+00 0.000000000000000000e+00 0.000000000000000000e+00 0.000000000000000000e+00 0.000000000000000000e+00 0.000000000000000000e+00 1.025599228995927328e-08
8.289970413966230467e+00 -5.209280755153244079e-10 2.994698048947651630e-10 1.872136259554050798e-09 0.000000000000000000e+00 0.000000000000000000e+00 0.000000000000000000e+00 0.000000000000000000e+00 0.000000000000000000e+00 0.000000000000000000e+00 0.000000000000000000e+00 9.440866156424612043e-09
8.640996383255068025e+00 -4.792518487991399716e-10 2.757747210426505175e-10 1.723417501012286324e-09 0.000000000000000000e+00 0.000000000000000000e+00 0.000000000000000000e+00 0.000000000000000000e+00 0.000000000000000000e+00 0.000000000000000000e+00 0.000000000000000000e+00 8.690483802337786875e-09
9.006886004036267934e+00 -4.409027245157244609e-10 2.539764443485034710e-10 1.586519104041655489e-09 0.000000000000000000e+00 0.000000000000000000e+00 0.000000000000000000e+00 0.000000000000000000e+00 0.000000000000000000e+00 0.000000000000000000e+00 0.000000000000000000e+00 7.999809902410541074e-09
9.388268654632273780e+00 -4.056111023220802830e-10 2.339232467891719007e-10 1.460534995220052730e-09 0.000000000000000000e+00 0.000000000000000000e+00 0.000000000000000000e+00 0.000000000000000000e+00 0.000000000000000000e+00 0.000000000000000000e+00 0.000000000000000000e+00 7.364292391670589380e-09
9.785800363416699454e+00 -3.731207735896513571e-10 2.154506750226887614e-10 1.344568530976379497e-09 0.000000000000000000e+00 0.000000000000000000e+00 0.000000000000000000e+00 0.000000000000000000e+00 0.000000000000000000e+00 0.000000000000000000e+00 0.000000000000000000e+00 6.779216178286003630e-09
1.020016493726949491e+01 -3.432198534758325107e-10 1.984558464592568784e-10 1.237839649928216263e-09 0.000000000000000000e+00 0.000000000000000000e+00 0.000000000000000000e+00 0.000000000000000000e+00 0.000000000000000000e+00 0.000000000000000000e+00 0.000000000000000000e+00 6.240706668251913322e-09
1.063207513781483016e+01 -3.156922987968570948e-10 1.828120581926831923e-10 1.139619105569854530e-09 0.000000000000000000e+00 0.000000000000000000e+00 0.000000000000000000e+00 0.000000000000000000e+00 0.000000000000000000e+00 0.000000000000000000e+00 0.000000000000000000e+00 5.745089007291420653e-09
1.108227390746491814e+01 -2.903594478991053273e-10 1.684179984271127378e-10 1.049196749522994361e-09 0.000000000000000000e+00 0.000000000000000000e+00 0.000000000000000000e+00 0.000000000000000000e+00 0.000000000000000000e+00 0.000000000000000000e+00 0.000000000000000000e+00 5.288914324657264147e-09
1.155153564737878646e+01 -2.670410872645664328e-10 1.551577385027799282e-10 9.659760057884095159e-10 0.000000000000000000e+00 0.000000000000000000e+00 0.000000000000000000e+00 0.000000000000000000e+00 0.000000000000000000e+00 0.000000000000000000e+00 0.000000000000000000e+00 4.869049044726019210e-09
1.204066754953423946e+01 -2.455818295026885498e-10 1.429532794718749716e-10 8.893747200311664448e-10 0.000000000000000000e+00 0.000000000000000000e+00 0.000000000000000000e+00 0.000000000000000000e+00 0.000000000000000000e+00 0.000000000000000000e+00 0.000000000000000000e+00 4.482530320688603052e-09
1.255051098520432262e+01 -2.258260417768251069e-10 1.317312820541207703e-10 8.188890599106562244e-10 0.000000000000000000e+00 0.000000000000000000e+00 0.000000000000000000e+00 0.000000000000000000e+00 0.000000000000000000e+00 0.000000000000000000e+00 0.000000000000000000e+00 4.126882464960492035e-09
1.308194295222672210e+01 -2.076476811213993020e-10 1.214001705386042029e-10 7.540098012509322155e-10 0.000000000000000000e+00 0.000000000000000000e+00 0.000000000000000000e+00 0.000000000000000000e+00 0.000000000000000000e+00 0.000000000000000000e+00 0.000000000000000000e+00 3.799510250235086716e-09
1.363587758355547841e+01 -1.909131237303162276e-10 1.118792283865273599e-10 6.942766209571294907e-10 0.000000000000000000e+00 0.000000000000000000e+00 0.000000000000000000e+00 0.000000000000000000e+00 0.000000000000000000e+00 0.000000000000000000e+00 0.000000000000000000e+00 3.498150737019683918e-09
1.421326771969004987e+01 -1.755091240291867399e-10 1.031316156332350821e-10 6.393223605532821780e-10 0.000000000000000000e+00 0.000000000000000000e+00 0.000000000000000000e+00 0.000000000000000000e+00 0.000000000000000000e+00 0.000000000000000000e+00 0.000000000000000000e+00 3.220819086194230436e-09
1.481510654768641366e+01 -1.613319492892794139e-10 9.506790178588912419e-11 5.887288029265324606e-10 0.000000000000000000e+00 0.000000000000000000e+00 0.000000000000000000e+00 0.000000000000000000e+00 0.000000000000000000e+00 0.000000000000000000e+00 0.000000000000000000e+00 2.965524335904404425e-09
1.544242930956958304e+01 -1.482878190914526753e-10 8.765974972559416226e-11 5.421688231104725034e-10 0.000000000000000000e+00 0.000000000000000000e+00 0.000000000000000000e+00 0.000000000000000000e+00 0.000000000000000000e+00 0.000000000000000000e+00 0.000000000000000000e+00 2.730633198706448647e-09
1.609631508308618564e+01 -1.362779599538282567e-10 8.082565735350085699e-11 4.993051399823401769e-10 0.000000000000000000e+00 0.000000000000000000e+00 0.000000000000000000e+00 0.000000000000000000e+00 0.000000000000000000e+00 0.000000000000000000e+00 0.000000000000000000e+00 2.514331579470513365e-09
1.677788863786025431e+01 -1.252202541581839066e-10 7.454287253565248853e-11 4.598678369797421879e-10 0.000000000000000000e+00 0.000000000000000000e+00 0.000000000000000000e+00 0.000000000000000000e+00 0.000000000000000000e+00 0.000000000000000000e+00 0.000000000000000000e+00 2.315284729680702979e-09
1.748832237014511648e+01 -1.150496223319239480e-10 6.876002141938284152e-11 4.235598073400495884e-10 0.000000000000000000e+00 0.000000000000000000e+00 0.000000000000000000e+00 0.000000000000000000e+00 0.000000000000000000e+00 0.000000000000000000e+00 0.000000000000000000e+00 2.132097734967421958e-09
1.822883831949924982e+01 -1.056852868329643547e-10 6.343647839303817554e-11 3.901428074690260199e-10 0.000000000000000000e+00 0.000000000000000000e+00 0.000000000000000000e+00 0.000000000000000000e+00 0.000000000000000000e+00 0.000000000000000000e+00 0.000000000000000000e+00 1.963479774409103795e-09
1.900071027085526509e+01 -9.706552974462964635e-11 5.853772596813596048e-11 3.593931440785963671e-10 0.000000000000000000e+00 0.000000000000000000e+00 0.000000000000000000e+00 0.000000000000000000e+00 0.000000000000000000e+00 0.000000000000000000e+00 0.000000000000000000e+00 1.808265743023289975e-09
1.980526594559769649e+01 -8.913134216584666834e-11 5.402267283488240320e-11 3.310796062306787017e-10 0.000000000000000000e+00 0.000000000000000000e+00 0.000000000000000000e+00 0.000000000000000000e+00 0.000000000000000000e+00 0.000000000000000000e+00 0.000000000000000000e+00 1.665397649470364870e-09
2.064388928541858093e+01 -8.182997294521867858e-11 4.987494368370052765e-11 3.050334252904948050e-10 0.000000000000000000e+00 0.000000000000000000e+00 0.000000000000000000e+00 0.000000000000000000e+00 0.000000000000000000e+00 0.000000000000000000e+00 0.000000000000000000e+00 1.533939862625156911e-09
2.151802283287939943e+01 -7.511112523291930978e-11 4.605861547763026320e-11 2.810598684343267012e-10 0.000000000000000000e+00 0.000000000000000000e+00 0.000000000000000000e+00 0.000000000000000000e+00 0.000000000000000000e+00 0.000000000000000000e+00 0.000000000000000000e+00 1.412950348711586863e-09
2.242917021277420631e+01 -6.892478834904492895e-11 4.253999631385194429e-11 2.589896707062662254e-10 0.000000000000000000e+00 0.000000000000000000e+00 0.000000000000000000e+00 0.000000000000000000e+00 0.000000000000000000e+00 0.000000000000000000e+00 0.000000000000000000e+00 1.301549521671125953e-09
2.337889871856227231e+01 -6.323270868327148777e-11 3.930480242987219567e-11 2.386769435559741939e-10 0.000000000000000000e+00 0.000000000000000000e+00 0.000000000000000000e+00 0.000000000000000000e+00 0.000000000000000000e+00 0.000000000000000000e+00 0.000000000000000000e+00 1.199039093620210655e-09
2.436884200831915237e+01 -5.799273021913135383e-11 3.632413214961357040e-11 2.199795632368038819e-10 0.000000000000000000e+00 0.000000000000000000e+00 0.000000000000000000e+00 0.000000000000000000e+00 0.000000000000000000e+00 0.000000000000000000e+00 0.000000000000000000e+00 1.104670233779248283e-09
2.540070291484369136e+01 -5.317014298560247632e-11 3.358442850194280416e-11 2.027773920375766343e-10 0.000000000000000000e+00 0.000000000000000000e+00 0.000000000000000000e+00 0.000000000000000000e+00 0.000000000000000000e+00 0.000000000000000000e+00 0.000000000000000000e+00 1.017831319781451724e-09
2.647625637475465155e+01 -4.873144262003934385e-11 3.106067038007805913e-11 1.869402316307973502e-10 0.000000000000000000e+00 0.000000000000000000e+00 0.000000000000000000e+00 0.000000000000000000e+00 0.000000000000000000e+00 0.000000000000000000e+00 0.000000000000000000e+00 9.378942106424570086e-10
2.759735248161536703e+01 -4.464569727410853914e-11 2.873772794442941133e-11 1.723658855289823809e-10 0.000000000000000000e+00 0.000000000000000000e+00 0.000000000000000000e+00 0.000000000000000000e+00 0.000000000000000000e+00 0.000000000000000000e+00 0.000000000000000000e+00 8.643174576289021042e-10
2.876591966833829161e+01 -4.088614211162906051e-11 2.659870205424628252e-11 1.589484856959120404e-10 0.000000000000000000e+00 0.000000000000000000e+00 0.000000000000000000e+00 0.000000000000000000e+00 0.000000000000000000e+00 0.000000000000000000e+00 0.000000000000000000e+00 7.965960689035715686e-10
2.998396802434348274e+01 -3.742615433903520248e-11 2.463202079787115694e-11 1.466025798048050528e-10 0.000000000000000000e+00 0.000000000000000000e+00 0.000000000000000000e+00 0.000000000000000000e+00 0.000000000000000000e+00 0.000000000000000000e+00 0.000000000000000000e+00 7.342762050408667772e-10
3.125359275317711649e+01 -3.424211631116944545e-11 2.282092553939707414e-11 1.352375768904265444e-10 0.000000000000000000e+00 0.000000000000000000e+00 0.000000000000000000e+00 0.000000000000000000e+00 0.000000000000000000e+00 0.000000000000000000e+00 0.000000000000000000e+00 6.769140525255322755e-10
3.257697777653739024e+01 -3.131069263247683512e-11 2.115399220735389098e-11 1.247803011302923916e-10 0.000000000000000000e+00 0.000000000000000000e+00 0.000000000000000000e+00 0.000000000000000000e+00 0.000000000000000000e+00 0.000000000000000000e+00 0.000000000000000000e+00 6.241079183892112037e-10
3.395639949090740828e+01 -2.861464663451131843e-11 1.962265966627984959e-11 1.151567321244224464e-10 0.000000000000000000e+00 0.000000000000000000e+00 0.000000000000000000e+00 0.000000000000000000e+00 0.000000000000000000e+00 0.000000000000000000e+00 0.000000000000000000e+00 5.755273420394146448e-10
3.539423068325686472e+01 -2.613308464808695401e-11 1.821202092273449802e-11 1.062985720276657925e-10 0.000000000000000000e+00 0.000000000000000000e+00 0.000000000000000000e+00 0.000000000000000000e+00 0.000000000000000000e+00 0.000000000000000000e+00 0.000000000000000000e+00 5.308101544215871510e-10
3.689294461254805668e+01 -2.384827346575927751e-11 1.691188916897223680e-11 9.814384166798185569e-11 0.000000000000000000e+00 0.000000000000000000e+00 0.000000000000000000e+00 0.000000000000000000e+00 0.000000000000000000e+00 0.000000000000000000e+00 0.000000000000000000e+00 4.896295351746631055e-10
3.845511926406689440e+01 -2.174713570235511256e-11 1.571744322580192410e-11 9.064146202313696605e-11 0.000000000000000000e+00 0.000000000000000000e+00 0.000000000000000000e+00 0.000000000000000000e+00 0.000000000000000000e+00 0.000000000000000000e+00 0.000000000000000000e+00 4.517546386453160298e-10
4.008344178389703671e+01 -1.981413231358658840e-11 1.461940056495159815e-11 8.373659824273537579e-11 0.000000000000000000e+00 0.000000000000000000e+00 0.000000000000000000e+00 0.000000000000000000e+00 0.000000000000000000e+00 0.000000000000000000e+00 0.000000000000000000e+00 4.168938860592710340e-10
4.178071310116503412e+01 -1.803445021672202626e-11 1.360644800887785982e-11 7.738009437326115227e-11 0.000000000000000000e+00 0.000000000000000000e+00 0.000000000000000000e+00 0.000000000000000000e+00 0.000000000000000000e+00 0.000000000000000000e+00 0.000000000000000000e+00 3.847956911693172854e-10
4.354985274600709744e+01 -1.639847680416568721e-11 1.267716946048546855e-11 7.153254192783961124e-11 0.000000000000000000e+00 0.000000000000000000e+00 0.000000000000000000e+00 0.000000000000000000e+00 0.000000000000000000e+00 0.000000000000000000e+00 0.000000000000000000e+00 3.552738649162261523e-10
4.539390387154536199e+01 -1.489347076148690690e-11 1.182228710088322497e-11 6.615083208635268106e-11 0.000000000000000000e+00 0.000000000000000000e+00 0.000000000000000000e+00 0.000000000000000000e+00 0.000000000000000000e+00 0.000000000000000000e+00 0.000000000000000000e+00 3.281035525430102273e-10
4.731603848851198535e+01 -1.350814855276904155e-11 1.103391532586439125e-11 6.119732781927171334e-11 0.000000000000000000e+00 0.000000000000000000e+00 0.000000000000000000e+00 0.000000000000000000e+00 0.000000000000000000e+00 0.000000000000000000e+00 0.000000000000000000e+00 3.030809329539547755e-10
4.931956292152518984e+01 -1.223452503372437078e-11 1.031018520310077192e-11 5.663987936701431115e-11 0.000000000000000000e+00 0.000000000000000000e+00 0.000000000000000000e+00 0.000000000000000000e+00 0.000000000000000000e+00 0.000000000000000000e+00 0.000000000000000000e+00 2.800633172385128078e-10
5.140792349640297232e+01 -1.106348552517271756e-11 9.644612328345041825e-12 5.244603206419015336e-11 0.000000000000000000e+00 0.000000000000000000e+00 0.000000000000000000e+00 0.000000000000000000e+00 0.000000000000000000e+00 0.000000000000000000e+00 0.000000000000000000e+00 2.588831535943638498e-10
5.358471246829720513e+01 -9.986675927602982779e-12 9.032410179067488987e-12 4.858731372325469720e-11 0.000000000000000000e+00 0.000000000000000000e+00 0.000000000000000000e+00 0.000000000000000000e+00 0.000000000000000000e+00 0.000000000000000000e+00 0.000000000000000000e+00 2.393894053798386738e-10
5.585367420084560308e+01 -8.997157827172408490e-12 8.470309719794929974e-12 4.503720152230799205e-11 0.000000000000000000e+00 0.000000000000000000e+00 0.000000000000000000e+00 0.000000000000000000e+00 0.000000000000000000e+00 0.000000000000000000e+00 0.000000000000000000e+00 2.214554213158527034e-10
5.821871160697001812e+01 -8.087742755501829075e-12 7.953626863041864808e-12 4.177071960727134100e-11 0.000000000000000000e+00 0.000000000000000000e+00 0.000000000000000000e+00 0.000000000000000000e+00 0.000000000000000000e+00 0.000000000000000000e+00 0.000000000000000000e+00 2.049492730317503852e-10
6.068389286240065417e+01 -7.252871332847132821e-12 7.480516259761020795e-12 3.876736805017263833e-11 0.000000000000000000e+00 0.000000000000000000e+00 0.000000000000000000e+00 0.000000000000000000e+00 0.000000000000000000e+00 0.000000000000000000e+00 0.000000000000000000e+00 1.897765219917033639e-10
6.325345840347389270e+01 -6.485651335307385626e-12 7.044912321435439075e-12 3.600398876712043707e-11 0.000000000000000000e+00 0.000000000000000000e+00 0.000000000000000000e+00 0.000000000000000000e+00 0.000000000000000000e+00 0.000000000000000000e+00 0.000000000000000000e+00 1.758035906456523836e-10
6.593182822124114750e+01 -5.781840180343394532e-12 6.645946690918963731e-12 3.346333576832354482e-11 0.000000000000000000e+00 0.000000000000000000e+00 0.000000000000000000e+00 0.000000000000000000e+00 0.000000000000000000e+00 0.000000000000000000e+00 0.000000000000000000e+00 1.629567452803296228e-10
6.872360946443542673e+01 -5.136530416888081231e-12 6.281217310767043118e-12 3.112781287631232695e-11 0.000000000000000000e+00 0.000000000000000000e+00 0.000000000000000000e+00 0.000000000000000000e+00 0.000000000000000000e+00 0.000000000000000000e+00 0.000000000000000000e+00 1.511468286123197704e-10
7.163360436437373835e+01 -4.544786948863503438e-12 5.946588299359270499e-12 2.898076575551502063e-11 0.000000000000000000e+00 0.000000000000000000e+00 0.000000000000000000e+00 0.000000000000000000e+00 0.000000000000000000e+00 0.000000000000000000e+00 0.000000000000000000e+00 1.402806732448344236e-10
7.466681849542716520e+01 -4.002152887048221169e-12 5.639599793889881980e-12 2.700803474438334377e-11 0.000000000000000000e+00 0.000000000000000000e+00 0.000000000000000000e+00 0.000000000000000000e+00 0.000000000000000000e+00 0.000000000000000000e+00 0.000000000000000000e+00 1.302748500200195815e-10
7.782846938526807890e+01 -3.506439650885978645e-12 5.361027746240019972e-12 2.519694800728537067e-11 0.000000000000000000e+00 0.000000000000000000e+00 0.000000000000000000e+00 0.000000000000000000e+00 0.000000000000000000e+00 0.000000000000000000e+00 0.000000000000000000e+00 1.210938651794396122e-10
8.112399548970439866e+01 -3.053243681325279422e-12 5.106827077699677896e-12 2.353454674214933974e-11 0.000000000000000000e+00 0.000000000000000000e+00 0.000000000000000000e+00 0.000000000000000000e+00 0.000000000000000000e+00 0.000000000000000000e+00 0.000000000000000000e+00 1.126505221679717131e-10
8.455906554753981652e+01 -2.639485159176878760e-12 4.875448578338801226e-12 2.200950916616191636e-11 0.000000000000000000e+00 0.000000000000000000e+00 0.000000000000000000e+00 0.000000000000000000e+00 0.000000000000000000e+00 0.000000000000000000e+00 0.000000000000000000e+00 1.048866563567021562e-10
8.813958833155088257e+01 -2.262686327486424772e-12 4.666121204508503701e-12 2.061240315976072143e-11 0.000000000000000000e+00 0.000000000000000000e+00 0.000000000000000000e+00 0.000000000000000000e+00 0.000000000000000000e+00 0.000000000000000000e+00 0.000000000000000000e+00 9.775791877206103863e-11
9.187172281235410765e+01 -1.920226046185761072e-12 4.477355522510167433e-12 1.933355461760183432e-11 0.000000000000000000e+00 0.000000000000000000e+00 0.000000000000000000e+00 0.000000000000000000e+00 0.000000000000000000e+00 0.000000000000000000e+00 0.000000000000000000e+00 9.121200330257721426e-11
9.576188875264639933e+01 -1.609683024777683086e-12 4.307712106823261037e-12 1.816458099353379011e-11 0.000000000000000000e+00 0.000000000000000000e+00 0.000000000000000000e+00 0.000000000000000000e+00 0.000000000000000000e+00 0.000000000000000000e+00 0.000000000000000000e+00 8.520026825895906257e-11
9.981677775004206410e+01 -1.329121467132342224e-12 4.156547312847336046e-12 1.709818055261758000e-11 0.000000000000000000e+00 0.000000000000000000e+00 0.000000000000000000e+00 0.000000000000000000e+00 0.000000000000000000e+00 0.000000000000000000e+00 0.000000000000000000e+00 7.968655547509801555e-11
1.040433647475019967e+02 -1.076489954883384300e-12 4.022239190357973610e-12 1.612741395966626310e-11 0.000000000000000000e+00 0.000000000000000000e+00 0.000000000000000000e+00 0.000000000000000000e+00 0.000000000000000000e+00 0.000000000000000000e+00 0.000000000000000000e+00 7.462321635025695619e-11
1.084489200311536194e+02 -8.505454217355431532e-13 3.905805030762786635e-12 1.524652479621453020e-11 0.000000000000000000e+00 0.000000000000000000e+00 0.000000000000000000e+00 0.000000000000000000e+00 0.000000000000000000e+00 0.000000000000000000e+00 0.000000000000000000e+00 6.999265873946677300e-11
1.130410217361402516e+02 -6.495343910305600003e-13 3.805587783002737431e-12 1.445012190583915045e-11 0.000000000000000000e+00 0.000000000000000000e+00 0.000000000000000000e+00 0.000000000000000000e+00 0.000000000000000000e+00 0.000000000000000000e+00 0.000000000000000000e+00 6.575107446761860838e-11
1.178275688820117182e+02 -4.721195832033740639e-13 3.721319763613692878e-12 1.373358481020683894e-11 0.000000000000000000e+00 0.000000000000000000e+00 0.000000000000000000e+00 0.000000000000000000e+00 0.000000000000000000e+00 0.000000000000000000e+00 0.000000000000000000e+00 6.187111737956860729e-11
1.228167949600777575e+02 -3.172748018735681913e-13 3.652100912908150503e-12 1.309289345097333625e-11 0.000000000000000000e+00 0.000000000000000000e+00 0.000000000000000000e+00 0.000000000000000000e+00 0.000000000000000000e+00 0.000000000000000000e+00 0.000000000000000000e+00 5.831787028697694634e-11
1.280172820960967499e+02 -1.842237289176491319e-13 3.599327926380537973e-12 1.252481997840591650e-11 0.000000000000000000e+00 0.000000000000000000e+00 0.000000000000000000e+00 0.000000000000000000e+00 0.000000000000000000e+00 0.000000000000000000e+00 0.000000000000000000e+00 5.508097693293222876e-11
1.334379758126628701e+02 -7.191252220422382642e-14 3.561831630672375005e-12 1.202663167256483619e-11 0.000000000000000000e+00 0.000000000000000000e+00 0.000000000000000000e+00 0.000000000000000000e+00 0.000000000000000000e+00 0.000000000000000000e+00 0.000000000000000000e+00 5.212447761309658573e-11
1.390882004166816728e+02 2.022975519240779366e-14 3.542404725365485626e-12 1.159607807239143353e-11 0.000000000000000000e+00 0.000000000000000000e+00 0.000000000000000000e+00 0.000000000000000000e+00 0.000000000000000000e+00 0.000000000000000000e+00 0.000000000000000000e+00 4.944974056639150311e-11
1.449776750384068578e+02 9.237610677110103402e-14 3.538428574304241630e-12 1.123133793427141401e-11 0.000000000000000000e+00 0.000000000000000000e+00 0.000000000000000000e+00 0.000000000000000000e+00 0.000000000000000000e+00 0.000000000000000000e+00 0.000000000000000000e+00 4.700851993656472053e-11
1.511165303496226784e+02 1.454185083287181538e-13 3.553464004911175238e-12 1.093163316379749595e-11 0.000000000000000000e+00 0.000000000000000000e+00 0.000000000000000000e+00 0.000000000000000000e+00 0.000000000000000000e+00 0.000000000000000000e+00 0.000000000000000000e+00 4.480744986410634840e-11
1.575153259897343503e+02 1.797302368485284917e-13 3.586794327236070720e-12 1.069680523735942657e-11 0.000000000000000000e+00 0.000000000000000000e+00 0.000000000000000000e+00 0.000000000000000000e+00 0.000000000000000000e+00 0.000000000000000000e+00 0.000000000000000000e+00 4.281399913630789444e-11
1.641850687297378215e+02 1.946178228365898007e-13 3.641101500668998438e-12 1.052615156250269887e-11 0.000000000000000000e+00 0.000000000000000000e+00 0.000000000000000000e+00 0.000000000000000000e+00 0.000000000000000000e+00 0.000000000000000000e+00 0.000000000000000000e+00 4.102248935952627889e-11
1.711372314053143953e+02 1.910677111069394505e-13 3.717028216421930001e-12 1.042179610074510318e-11 0.000000000000000000e+00 0.000000000000000000e+00 0.000000000000000000e+00 0.000000000000000000e+00 0.000000000000000000e+00 0.000000000000000000e+00 0.000000000000000000e+00 3.940978067736115445e-11
1.783837726516200348e+02 1.698132336944798979e-13 3.817903494217286279e-12 1.038546377111492675e-11 0.000000000000000000e+00 0.000000000000000000e+00 0.000000000000000000e+00 0.000000000000000000e+00 0.000000000000000000e+00 0.000000000000000000e+00 0.000000000000000000e+00 3.796992796928748462e-11
1.859371574737108119e+02 1.305469982047492462e-13 3.946040902206029837e-12 1.042059319045879592e-11 0.000000000000000000e+00 0.000000000000000000e+00 0.000000000000000000e+00 0.000000000000000000e+00 0.000000000000000000e+00 0.000000000000000000e+00 0.000000000000000000e+00 3.668518236774903164e-11
1.938103786879943584e+02 7.319121532797109608e-14 4.104077352462044631e-12 1.053207546589872065e-11 0.000000000000000000e+00 0.000000000000000000e+00 0.000000000000000000e+00 0.000000000000000000e+00 0.000000000000000000e+00 0.000000000000000000e+00 0.000000000000000000e+00 3.553642054307292224e-11
2.020169792715831818e+02 1.185113354816928883e-15 4.297145095258380726e-12 1.073015910940929849e-11 0.000000000000000000e+00 0.000000000000000000e+00 0.000000000000000000e+00 0.000000000000000000e+00 0.000000000000000000e+00 0.000000000000000000e+00 0.000000000000000000e+00 3.451567637142193669e-11
2.105710756579998986e+02 -8.422751555809552296e-14 4.529686806672833315e-12 1.102790046496043475e-11 0.000000000000000000e+00 0.000000000000000000e+00 0.000000000000000000e+00 0.000000000000000000e+00 0.000000000000000000e+00 0.000000000000000000e+00 0.000000000000000000e+00 3.360411035493858661e-11
2.194873820193008669e+02 -1.805073959917059993e-13 4.806660499114067273e-12 1.144059725350126527e-11 0.000000000000000000e+00 0.000000000000000000e+00 0.000000000000000000e+00 0.000000000000000000e+00 0.000000000000000000e+00 0.000000000000000000e+00 0.000000000000000000e+00 3.277676947659933351e-11
2.287812355763888092e+02 -2.829151101436747742e-13 5.133405561135283152e-12 1.199867688747542504e-11 0.000000000000000000e+00 0.000000000000000000e+00 0.000000000000000000e+00 0.000000000000000000e+00 0.000000000000000000e+00 0.000000000000000000e+00 0.000000000000000000e+00 3.200737873028937992e-11
2.384686229810537270e+02 -3.847316795733953497e-13 5.519413397030292101e-12 1.274619033773554092e-11 0.000000000000000000e+00 0.000000000000000000e+00 0.000000000000000000e+00 0.000000000000000000e+00 0.000000000000000000e+00 0.000000000000000000e+00 0.000000000000000000e+00 3.127830354707253566e-11
2.485662078151169396e+02 -4.766763438097005432e-13 5.971676570446432825e-12 1.375344122121811359e-11 0.000000000000000000e+00 0.000000000000000000e+00 0.000000000000000000e+00 0.000000000000000000e+00 0.000000000000000000e+00 0.000000000000000000e+00 0.000000000000000000e+00 3.055669046151115828e-11
2.590913592539878323e+02 -5.463251196689195721e-13 6.497285764851375651e-12 1.514037214144455702e-11 0.000000000000000000e+00 0.000000000000000000e+00 0.000000000000000000e+00 0.000000000000000000e+00 0.000000000000000000e+00 0.000000000000000000e+00 0.000000000000000000e+00 2.980319584150579023e-11
2.700621819439303408e+02 -5.777201502554192487e-13 7.102149390819145849e-12 1.709895586687776182e-11 0.000000000000000000e+00 0.000000000000000000e+00 0.000000000000000000e+00 0.000000000000000000e+00 0.000000000000000000e+00 0.000000000000000000e+00 0.000000000000000000e+00 2.898692537071395529e-11
2.814975471444402046e+02 -5.516608056495705303e-13 7.784579910403357141e-12 1.992967531487237386e-11 0.000000000000000000e+00 0.000000000000000000e+00 0.000000000000000000e+00 0.000000000000000000e+00 0.000000000000000000e+00 0.000000000000000000e+00 0.000000000000000000e+00 2.807674161339089200e-11
2.934171251892951773e+02 -4.482848519529338514e-13 8.524219578480569585e-12 2.403940178487355712e-11 0.000000000000000000e+00 0.000000000000000000e+00 0.000000000000000000e+00 0.000000000000000000e+00 0.000000000000000000e+00 0.000000000000000000e+00 0.000000000000000000e+00 2.704532351376654208e-11
3.058414193221180426e+02 -2.547238207773263633e-13 9.262824359596502749e-12 2.983501579670519324e-11 0.000000000000000000e+00 0.000000000000000000e+00 0.000000000000000000e+00 0.000000000000000000e+00 0.000000000000000000e+00 0.000000000000000000e+00 0.000000000000000000e+00 2.587090111132575713e-11
3.187918009646573410e+02 2.218428519686460438e-14 9.886598186442075238e-12 3.732669564782870823e-11 0.000000000000000000e+00 0.000000000000000000e+00 0.000000000000000000e+00 0.000000000000000000e+00 0.000000000000000000e+00 0.000000000000000000e+00 0.000000000000000000e+00 2.455794158676125983e-11
3.322905464784441847e+02 3.163793390759551479e-13 1.023360414810707745e-11 4.459655592249046451e-11 0.000000000000000000e+00 0.000000000000000000e+00 0.000000000000000000e+00 0.000000000000000000e+00 0.000000000000000000e+00 0.000000000000000000e+00 0.000000000000000000e+00 2.312903008456965098e-11
3.463608754830696057e+02 5.597350021241316933e-13 1.014496676972451377e-11 4.909756964003469806e-11 0.000000000000000000e+00 0.000000000000000000e+00 0.000000000000000000e+00 0.000000000000000000e+00 0.000000000000000000e+00 0.000000000000000000e+00 0.000000000000000000e+00 2.162154185487986987e-11
3.610269907969848191e+02 6.914043314512226281e-13 9.580567862532631849e-12 4.859568056575043803e-11 0.000000000000000000e+00 0.000000000000000000e+00 0.000000000000000000e+00 0.000000000000000000e+00 0.000000000000000000e+00 0.000000000000000000e+00 0.000000000000000000e+00 2.008533262191901869e-11
3.763141200695379780e+02 7.065112995895217475e-13 8.670991338470371672e-12 4.349324025763158561e-11 0.000000000000000000e+00 0.000000000000000000e+00 0.000000000000000000e+00 0.000000000000000000e+00 0.000000000000000000e+00 0.000000000000000000e+00 0.000000000000000000e+00 1.856487330047265347e-11
3.922485591758517671e+02 6.431457465405859936e-13 7.646650584446234842e-12 3.621856008368195397e-11 0.000000000000000000e+00 0.000000000000000000e+00 0.000000000000000000e+00 0.000000000000000000e+00 0.000000000000000000e+00 0.000000000000000000e+00 0.000000000000000000e+00 1.711084823487881502e-11
4.088577174491895221e+02 5.465423372799377947e-13 6.700730750036641812e-12 2.910423780489283020e-11 0.000000000000000000e+00 0.000000000000000000e+00 0.000000000000000000e+00 0.000000000000000000e+00 0.000000000000000000e+00 0.000000000000000000e+00 0.000000000000000000e+00 1.576407010951521323e-11
4.261701648286200452e+02 4.430094772080170768e-13 5.933244651854998294e-12 2.328619208224528886e-11 0.000000000000000000e+00 0.000000000000000000e+00 0.000000000000000000e+00 0.000000000000000000e+00 0.000000000000000000e+00 0.000000000000000000e+00 0.000000000000000000e+00 1.455277221071908626e-11
4.442156810030711540e+02 3.406917736276417811e-13 5.371086248866070427e-12 1.896175538149163381e-11 0.000000000000000000e+00 0.000000000000000000e+00 0.000000000000000000e+00 0.000000000000000000e+00 0.000000000000000000e+00 0.000000000000000000e+00 0.000000000000000000e+00 1.349269131402712474e-11
4.630253066363192147e+02 2.360381105164442594e-13 5.005545972169757823e-12 1.594452756515361916e-11 0.000000000000000000e+00 0.000000000000000000e+00 0.000000000000000000e+00 0.000000000000000000e+00 0.000000000000000000e+00 0.000000000000000000e+00 0.000000000000000000e+00 1.258892842700949924e-11
4.826313967610138320e+02 1.314686221004279279e-13 4.820555309046232893e-12 1.405299830674973223e-11 0.000000000000000000e+00 0.000000000000000000e+00 0.000000000000000000e+00 0.000000000000000000e+00 0.000000000000000000e+00 0.000000000000000000e+00 0.000000000000000000e+00 1.184074168358352765e-11
5.030676764335976827e+02 3.319098037210677013e-14 4.797416362967617852e-12 1.306741009154227616e-11 0.000000000000000000e+00 0.000000000000000000e+00 0.000000000000000000e+00 0.000000000000000000e+00 0.000000000000000000e+00 0.000000000000000000e+00 0.000000000000000000e+00 1.122785416005051590e-11
5.243692987458422294e+02 -4.394459842249181171e-14 4.923456893254458763e-12 1.293703592022685287e-11 0.000000000000000000e+00 0.000000000000000000e+00 0.000000000000000000e+00 0.000000000000000000e+00 0.000000000000000000e+00 0.000000000000000000e+00 0.000000000000000000e+00 1.073172943982660706e-11
5.465729052927925977e+02 -7.253772307145452767e-14 5.185407919454517993e-12 1.378498486237015009e-11 0.000000000000000000e+00 0.000000000000000000e+00 0.000000000000000000e+00 0.000000000000000000e+00 0.000000000000000000e+00 0.000000000000000000e+00 0.000000000000000000e+00 1.031807823843892652e-11
5.697166892011393884e+02 -2.388471606939932624e-14 5.568807928251973327e-12 1.588123608520650852e-11 0.000000000000000000e+00 0.000000000000000000e+00 0.000000000000000000e+00 0.000000000000000000e+00 0.000000000000000000e+00 0.000000000000000000e+00 0.000000000000000000e+00 9.948623533260462772e-12
5.938404608264202125e+02 1.069953859252140890e-13 6.042755650799087476e-12 1.942677988464535657e-11 0.000000000000000000e+00 0.000000000000000000e+00 0.000000000000000000e+00 0.000000000000000000e+00 0.000000000000000000e+00 0.000000000000000000e+00 0.000000000000000000e+00 9.580416604593492816e-12
6.189857162320780617e+02 2.710013185141309532e-13 6.522649248908205452e-12 2.387254615133363032e-11 0.000000000000000000e+00 0.000000000000000000e+00 0.000000000000000000e+00 0.000000000000000000e+00 0.000000000000000000e+00 0.000000000000000000e+00 0.000000000000000000e+00 9.175527863471716449e-12
6.451957085681489161e+02 3.736334263180593475e-13 6.825834002566447902e-12 2.708206989357970629e-11 0.000000000000000000e+00 0.000000000000000000e+00 0.000000000000000000e+00 0.000000000000000000e+00 0.000000000000000000e+00 0.000000000000000000e+00 0.000000000000000000e+00 8.715957411090647887e-12
6.725155224723790752e+02 3.482592890844706884e-13 6.731681820499941671e-12 2.633803131754609432e-11 0.000000000000000000e+00 0.000000000000000000e+00 0.000000000000000000e+00 0.000000000000000000e+00 0.000000000000000000e+00 0.000000000000000000e+00 0.000000000000000000e+00 8.206560553759726559e-12
7.009921516217362978e+02 2.222508082256127730e-13 6.220360907712511344e-12 2.175705337820047206e-11 0.000000000000000000e+00 0.000000000000000000e+00 0.000000000000000000e+00 0.000000000000000000e+00 0.000000000000000000e+00 0.000000000000000000e+00 0.000000000000000000e+00 7.674068019467801024e-12
7.306745795677196611e+02 7.883061907085768191e-14 5.541709754589197310e-12 1.631413488095860490e-11 0.000000000000000000e+00 0.000000000000000000e+00 0.000000000000000000e+00 0.000000000000000000e+00 0.000000000000000000e+00 0.000000000000000000e+00 0.000000000000000000e+00 7.156900556211051472e-12
7.616138639945219211e+02 -1.866399152034242905e-14 4.954903388166551828e-12 1.226832574853571710e-11 0.000000000000000000e+00 0.000000000000000000e+00 0.000000000000000000e+00 0.000000000000000000e+00 0.000000000000000000e+00 0.000000000000000000e+00 0.000000000000000000e+00 6.691429596424315170e-12
7.938632245449637139e+02 -5.301761686797145289e-14 4.578536234725533480e-12 1.009615065849720832e-11 0.000000000000000000e+00 0.000000000000000000e+00 0.000000000000000000e+00 0.000000000000000000e+00 0.000000000000000000e+00 0.000000000000000000e+00 0.000000000000000000e+00 6.306565748347043756e-12
8.274781343652917940e+02 -3.534321084917939387e-14 4.422078170065014042e-12 9.496698295632365139e-12 0.000000000000000000e+00 0.000000000000000000e+00 0.000000000000000000e+00 0.000000000000000000e+00 0.000000000000000000e+00 0.000000000000000000e+00 0.000000000000000000e+00 6.008130897402500892e-12
8.625164155262885970e+02 1.343891873118588483e-14 4.442757262044201247e-12 9.975659937507570530e-12 0.000000000000000000e+00 0.000000000000000000e+00 0.000000000000000000e+00 0.000000000000000000e+00 0.000000000000000000e+00 0.000000000000000000e+00 0.000000000000000000e+00 5.778217293095051723e-12
8.990383384848522610e+02 6.245187262548469940e-14 4.573718511926438267e-12 1.089070953124199929e-11 0.000000000000000000e+00 0.000000000000000000e+00 0.000000000000000000e+00 0.000000000000000000e+00 0.000000000000000000e+00 0.000000000000000000e+00 0.000000000000000000e+00 5.584673440053622305e-12
9.371067257571163509e+02 6.832130838043015061e-14 4.709642075417295756e-12 1.123233911972703064e-11 0.000000000000000000e+00 0.000000000000000000e+00 0.000000000000000000e+00 0.000000000000000000e+00 0.000000000000000000e+00 0.000000000000000000e+00 0.000000000000000000e+00 5.384177683094494282e-12
9.767870599814451680e+02 3.960111828359917194e-15 4.712998244244842028e-12 9.953030667888383382e-12 0.000000000000000000e+00 0.000000000000000000e+00 0.000000000000000000e+00 0.000000000000000000e+00 0.000000000000000000e+00 0.000000000000000000e+00 0.000000000000000000e+00 5.153484180241440812e-12
1.018147596557201382e+03 -1.035663891693529818e-13 4.523481336237080585e-12 7.383396552383878636e-12 0.000000000000000000e+00 0.000000000000000000e+00 0.000000000000000000e+00 0.000000000000000000e+00 0.000000000000000000e+00 0.000000000000000000e+00 0.000000000000000000e+00 4.906140429330339557e-12
1.061259481053010859e+03 -1.869331020380968336e-13 4.257309405078731662e-12 5.260327887526457314e-12 0.000000000000000000e+00 0.000000000000000000e+00 0.000000000000000000e+00 0.000000000000000000e+00 0.000000000000000000e+00 0.000000000000000000e+00 0.000000000000000000e+00 4.686419688006395648e-12
1.106196871586516636e+03 -1.856752213659627908e-13 4.082211906942889698e-12 4.729897509516921400e-12 0.000000000000000000e+00 0.000000000000000000e+00 0.000000000000000000e+00 0.000000000000000000e+00 0.000000000000000000e+00 0.000000000000000000e+00 0.000000000000000000e+00 4.545752715750198658e-12
1.153037066386096740e+03 -8.066509571720017920e-14 4.090278276481467986e-12 5.707290639593088424e-12 0.000000000000000000e+00 0.000000000000000000e+00 0.000000000000000000e+00 0.000000000000000000e+00 0.000000000000000000e+00 0.000000000000000000e+00 0.000000000000000000e+00 4.511520314808968783e-12
1.201860636754002144e+03 6.798709394102176912e-14 4.255011730652406488e-12 7.391108670143804417e-12 0.000000000000000000e+00 0.000000000000000000e+00 0.000000000000000000e+00 0.000000000000000000e+00 0.000000000000000000e+00 0.000000000000000000e+00 0.000000000000000000e+00 4.565985801848879949e-12
1.252751565659601965e+03 1.168397418919740878e-13 4.483985680200264477e-12 8.360743530777994905e-12 0.000000000000000000e+00 0.000000000000000000e+00 0.000000000000000000e+00 0.000000000000000000e+00 0.000000000000000000e+00 0.000000000000000000e+00 0.000000000000000000e+00 4.635642957203315676e-12
1.305797392201143793e+03 -7.398749947910169985e-15 4.625347630204645979e-12 6.806257219889016324e-12 0.000000000000000000e+00 0.000000000000000000e+00 0.000000000000000000e+00 0.000000000000000000e+00 0.000000000000000000e+00 0.000000000000000000e+00 0.000000000000000000e+00 4.642432050882193386e-12
1.361089362184538686e+03 -1.757297056942206902e-13 4.575477084740618113e-12 4.210453101136693048e-12 0.000000000000000000e+00 0.000000000000000000e+00 0.000000000000000000e+00 0.000000000000000000e+00 0.000000000000000000e+00 0.000000000000000000e+00 0.000000000000000000e+00 4.571163031088557624e-12
1.418722585078148768e+03 -1.937949675572718370e-13 4.499023712187112139e-12 3.754908522810897769e-12 0.000000000000000000e+00 0.000000000000000000e+00 0.000000000000000000e+00 0.000000000000000000e+00 0.000000000000000000e+00 0.000000000000000000e+00 0.000000000000000000e+00 4.495828033179453823e-12
1.478796197613608456e+03 -3.477683429854047789e-14 4.519679545724619388e-12 5.212186971844702285e-12 0.000000000000000000e+00 0.000000000000000000e+00 0.000000000000000000e+00 0.000000000000000000e+00 0.000000000000000000e+00 0.000000000000000000e+00 0.000000000000000000e+00 4.478198831379340649e-12
1.541413534314042636e+03 9.305047870882408207e-14 4.632903012784669181e-12 6.581417400442456562e-12 0.000000000000000000e+00 0.000000000000000000e+00 0.000000000000000000e+00 0.000000000000000000e+00 0.000000000000000000e+00 0.000000000000000000e+00 0.000000000000000000e+00 4.488343057015651163e-12
1.606682305243062729e+03 -2.940682759682757484e-14 4.704770146264608703e-12 4.911981880369204425e-12 0.000000000000000000e+00 0.000000000000000000e+00 0.000000000000000000e+00 0.000000000000000000e+00 0.000000000000000000e+00 0.000000000000000000e+00 0.000000000000000000e+00 4.433789268462467914e-12
1.674714781280253874e+03 -2.226070974609446888e-13 4.623293227845594634e-12 2.263411863457393917e-12 0.000000000000000000e+00 0.000000000000000000e+00 0.000000000000000000e+00 0.000000000000000000e+00 0.000000000000000000e+00 0.000000000000000000e+00 0.000000000000000000e+00 4.326144045331951512e-12
1.745627987241863821e+03 -1.582272784689956514e-13 4.551365887483310451e-12 3.989893763860079834e-12 0.000000000000000000e+00 0.000000000000000000e+00 0.000000000000000000e+00 0.000000000000000000e+00 0.000000000000000000e+00 0.000000000000000000e+00 0.000000000000000000e+00 4.264758075451007501e-12
1.819543903178907613e+03 1.013864605186489501e-13 4.544160505620834214e-12 8.339949110752721223e-12 0.000000000000000000e+00 0.000000000000000000e+00 0.000000000000000000e+00 0.000000000000000000e+00 0.000000000000000000e+00 0.000000000000000000e+00 0.000000000000000000e+00 4.228490286242837388e-12
1.896589674198901548e+03 1.269018342750182474e-13 4.299638295675005663e-12 8.335375214179258265e-12 0.000000000000000000e+00 0.000000000000000000e+00 0.000000000000000000e+00 0.000000000000000000e+00 0.000000000000000000e+00 0.000000000000000000e+00 0.000000000000000000e+00 4.044910318858221679e-12
1.976897829172202819e+03 -8.125376078138144281e-14 3.875208695971416817e-12 3.977523085822321778e-12 0.000000000000000000e+00 0.000000000000000000e+00 0.000000000000000000e+00 0.000000000000000000e+00 0.000000000000000000e+00 0.000000000000000000e+00 0.000000000000000000e+00 3.623571538755209983e-12
2.060606508699101141e+03 -5.144818654716640309e-14 3.395901566446925607e-12 4.361207401924451716e-12 0.000000000000000000e+00 0.000000000000000000e+00 0.000000000000000000e+00 0.000000000000000000e+00 0.000000000000000000e+00 0.000000000000000000e+00 0.000000000000000000e+00 3.232926869515347295e-12
2.147859702729852415e+03 1.184746088432421512e-13 3.001872915243023077e-12 7.095182851526844239e-12 0.000000000000000000e+00 0.000000000000000000e+00 0.000000000000000000e+00 0.000000000000000000e+00 0.000000000000000000e+00 0.000000000000000000e+00 0.000000000000000000e+00 3.046738658581498861e-12
2.238807498246347677e+03 6.132260626053877802e-14 3.304561938677291789e-12 7.699383062783889766e-12 0.000000000000000000e+00 0.000000000000000000e+00 0.000000000000000000e+00 0.000000000000000000e+00 0.000000000000000000e+00 0.000000000000000000e+00 0.000000000000000000e+00 3.093666461073344938e-12
2.333606337431473548e+03 -5.283768353006619893e-14 3.337998459945394077e-12 6.778797490893841999e-12 0.000000000000000000e+00 0.000000000000000000e+00 0.000000000000000000e+00 0.000000000000000000e+00 0.000000000000000000e+00 0.000000000000000000e+00 0.000000000000000000e+00 3.191625444128424829e-12
2.432419286770282724e+03 1.198177579031562552e-13 3.421431398846811567e-12 1.522229928874244292e-11 0.000000000000000000e+00 0.000000000000000000e+00 0.000000000000000000e+00 0.000000000000000000e+00 0.000000000000000000e+00 0.000000000000000000e+00 0.000000000000000000e+00 3.285162881636892281e-12
2.535416317545798393e+03 1.654141635507807786e-13 3.341064105943141489e-12 1.656387477166986830e-11 0.000000000000000000e+00 0.000000000000000000e+00 0.000000000000000000e+00 0.000000000000000000e+00 0.000000000000000000e+00 0.000000000000000000e+00 0.000000000000000000e+00 3.447675344402902427e-12
2.642774598212020919e+03 1.258478069590657633e-14 4.054084795182726267e-12 1.365067521231825878e-11 0.000000000000000000e+00 0.000000000000000000e+00 0.000000000000000000e+00 0.000000000000000000e+00 0.000000000000000000e+00 0.000000000000000000e+00 0.000000000000000000e+00 3.864694081914883876e-12
2.754678799146972779e+03 1.366198463560853931e-13 4.272480559254741355e-12 2.836678663783938782e-11 0.000000000000000000e+00 0.000000000000000000e+00 0.000000000000000000e+00 0.000000000000000000e+00 0.000000000000000000e+00 0.000000000000000000e+00 0.000000000000000000e+00 4.332388898713873544e-12
2.871321410310085412e+03 1.754442192426944955e-13 5.162006240005089810e-12 4.562026978003277820e-11 0.000000000000000000e+00 0.000000000000000000e+00 0.000000000000000000e+00 0.000000000000000000e+00 0.000000000000000000e+00 0.000000000000000000e+00 0.000000000000000000e+00 5.296330813822972775e-12
2.992903072350262391e+03 1.083917247060447331e-13 6.405723159701960301e-12 5.850876245179896414e-11 0.000000000000000000e+00 0.000000000000000000e+00 0.000000000000000000e+00 0.000000000000000000e+00 0.000000000000000000e+00 0.000000000000000000e+00 0.000000000000000000e+00 6.453470884247261757e-12
3.119632921734205411e+03 3.733145189244079676e-13 7.151116564270894698e-12 1.331896694012292719e-10 0.000000000000000000e+00 0.000000000000000000e+00 0.000000000000000000e+00 0.000000000000000000e+00 0.000000000000000000e+00 0.000000000000000000e+00 0.000000000000000000e+00 7.992003557988295932e-12
3.251728950488693499e+03 2.291663451021194880e-13 9.873879883537458994e-12 1.454765273887326401e-10 0.000000000000000000e+00 0.000000000000000000e+00 0.000000000000000000e+00 0.000000000000000000e+00 0.000000000000000000e+00 0.000000000000000000e+00 0.000000000000000000e+00 1.084884193693093927e-11
3.389418381175546074e+03 3.871836683598023044e-13 1.291231558600340241e-11 3.418812959352431170e-10 0.000000000000000000e+00 0.000000000000000000e+00 0.000000000000000000e+00 0.000000000000000000e+00 0.000000000000000000e+00 0.000000000000000000e+00 0.000000000000000000e+00 1.556238237268613867e-11
3.532938057744372145e+03 5.200139335528890715e-13 1.912445441942392005e-11 5.349262509739657523e-10 0.000000000000000000e+00 0.000000000000000000e+00 0.000000000000000000e+00 0.000000000000000000e+00 0.000000000000000000e+00 0.000000000000000000e+00 0.000000000000000000e+00 2.694344158070709048e-11
3.682534852935320941e+03 1.035413516367005281e-12 3.435397538102592145e-11 1.455838519693626191e-09 0.000000000000000000e+00 0.000000000000000000e+00 0.000000000000000000e+00 0.000000000000000000e+00 0.000000000000000000e+00 0.000000000000000000e+00 0.000000000000000000e+00 5.323099694778165218e-11
3.838466092932727861e+03 1.203146605515598959e-12 1.199535539680999669e-10 5.239079934131100416e-09 0.000000000000000000e+00 0.000000000000000000e+00 0.000000000000000000e+00 0.000000000000000000e+00 0.000000000000000000e+00 0.000000000000000000e+00 0.000000000000000000e+00 1.837774280482889681e-10
4.001000000000001819e+03 0.000000000000000000e+00 0.000000000000000000e+00 0.000000000000000000e+00 0.000000000000000000e+00 0.000000000000000000e+00 0.000000000000000000e+00 0.000000000000000000e+00 0.000000000000000000e+00 0.000000000000000000e+00 0.000000000000000000e+00 0.000000000000000000e+00
