1.000000000000000000e+00 1.659491490292014208e-04 4.415055817126965759e-05 0.000000000000000000e+00 0.000000000000000000e+00 0.000000000000000000e+00
1.042343452601165010e+00 1.527418444589338439e-04 4.063659868468462682e-05 0.000000000000000000e+00 0.000000000000000000e+00 0.000000000000000000e+00
1.086479873180516975e+00 1.405866265659961884e-04 3.740247280187872860e-05 0.000000000000000000e+00 0.000000000000000000e+00 0.000000000000000000e+00
1.132485182192656037e+00 1.294000861058309355e-04 3.442596080098125937e-05 0.000000000000000000e+00 0.000000000000000000e+00 0.000000000000000000e+00
1.180438514826352314e+00 1.191048304494127989e-04 3.168651058653399144e-05 0.000000000000000000e+00 0.000000000000000000e+00 0.000000000000000000e+00
1.230422357127491484e+00 1.096244725099060861e-04 2.916436982016258885e-05 0.000000000000000000e+00 0.000000000000000000e+00 0.000000000000000000e+00
1.282522687885933044e+00 1.009033223367705761e-04 2.684372940266342489e-05 0.000000000000000000e+00 0.000000000000000000e+00 0.000000000000000000e+00
1.336829126530349798e+00 9.287174103813963647e-05 2.470705691141458221e-05 0.000000000000000000e+00 0.000000000000000000e+00 0.000000000000000000e+00
1.393435087285444407e+00 8.548363378810069045e-05 2.274113532540349259e-05 0.000000000000000000e+00 0.000000000000000000e+00 0.000000000000000000e+00
1.452437939856715765e+00 7.867940578783663816e-05 2.093101479761630816e-05 0.000000000000000000e+00 0.000000000000000000e+00 0.000000000000000000e+00
1.513939176919172347e+00 7.241676897731053129e-05 1.926497319432223860e-05 0.000000000000000000e+00 0.000000000000000000e+00 0.000000000000000000e+00
1.578044588698096051e+00 6.665580604322511734e-05 1.773205998762045061e-05 0.000000000000000000e+00 0.000000000000000000e+00 0.000000000000000000e+00
1.644864444942158777e+00 6.135020529242349633e-05 1.632064378757038583e-05 0.000000000000000000e+00 0.000000000000000000e+00 0.000000000000000000e+00
1.714513684601908450e+00 5.646691040918782754e-05 1.502157108680149797e-05 0.000000000000000000e+00 0.000000000000000000e+00 0.000000000000000000e+00
1.787112113539898184e+00 5.197234812900106642e-05 1.382590102334806029e-05 0.000000000000000000e+00 0.000000000000000000e+00 0.000000000000000000e+00
1.862784610612542746e+00 4.783748821414857513e-05 1.272572873127124379e-05 0.000000000000000000e+00 0.000000000000000000e+00 0.000000000000000000e+00
1.941661342478194330e+00 4.402975617135460544e-05 1.171279817591429303e-05 0.000000000000000000e+00 0.000000000000000000e+00 0.000000000000000000e+00
2.023877987500934061e+00 4.052515769976033693e-05 1.078050143631584511e-05 0.000000000000000000e+00 0.000000000000000000e+00 0.000000000000000000e+00
2.109575969135220941e+00 3.729963000692036067e-05 9.922430729703412631e-06 0.000000000000000000e+00 0.000000000000000000e+00 0.000000000000000000e+00
2.198902699192854637e+00 3.433215410397218691e-05 9.132871440811530405e-06 0.000000000000000000e+00 0.000000000000000000e+00 0.000000000000000000e+00
2.292011831410701195e+00 3.159987316431873522e-05 8.405994575891640222e-06 0.000000000000000000e+00 0.000000000000000000e+00 0.000000000000000000e+00
2.389063525755349193e+00 2.908518436254883461e-05 7.736992278937152107e-06 0.000000000000000000e+00 0.000000000000000000e+00 0.000000000000000000e+00
2.490224723919343131e+00 2.677006720169001979e-05 7.121146984078182480e-06 0.000000000000000000e+00 0.000000000000000000e+00 0.000000000000000000e+00
2.595669436482870740e+00 2.463981763585142533e-05 6.554414559089953483e-06 0.000000000000000000e+00 0.000000000000000000e+00 0.000000000000000000e+00
2.705579042234875775e+00 2.267854490508229386e-05 6.032698404889244406e-06 0.000000000000000000e+00 0.000000000000000000e+00 0.000000000000000000e+00
2.820142600168453750e+00 2.087438765581642731e-05 5.552672352356211956e-06 0.000000000000000000e+00 0.000000000000000000e+00 0.000000000000000000e+00
2.939557174687212449e+00 1.921281963716267444e-05 5.110690923701244435e-06 0.000000000000000000e+00 0.000000000000000000e+00 0.000000000000000000e+00
3.064028174581995057e+00 1.768355411754607100e-05 4.703896984738420499e-06 0.000000000000000000e+00 0.000000000000000000e+00 0.000000000000000000e+00
3.193769706361041738e+00 1.627685694751422244e-05 4.329614417096655046e-06 0.000000000000000000e+00 0.000000000000000000e+00 0.000000000000000000e+00
3.329004942541377243e+00 1.498171063477455265e-05 3.985057378966370938e-06 0.000000000000000000e+00 0.000000000000000000e+00 0.000000000000000000e+00
3.469966505534922252e+00 1.378917877904219859e-05 3.667852476873064857e-06 0.000000000000000000e+00 0.000000000000000000e+00 0.000000000000000000e+00
3.616896867789669567e+00 1.269211367676011302e-05 3.375979674195159476e-06 0.000000000000000000e+00 0.000000000000000000e+00 0.000000000000000000e+00
3.770048768874223466e+00 1.168209448921410722e-05 3.107296767009744806e-06 0.000000000000000000e+00 0.000000000000000000e+00 0.000000000000000000e+00
3.929685650223130100e+00 1.075273687851986873e-05 2.860042431658613443e-06 0.000000000000000000e+00 0.000000000000000000e+00 0.000000000000000000e+00
4.096082108290830526e+00 9.896958117571026277e-06 2.632407732830744163e-06 0.000000000000000000e+00 0.000000000000000000e+00 0.000000000000000000e+00
4.269524366893723055e+00 9.109793883897579161e-06 2.422966956534642875e-06 0.000000000000000000e+00 0.000000000000000000e+00 0.000000000000000000e+00
4.450310769552807244e+00 8.384931950163914462e-06 2.230143443359482245e-06 0.000000000000000000e+00 0.000000000000000000e+00 0.000000000000000000e+00
4.638752292683820500e+00 7.717486861407269426e-06 2.052623623614281720e-06 0.000000000000000000e+00 0.000000000000000000e+00 0.000000000000000000e+00
4.835173080517622068e+00 7.103691855380001060e-06 1.889315643931102400e-06 0.000000000000000000e+00 0.000000000000000000e+00 0.000000000000000000e+00
5.039911002670948825e+00 6.538244646705120934e-06 1.738927260762710799e-06 0.000000000000000000e+00 0.000000000000000000e+00 0.000000000000000000e+00
5.253318235326636554e+00 6.018004484762670566e-06 1.600539791096752755e-06 0.000000000000000000e+00 0.000000000000000000e+00 0.000000000000000000e+00
5.475761867023024365e+00 5.539079192400073936e-06 1.473152117492880831e-06 0.000000000000000000e+00 0.000000000000000000e+00 0.000000000000000000e+00
5.707624530094580706e+00 5.098707681183874977e-06 1.355971157139941807e-06 0.000000000000000000e+00 0.000000000000000000e+00 0.000000000000000000e+00
5.949305058849887473e+00 4.693105290199195397e-06 1.248073753508819190e-06 0.000000000000000000e+00 0.000000000000000000e+00 0.000000000000000000e+00
6.201219175619169022e+00 4.319543466745216006e-06 1.148727502899668562e-06 0.000000000000000000e+00 0.000000000000000000e+00 0.000000000000000000e+00
6.463800205851433667e+00 3.976062451335164360e-06 1.057340515889314641e-06 0.000000000000000000e+00 0.000000000000000000e+00 0.000000000000000000e+00
6.737499823491305051e+00 3.659608958589373324e-06 9.731811233070364008e-07 0.000000000000000000e+00 0.000000000000000000e+00 0.000000000000000000e+00
7.022788827917666232e+00 3.368403957844704951e-06 8.957302388278296028e-07 0.000000000000000000e+00 0.000000000000000000e+00 0.000000000000000000e+00
7.320157953780587867e+00 3.100557400896800431e-06 8.244697283001725843e-07 0.000000000000000000e+00 0.000000000000000000e+00 0.000000000000000000e+00
7.630118715129537321e+00 2.853863921159075112e-06 7.588567369827509441e-07 0.000000000000000000e+00 0.000000000000000000e+00 0.000000000000000000e+00
7.953204285284886765e+00 2.626845535360630309e-06 6.984713106577614973e-07 0.000000000000000000e+00 0.000000000000000000e+00 0.000000000000000000e+00
8.289970413966230467e+00 2.418015135111148434e-06 6.429100202362852909e-07 0.000000000000000000e+00 0.000000000000000000e+00 0.000000000000000000e+00
8.640996383255068025e+00 2.225608121174318582e-06 5.917421549815317292e-07 0.000000000000000000e+00 0.000000000000000000e+00 0.000000000000000000e+00
9.006886004036267934e+00 2.048599806574060591e-06 5.446587370543621303e-07 0.000000000000000000e+00 0.000000000000000000e+00 0.000000000000000000e+00
9.388268654632273780e+00 1.885615154136969162e-06 5.013145407653388281e-07 0.000000000000000000e+00 0.000000000000000000e+00 0.000000000000000000e+00
9.785800363416699454e+00 1.735722335678076748e-06 4.614367903901837523e-07 0.000000000000000000e+00 0.000000000000000000e+00 0.000000000000000000e+00
1.020016493726949491e+01 1.597700485219639169e-06 4.247239026243537828e-07 0.000000000000000000e+00 0.000000000000000000e+00 0.000000000000000000e+00
1.063207513781483016e+01 1.470568735690637349e-06 3.909194892448607692e-07 0.000000000000000000e+00 0.000000000000000000e+00 0.000000000000000000e+00
1.108227390746491814e+01 1.353561064604434294e-06 3.598062845265038320e-07 0.000000000000000000e+00 0.000000000000000000e+00 0.000000000000000000e+00
1.155153564737878646e+01 1.245983429962311314e-06 3.311863837748825731e-07 0.000000000000000000e+00 0.000000000000000000e+00 0.000000000000000000e+00
1.204066754953423946e+01 1.146958434653493097e-06 3.048427717515972308e-07 0.000000000000000000e+00 0.000000000000000000e+00 0.000000000000000000e+00
1.255051098520432262e+01 1.055686723316996915e-06 2.805775766041152635e-07 0.000000000000000000e+00 0.000000000000000000e+00 0.000000000000000000e+00
1.308194295222672210e+01 9.717502930255089865e-07 2.582539026852118483e-07 0.000000000000000000e+00 0.000000000000000000e+00 0.000000000000000000e+00
1.363587758355547841e+01 8.945375362188827075e-07 2.377126878636731828e-07 0.000000000000000000e+00 0.000000000000000000e+00 0.000000000000000000e+00
1.421326771969004987e+01 8.233273323528288854e-07 2.187867439782516185e-07 0.000000000000000000e+00 0.000000000000000000e+00 0.000000000000000000e+00
1.481510654768641366e+01 7.579222402169038289e-07 2.013854779911693241e-07 0.000000000000000000e+00 0.000000000000000000e+00 0.000000000000000000e+00
1.544242930956958304e+01 6.976427156519640594e-07 1.853588829403108966e-07 0.000000000000000000e+00 0.000000000000000000e+00 0.000000000000000000e+00
1.609631508308618564e+01 6.422490295665453407e-07 1.706188093122294165e-07 0.000000000000000000e+00 0.000000000000000000e+00 0.000000000000000000e+00
1.677788863786025431e+01 5.911405161729525378e-07 1.570359902691301549e-07 0.000000000000000000e+00 0.000000000000000000e+00 0.000000000000000000e+00
1.748832237014511648e+01 5.441603122433240218e-07 1.445418654117075752e-07 0.000000000000000000e+00 0.000000000000000000e+00 0.000000000000000000e+00
1.822883831949924982e+01 5.009528901962546194e-07 1.330466667019482666e-07 0.000000000000000000e+00 0.000000000000000000e+00 0.000000000000000000e+00
1.900071027085526509e+01 4.611016751430786953e-07 1.224557481034219359e-07 0.000000000000000000e+00 0.000000000000000000e+00 0.000000000000000000e+00
1.980526594559769649e+01 4.244937283803717737e-07 1.127160439965044827e-07 0.000000000000000000e+00 0.000000000000000000e+00 0.000000000000000000e+00
2.064388928541858093e+01 3.907601452534096357e-07 1.037467516418166694e-07 0.000000000000000000e+00 0.000000000000000000e+00 0.000000000000000000e+00
2.151802283287939943e+01 3.596937711413109643e-07 9.548919536801504498e-08 0.000000000000000000e+00 0.000000000000000000e+00 0.000000000000000000e+00
2.242917021277420631e+01 3.311112476150619388e-07 8.789043611934873713e-08 0.000000000000000000e+00 0.000000000000000000e+00 0.000000000000000000e+00
2.337889871856227231e+01 3.048224764042343320e-07 8.089823368567275954e-08 0.000000000000000000e+00 0.000000000000000000e+00 0.000000000000000000e+00
2.436884200831915237e+01 2.806204387341053846e-07 7.446194175380723686e-08 0.000000000000000000e+00 0.000000000000000000e+00 0.000000000000000000e+00
2.540070291484369136e+01 2.583084889225408086e-07 6.853336797816290215e-08 0.000000000000000000e+00 0.000000000000000000e+00 0.000000000000000000e+00
2.647625637475465155e+01 2.378078997854075270e-07 6.308073064250160297e-08 0.000000000000000000e+00 0.000000000000000000e+00 0.000000000000000000e+00
2.759735248161536703e+01 2.189013911476825483e-07 5.805759674912428951e-08 0.000000000000000000e+00 0.000000000000000000e+00 0.000000000000000000e+00
2.876591966833829161e+01 2.015440363451198615e-07 5.343957798125554326e-08 0.000000000000000000e+00 0.000000000000000000e+00 0.000000000000000000e+00
2.998396802434348274e+01 1.855332237405207108e-07 4.918467243775398048e-08 0.000000000000000000e+00 0.000000000000000000e+00 0.000000000000000000e+00
3.125359275317711649e+01 1.708309722756467628e-07 4.527212501407391578e-08 0.000000000000000000e+00 0.000000000000000000e+00 0.000000000000000000e+00
3.257697777653739024e+01 1.572520360546388222e-07 4.166601307617972610e-08 0.000000000000000000e+00 0.000000000000000000e+00 0.000000000000000000e+00
3.395639949090740828e+01 1.447694886582346643e-07 3.834840831487000399e-08 0.000000000000000000e+00 0.000000000000000000e+00 0.000000000000000000e+00
3.539423068325686472e+01 1.332879082052747084e-07 3.529543373826912757e-08 0.000000000000000000e+00 0.000000000000000000e+00 0.000000000000000000e+00
3.689294461254805668e+01 1.227051690196528222e-07 3.248375952209097926e-08 0.000000000000000000e+00 0.000000000000000000e+00 0.000000000000000000e+00
3.845511926406689440e+01 1.129732755907491731e-07 2.989682773318741854e-08 0.000000000000000000e+00 0.000000000000000000e+00 0.000000000000000000e+00
4.008344178389703671e+01 1.040167698797011354e-07 2.751563777530712020e-08 0.000000000000000000e+00 0.000000000000000000e+00 0.000000000000000000e+00
4.178071310116503412e+01 9.577591635689930084e-08 2.532421375948465817e-08 0.000000000000000000e+00 0.000000000000000000e+00 0.000000000000000000e+00
4.354985274600709744e+01 8.818187491125341827e-08 2.330618948206746505e-08 0.000000000000000000e+00 0.000000000000000000e+00 0.000000000000000000e+00
4.539390387154536199e+01 8.119167941756449581e-08 2.144870167682621905e-08 0.000000000000000000e+00 0.000000000000000000e+00 0.000000000000000000e+00
4.731603848851198535e+01 7.474871469147632389e-08 1.973815264928342764e-08 0.000000000000000000e+00 0.000000000000000000e+00 0.000000000000000000e+00
4.931956292152518984e+01 6.882027401859211328e-08 1.816381450081870878e-08 0.000000000000000000e+00 0.000000000000000000e+00 0.000000000000000000e+00
5.140792349640297232e+01 6.337577699028912087e-08 1.671579252815339386e-08 0.000000000000000000e+00 0.000000000000000000e+00 0.000000000000000000e+00
5.358471246829720513e+01 5.836152444633856264e-08 1.538262873322499170e-08 0.000000000000000000e+00 0.000000000000000000e+00 0.000000000000000000e+00
5.585367420084560308e+01 5.373165359413647042e-08 1.415437475824729517e-08 0.000000000000000000e+00 0.000000000000000000e+00 0.000000000000000000e+00
5.821871160697001812e+01 4.948201605690326092e-08 1.302480654746014147e-08 0.000000000000000000e+00 0.000000000000000000e+00 0.000000000000000000e+00
6.068389286240065417e+01 4.555605819323503550e-08 1.198379505741504718e-08 0.000000000000000000e+00 0.000000000000000000e+00 0.000000000000000000e+00
6.325345840347389270e+01 4.194667396527064362e-08 1.102604461343971122e-08 0.000000000000000000e+00 0.000000000000000000e+00 0.000000000000000000e+00
6.593182822124114750e+01 3.863103642515395559e-08 1.014506741810165243e-08 0.000000000000000000e+00 0.000000000000000000e+00 0.000000000000000000e+00
6.872360946443542673e+01 3.557468460251821701e-08 9.333779441810651614e-09 0.000000000000000000e+00 0.000000000000000000e+00 0.000000000000000000e+00
7.163360436437373835e+01 3.276119091541354554e-08 8.587062263388011079e-09 0.000000000000000000e+00 0.000000000000000000e+00 0.000000000000000000e+00
7.466681849542716520e+01 3.016243300709527546e-08 7.899102007557369781e-09 0.000000000000000000e+00 0.000000000000000000e+00 0.000000000000000000e+00
7.782846938526807890e+01 2.777461935562726916e-08 7.266259193586598475e-09 0.000000000000000000e+00 0.000000000000000000e+00 0.000000000000000000e+00
8.112399548970439866e+01 2.557631273639282909e-08 6.683826119064303373e-09 0.000000000000000000e+00 0.000000000000000000e+00 0.000000000000000000e+00
8.455906554753981652e+01 2.354957940573250462e-08 6.147530293101778422e-09 0.000000000000000000e+00 0.000000000000000000e+00 0.000000000000000000e+00
8.813958833155088257e+01 2.168207934752204135e-08 5.653889735385726275e-09 0.000000000000000000e+00 0.000000000000000000e+00 0.000000000000000000e+00
9.187172281235410765e+01 1.996249474978519615e-08 5.199539984950744137e-09 0.000000000000000000e+00 0.000000000000000000e+00 0.000000000000000000e+00
9.576188875264639933e+01 1.837989110630847293e-08 4.781524932103716016e-09 0.000000000000000000e+00 0.000000000000000000e+00 0.000000000000000000e+00
9.981677775004206410e+01 1.692362714704420505e-08 4.396987199357116540e-09 0.000000000000000000e+00 0.000000000000000000e+00 0.000000000000000000e+00
1.040433647475019967e+02 1.557777994610356648e-08 4.042792294842138621e-09 0.000000000000000000e+00 0.000000000000000000e+00 0.000000000000000000e+00
1.084489200311536194e+02 1.433970163070961844e-08 3.717004633038252623e-09 0.000000000000000000e+00 0.000000000000000000e+00 0.000000000000000000e+00
1.130410217361402516e+02 1.319867926653579119e-08 3.417239894539097989e-09 0.000000000000000000e+00 0.000000000000000000e+00 0.000000000000000000e+00
1.178275688820117182e+02 1.214985345800021299e-08 3.141668987900397868e-09 0.000000000000000000e+00 0.000000000000000000e+00 0.000000000000000000e+00
1.228167949600777575e+02 1.118301928448555046e-08 2.888139992312472400e-09 0.000000000000000000e+00 0.000000000000000000e+00 0.000000000000000000e+00
1.280172820960967499e+02 1.029398212119834316e-08 2.655072461841868814e-09 0.000000000000000000e+00 0.000000000000000000e+00 0.000000000000000000e+00
1.334379758126628701e+02 9.475746522059371896e-09 2.440815989911551209e-09 0.000000000000000000e+00 0.000000000000000000e+00 0.000000000000000000e+00
1.390882004166816728e+02 8.723326231931492231e-09 2.243945453730871272e-09 0.000000000000000000e+00 0.000000000000000000e+00 0.000000000000000000e+00
1.449776750384068578e+02 8.032413805953543070e-09 2.063087511362385938e-09 0.000000000000000000e+00 0.000000000000000000e+00 0.000000000000000000e+00
1.511165303496226784e+02 7.398316774339997504e-09 1.897064617433316014e-09 0.000000000000000000e+00 0.000000000000000000e+00 0.000000000000000000e+00
1.575153259897343503e+02 6.817015446585196492e-09 1.744718474713670685e-09 0.000000000000000000e+00 0.000000000000000000e+00 0.000000000000000000e+00
1.641850687297378215e+02 6.284415142275048150e-09 1.604972816025464407e-09 0.000000000000000000e+00 0.000000000000000000e+00 0.000000000000000000e+00
1.711372314053143953e+02 5.798681478792751459e-09 1.477028319862218157e-09 0.000000000000000000e+00 0.000000000000000000e+00 0.000000000000000000e+00
1.783837726516200348e+02 5.355201753440248732e-09 1.359889382527221309e-09 0.000000000000000000e+00 0.000000000000000000e+00 0.000000000000000000e+00
1.859371574737108119e+02 4.951193987570460455e-09 1.252779869909635822e-09 0.000000000000000000e+00 0.000000000000000000e+00 0.000000000000000000e+00
1.938103786879943584e+02 4.584710304197860208e-09 1.155050097255777537e-09 0.000000000000000000e+00 0.000000000000000000e+00 0.000000000000000000e+00
2.020169792715831818e+02 4.253290948587304755e-09 1.066042216897635679e-09 0.000000000000000000e+00 0.000000000000000000e+00 0.000000000000000000e+00
2.105710756579998986e+02 3.954037961108746004e-09 9.851303660445324116e-10 0.000000000000000000e+00 0.000000000000000000e+00 0.000000000000000000e+00
2.194873820193008669e+02 3.686868249642875905e-09 9.119813959735067932e-10 0.000000000000000000e+00 0.000000000000000000e+00 0.000000000000000000e+00
2.287812355763888092e+02 3.447603259828056459e-09 8.458788336772483065e-10 0.000000000000000000e+00 0.000000000000000000e+00 0.000000000000000000e+00
2.384686229810537270e+02 3.233412227621654436e-09 7.863004982281706680e-10 0.000000000000000000e+00 0.000000000000000000e+00 0.000000000000000000e+00
2.485662078151169396e+02 3.045472148703199685e-09 7.331882411827698887e-10 0.000000000000000000e+00 0.000000000000000000e+00 0.000000000000000000e+00
2.590913592539878323e+02 2.876033267613013521e-09 6.855833770606559688e-10 0.000000000000000000e+00 0.000000000000000000e+00 0.000000000000000000e+00
2.700621819439303408e+02 2.723736526451884858e-09 6.433160611559185587e-10 0.000000000000000000e+00 0.000000000000000000e+00 0.000000000000000000e+00
2.814975471444402046e+02 2.583403850706345220e-09 6.057445178182318207e-10 0.000000000000000000e+00 0.000000000000000000e+00 0.000000000000000000e+00
2.934171251892951773e+02 2.452637632712681237e-09 5.726763447047048806e-10 0.000000000000000000e+00 0.000000000000000000e+00 0.000000000000000000e+00
3.058414193221180426e+02 2.325630434196726909e-09 5.435205100107960491e-10 0.000000000000000000e+00 0.000000000000000000e+00 0.000000000000000000e+00
3.187918009646573410e+02 2.201498172573029888e-09 5.178441834136352678e-10 0.000000000000000000e+00 0.000000000000000000e+00 0.000000000000000000e+00
3.322905464784441847e+02 2.077831484298643017e-09 4.950862847098334041e-10 0.000000000000000000e+00 0.000000000000000000e+00 0.000000000000000000e+00
3.463608754830696057e+02 1.953837041568601615e-09 4.746259598515409720e-10 0.000000000000000000e+00 0.000000000000000000e+00 0.000000000000000000e+00
3.610269907969848191e+02 1.831064686561612738e-09 4.551090846349245097e-10 0.000000000000000000e+00 0.000000000000000000e+00 0.000000000000000000e+00
3.763141200695379780e+02 1.712960832607721440e-09 4.364494968944300303e-10 0.000000000000000000e+00 0.000000000000000000e+00 0.000000000000000000e+00
3.922485591758517671e+02 1.600586910796693050e-09 4.174577225480528467e-10 0.000000000000000000e+00 0.000000000000000000e+00 0.000000000000000000e+00
4.088577174491895221e+02 1.497703788317948528e-09 3.980266404970082593e-10 0.000000000000000000e+00 0.000000000000000000e+00 0.000000000000000000e+00
4.261701648286200452e+02 1.404575256913837423e-09 3.778672077929808880e-10 0.000000000000000000e+00 0.000000000000000000e+00 0.000000000000000000e+00
4.442156810030711540e+02 1.320950015814375896e-09 3.572656769167117559e-10 0.000000000000000000e+00 0.000000000000000000e+00 0.000000000000000000e+00
4.630253066363192147e+02 1.244075624352070833e-09 3.370020322613431226e-10 0.000000000000000000e+00 0.000000000000000000e+00 0.000000000000000000e+00
4.826313967610138320e+02 1.172081864534086265e-09 3.180059426230565475e-10 0.000000000000000000e+00 0.000000000000000000e+00 0.000000000000000000e+00
5.030676764335976827e+02 1.102917264879384731e-09 3.005479720849061132e-10 0.000000000000000000e+00 0.000000000000000000e+00 0.000000000000000000e+00
5.243692987458422294e+02 1.036129844389081675e-09 2.855808069827715515e-10 0.000000000000000000e+00 0.000000000000000000e+00 0.000000000000000000e+00
5.465729052927925977e+02 9.728658005901099014e-10 2.737752521777943393e-10 0.000000000000000000e+00 0.000000000000000000e+00 0.000000000000000000e+00
5.697166892011393884e+02 9.156967497074461212e-10 2.657343573095909794e-10 0.000000000000000000e+00 0.000000000000000000e+00 0.000000000000000000e+00
5.938404608264202125e+02 8.673551917491145247e-10 2.617356411887186491e-10 0.000000000000000000e+00 0.000000000000000000e+00 0.000000000000000000e+00
6.189857162320780617e+02 8.299810469411427419e-10 2.615133254659123593e-10 0.000000000000000000e+00 0.000000000000000000e+00 0.000000000000000000e+00
6.451957085681489161e+02 8.062938075944980107e-10 2.646062155984034680e-10 0.000000000000000000e+00 0.000000000000000000e+00 0.000000000000000000e+00
6.725155224723790752e+02 7.984988896925843234e-10 2.691635637702108221e-10 0.000000000000000000e+00 0.000000000000000000e+00 0.000000000000000000e+00
7.009921516217362978e+02 8.065785682545580824e-10 2.727024995932566502e-10 0.000000000000000000e+00 0.000000000000000000e+00 0.000000000000000000e+00
7.306745795677196611e+02 8.255035407307870269e-10 2.725662077562208816e-10 0.000000000000000000e+00 0.000000000000000000e+00 0.000000000000000000e+00
7.616138639945219211e+02 8.410546340440792459e-10 2.680987711156787061e-10 0.000000000000000000e+00 0.000000000000000000e+00 0.000000000000000000e+00
7.938632245449637139e+02 8.326255385903515081e-10 2.610486597229093531e-10 0.000000000000000000e+00 0.000000000000000000e+00 0.000000000000000000e+00
8.274781343652917940e+02 7.980699345771816002e-10 2.550270105777962204e-10 0.000000000000000000e+00 0.000000000000000000e+00 0.000000000000000000e+00
8.625164155262885970e+02 7.607945769887465337e-10 2.531640722022717220e-10 0.000000000000000000e+00 0.000000000000000000e+00 0.000000000000000000e+00
8.990383384848522610e+02 7.389915379323837701e-10 2.573094313151531273e-10 0.000000000000000000e+00 0.000000000000000000e+00 0.000000000000000000e+00
9.371067257571163509e+02 7.306631483267638667e-10 2.682792330675788399e-10 0.000000000000000000e+00 0.000000000000000000e+00 0.000000000000000000e+00
9.767870599814451680e+02 7.294539722421753134e-10 2.850910111651247826e-10 0.000000000000000000e+00 0.000000000000000000e+00 0.000000000000000000e+00
1.018147596557201382e+03 7.399554228581004722e-10 3.027083448973534536e-10 0.000000000000000000e+00 0.000000000000000000e+00 0.000000000000000000e+00
1.061259481053010859e+03 7.706882182838268602e-10 3.141885735418213955e-10 0.000000000000000000e+00 0.000000000000000000e+00 0.000000000000000000e+00
1.106196871586516636e+03 8.041378587707219871e-10 3.175348496017599778e-10 0.000000000000000000e+00 0.000000000000000000e+00 0.000000000000000000e+00
1.153037066386096740e+03 8.102985858929539695e-10 3.181316020392377243e-10 0.000000000000000000e+00 0.000000000000000000e+00 0.000000000000000000e+00
1.201860636754002144e+03 7.988809895549872748e-10 3.225591906874918628e-10 0.000000000000000000e+00 0.000000000000000000e+00 0.000000000000000000e+00
1.252751565659601965e+03 8.031690905568357662e-10 3.339555572129484369e-10 0.000000000000000000e+00 0.000000000000000000e+00 0.000000000000000000e+00
1.305797392201143793e+03 8.451246568402903633e-10 3.512540169708835923e-10 0.000000000000000000e+00 0.000000000000000000e+00 0.000000000000000000e+00
1.361089362184538686e+03 9.345347896363762775e-10 3.691832440454420429e-10 0.000000000000000000e+00 0.000000000000000000e+00 0.000000000000000000e+00
1.418722585078148768e+03 1.036405259683557218e-09 3.831303462026980036e-10 0.000000000000000000e+00 0.000000000000000000e+00 0.000000000000000000e+00
1.478796197613608456e+03 1.076811195730020572e-09 3.948572412076612864e-10 0.000000000000000000e+00 0.000000000000000000e+00 0.000000000000000000e+00
1.541413534314042636e+03 1.074398537664381964e-09 4.093766058606804038e-10 0.000000000000000000e+00 0.000000000000000000e+00 0.000000000000000000e+00
1.606682305243062729e+03 1.097859327559904341e-09 4.297150367003757835e-10 0.000000000000000000e+00 0.000000000000000000e+00 0.000000000000000000e+00
1.674714781280253874e+03 1.171344177351134433e-09 4.546567778976533029e-10 0.000000000000000000e+00 0.000000000000000000e+00 0.000000000000000000e+00
1.745627987241863821e+03 1.272828607448753771e-09 4.796321464486928661e-10 0.000000000000000000e+00 0.000000000000000000e+00 0.000000000000000000e+00
1.819543903178907613e+03 1.329184465853915805e-09 5.030399006204034724e-10 0.000000000000000000e+00 0.000000000000000000e+00 0.000000000000000000e+00
1.896589674198901548e+03 1.343604381632644904e-09 5.291432322735003411e-10 0.000000000000000000e+00 0.000000000000000000e+00 0.000000000000000000e+00
1.976897829172202819e+03 1.366940436987183766e-09 5.606722796354748541e-10 0.000000000000000000e+00 0.000000000000000000e+00 0.000000000000000000e+00
2.060606508699101141e+03 1.415243684089643835e-09 5.992665601393771612e-10 0.000000000000000000e+00 0.000000000000000000e+00 0.000000000000000000e+00
2.147859702729852415e+03 1.485378332775729965e-09 6.475028428011205062e-10 0.000000000000000000e+00 0.000000000000000000e+00 0.000000000000000000e+00
2.238807498246347677e+03 1.587521202842170131e-09 7.138383772703188766e-10 0.000000000000000000e+00 0.000000000000000000e+00 0.000000000000000000e+00
2.333606337431473548e+03 1.734554516806021196e-09 8.175882777114605504e-10 0.000000000000000000e+00 0.000000000000000000e+00 0.000000000000000000e+00
2.432419286770282724e+03 1.925474134386255855e-09 9.655088719359610508e-10 0.000000000000000000e+00 0.000000000000000000e+00 0.000000000000000000e+00
2.535416317545798393e+03 2.186563779405312799e-09 1.181484223791762757e-09 0.000000000000000000e+00 0.000000000000000000e+00 0.000000000000000000e+00
2.642774598212020919e+03 2.595306269183414263e-09 1.580402425292785944e-09 0.000000000000000000e+00 0.000000000000000000e+00 0.000000000000000000e+00
2.754678799146972779e+03 3.257380873606297494e-09 2.210071312130644216e-09 0.000000000000000000e+00 0.000000000000000000e+00 0.000000000000000000e+00
2.871321410310085412e+03 4.127992020522669200e-09 3.253868539766822504e-09 0.000000000000000000e+00 0.000000000000000000e+00 0.000000000000000000e+00
2.992903072350262391e+03 5.621465465261248027e-09 5.696028027833209834e-09 0.000000000000000000e+00 0.000000000000000000e+00 0.000000000000000000e+00
3.119632921734205411e+03 8.400774964366723163e-09 9.853332028117330388e-09 0.000000000000000000e+00 0.000000000000000000e+00 0.000000000000000000e+00
3.251728950488693499e+03 1.272692423960525163e-08 1.919559092598640065e-08 0.000000000000000000e+00 0.000000000000000000e+00 0.000000000000000000e+00
3.389418381175546074e+03 2.554074722743116764e-08 4.400665213593927860e-08 0.000000000000000000e+00 0.000000000000000000e+00 0.000000000000000000e+00
3.532938057744372145e+03 5.243762975276375903e-08 1.036002175965403116e-07 0.000000000000000000e+00 0.000000000000000000e+00 0.000000000000000000e+00
3.682534852935320941e+03 2.000122126484450199e-07 4.590246523887201260e-07 0.000000000000000000e+00 0.000000000000000000e+00 0.000000000000000000e+00
3.838466092932727861e+03 2.896810110164949911e-06 2.141474333283938698e-06 0.000000000000000000e+00 0.000000000000000000e+00 0.000000000000000000e+00
4.001000000000001819e+03 0.000000000000000000e+00 0.000000000000000000e+00 0.000000000000000000e+00 0.000000000000000000e+00 0.000000000000000000e+00
