1.000000000000000000e+00 -7.421362030717708065e-09 1.164558741581417761e-08 0.000000000000000000e+00 0.000000000000000000e+00 2.828863599707343086e-08 0.000000000000000000e+00 0.000000000000000000e+00 0.000000000000000000e+00 0.000000000000000000e+00 2.447910711677557529e-07 7.714540988474209466e-08
1.042343452601165010e+00 -6.832287244966564759e-09 1.074526349768861009e-08 0.000000000000000000e+00 0.000000000000000000e+00 2.605521953284129994e-08 0.000000000000000000e+00 0.000000000000000000e+00 0.000000000000000000e+00 0.000000000000000000e+00 2.253073073682437579e-07 7.101713747613631817e-08
1.086479873180516975e+00 -6.288907434919055206e-09 9.898171469398035115e-09 0.000000000000000000e+00 0.000000000000000000e+00 2.398708060842894153e-08 0.000000000000000000e+00 0.000000000000000000e+00 0.000000000000000000e+00 0.000000000000000000e+00 2.073747502005574789e-07 6.536855587606565829e-08
1.132485182192656037e+00 -5.788638189244774569e-09 9.116535139572464976e-09 0.000000000000000000e+00 0.000000000000000000e+00 2.208224859567775165e-08 0.000000000000000000e+00 0.000000000000000000e+00 0.000000000000000000e+00 0.000000000000000000e+00 1.908700769626016186e-07 6.016878827311251206e-08
1.180438514826352314e+00 -5.328066482254205124e-09 8.395306222187248914e-09 0.000000000000000000e+00 0.000000000000000000e+00 2.032781241600744192e-08 0.000000000000000000e+00 0.000000000000000000e+00 0.000000000000000000e+00 0.000000000000000000e+00 1.756795048291644658e-07 5.538212357436405045e-08
1.230422357127491484e+00 -4.903919088102593711e-09 7.727185855340469104e-09 0.000000000000000000e+00 0.000000000000000000e+00 1.870990476014656998e-08 0.000000000000000000e+00 0.000000000000000000e+00 0.000000000000000000e+00 0.000000000000000000e+00 1.616960197770571834e-07 5.097420852325797526e-08
1.282522687885933044e+00 -4.513659518873775641e-09 7.114802902646151165e-09 0.000000000000000000e+00 0.000000000000000000e+00 1.722266750141486232e-08 0.000000000000000000e+00 0.000000000000000000e+00 0.000000000000000000e+00 0.000000000000000000e+00 1.488276134349198797e-07 4.691855753173451390e-08
1.336829126530349798e+00 -4.154338464555710161e-09 6.548603603980622050e-09 0.000000000000000000e+00 0.000000000000000000e+00 1.585187336708847324e-08 0.000000000000000000e+00 0.000000000000000000e+00 0.000000000000000000e+00 0.000000000000000000e+00 1.369814425599655036e-07 4.318423393476833167e-08
1.393435087285444407e+00 -3.823676279559176165e-09 6.028828753429188660e-09 0.000000000000000000e+00 0.000000000000000000e+00 1.459125509236891145e-08 0.000000000000000000e+00 0.000000000000000000e+00 0.000000000000000000e+00 0.000000000000000000e+00 1.260798679408834256e-07 3.974798137789419734e-08
1.452437939856715765e+00 -3.519279580800215415e-09 5.549064519243607994e-09 0.000000000000000000e+00 0.000000000000000000e+00 1.342988058722083888e-08 0.000000000000000000e+00 0.000000000000000000e+00 0.000000000000000000e+00 0.000000000000000000e+00 1.160444971512206395e-07 3.658436009414906950e-08
1.513939176919172347e+00 -3.239114111048618829e-09 5.107482047436121905e-09 0.000000000000000000e+00 0.000000000000000000e+00 1.236093079285416214e-08 0.000000000000000000e+00 0.000000000000000000e+00 0.000000000000000000e+00 0.000000000000000000e+00 1.068077440883740017e-07 3.367249874276869579e-08
1.578044588698096051e+00 -2.981266754740740610e-09 4.701608289957734269e-09 0.000000000000000000e+00 0.000000000000000000e+00 1.137756526039521905e-08 0.000000000000000000e+00 0.000000000000000000e+00 0.000000000000000000e+00 0.000000000000000000e+00 9.830748558466025058e-08 3.099284584684459348e-08
1.644864444942158777e+00 -2.743929535973569817e-09 4.327472527468272337e-09 0.000000000000000000e+00 0.000000000000000000e+00 1.047195672874993489e-08 0.000000000000000000e+00 0.000000000000000000e+00 0.000000000000000000e+00 0.000000000000000000e+00 9.048265752674687054e-08 2.852601675334295914e-08
1.714513684601908450e+00 -2.525485310806195585e-09 3.983110557826080349e-09 0.000000000000000000e+00 0.000000000000000000e+00 9.638423500074612699e-09 0.000000000000000000e+00 0.000000000000000000e+00 0.000000000000000000e+00 0.000000000000000000e+00 8.328053449705206917e-08 2.625550322613654239e-08
1.787112113539898184e+00 -2.324431932954460144e-09 3.666321373979474021e-09 0.000000000000000000e+00 0.000000000000000000e+00 8.871435826377443527e-09 0.000000000000000000e+00 0.000000000000000000e+00 0.000000000000000000e+00 0.000000000000000000e+00 7.665256034836600019e-08 2.416591891112181897e-08
1.862784610612542746e+00 -2.139382234348789488e-09 3.374573195333859324e-09 0.000000000000000000e+00 0.000000000000000000e+00 8.165291097867656569e-09 0.000000000000000000e+00 0.000000000000000000e+00 0.000000000000000000e+00 0.000000000000000000e+00 7.055134763713120385e-08 2.224243176830738902e-08
1.941661342478194330e+00 -1.969063236665593365e-09 3.106040334313809533e-09 0.000000000000000000e+00 0.000000000000000000e+00 7.515349443713382197e-09 0.000000000000000000e+00 0.000000000000000000e+00 0.000000000000000000e+00 0.000000000000000000e+00 6.493568458597342090e-08 2.047202415534961181e-08
2.023877987500934061e+00 -1.812434878990997169e-09 2.861099684373039817e-09 0.000000000000000000e+00 0.000000000000000000e+00 6.918607163934934695e-09 0.000000000000000000e+00 0.000000000000000000e+00 0.000000000000000000e+00 0.000000000000000000e+00 5.976703015841874379e-08 1.884352439669321030e-08
2.109575969135220941e+00 -1.668198925241773061e-09 2.634697304011288281e-09 0.000000000000000000e+00 0.000000000000000000e+00 6.368770812961473074e-09 0.000000000000000000e+00 0.000000000000000000e+00 0.000000000000000000e+00 0.000000000000000000e+00 5.500983199165069727e-08 1.734433614810117724e-08
2.198902699192854637e+00 -1.535421070595433006e-09 2.426084972472589235e-09 0.000000000000000000e+00 0.000000000000000000e+00 5.862607895595770337e-09 0.000000000000000000e+00 0.000000000000000000e+00 0.000000000000000000e+00 0.000000000000000000e+00 5.063182057463133551e-08 1.596449878087911471e-08
2.292011831410701195e+00 -1.413195857740279055e-09 2.233828380976799128e-09 0.000000000000000000e+00 0.000000000000000000e+00 5.396519482368175548e-09 0.000000000000000000e+00 0.000000000000000000e+00 0.000000000000000000e+00 0.000000000000000000e+00 4.660192667513775406e-08 1.469431275364165804e-08
2.389063525755349193e+00 -1.300686203687719455e-09 2.056650759478153259e-09 0.000000000000000000e+00 0.000000000000000000e+00 4.967376493027955990e-09 0.000000000000000000e+00 0.000000000000000000e+00 0.000000000000000000e+00 0.000000000000000000e+00 4.289280143425419625e-08 1.352511415502756356e-08
2.490224723919343131e+00 -1.197106711699318120e-09 1.893035052689965279e-09 0.000000000000000000e+00 0.000000000000000000e+00 4.572010329760152194e-09 0.000000000000000000e+00 0.000000000000000000e+00 0.000000000000000000e+00 0.000000000000000000e+00 3.947865884577357719e-08 1.244868238730140697e-08
2.595669436482870740e+00 -1.101788231877028477e-09 1.742764199582269843e-09 0.000000000000000000e+00 0.000000000000000000e+00 4.208336606487069778e-09 0.000000000000000000e+00 0.000000000000000000e+00 0.000000000000000000e+00 0.000000000000000000e+00 3.633652191843828717e-08 1.145809514363631640e-08
2.705579042234875775e+00 -1.014046725553206212e-09 1.604103301490072909e-09 0.000000000000000000e+00 0.000000000000000000e+00 3.873380185315264189e-09 0.000000000000000000e+00 0.000000000000000000e+00 0.000000000000000000e+00 0.000000000000000000e+00 3.344444736617423415e-08 1.054618171070823084e-08
2.820142600168453750e+00 -9.332959992205469228e-10 1.476673852024586398e-09 0.000000000000000000e+00 0.000000000000000000e+00 3.565200862281240216e-09 0.000000000000000000e+00 0.000000000000000000e+00 0.000000000000000000e+00 0.000000000000000000e+00 3.078256427881893217e-08 9.706915069434698542e-09
2.939557174687212449e+00 -8.589691482621164048e-10 1.359210394348153869e-09 0.000000000000000000e+00 0.000000000000000000e+00 3.281416919149704608e-09 0.000000000000000000e+00 0.000000000000000000e+00 0.000000000000000000e+00 0.000000000000000000e+00 2.833237552567244113e-08 8.934328088537256479e-09
3.064028174581995057e+00 -7.906717034137715388e-10 1.253039497078787981e-09 0.000000000000000000e+00 0.000000000000000000e+00 3.021481275663726194e-09 0.000000000000000000e+00 0.000000000000000000e+00 0.000000000000000000e+00 0.000000000000000000e+00 2.607720976414857931e-08 8.224096995850512190e-09
3.193769706361041738e+00 -7.278058709160240486e-10 1.155510062829095971e-09 0.000000000000000000e+00 0.000000000000000000e+00 2.782404889146412365e-09 0.000000000000000000e+00 0.000000000000000000e+00 0.000000000000000000e+00 0.000000000000000000e+00 2.400189618335469627e-08 7.570595041554171172e-09
3.329004942541377243e+00 -6.698634112591695789e-10 1.064345548516254060e-09 0.000000000000000000e+00 0.000000000000000000e+00 2.561441808449890617e-09 0.000000000000000000e+00 0.000000000000000000e+00 0.000000000000000000e+00 0.000000000000000000e+00 2.209158903716797272e-08 6.968471385355692518e-09
3.469966505534922252e+00 -6.164953508831258953e-10 9.797123581361650957e-10 0.000000000000000000e+00 0.000000000000000000e+00 2.357582420504923936e-09 0.000000000000000000e+00 0.000000000000000000e+00 0.000000000000000000e+00 0.000000000000000000e+00 2.033316990269225821e-08 6.413922627733612850e-09
3.616896867789669567e+00 -5.674000974873815615e-10 9.023082185558346647e-10 0.000000000000000000e+00 0.000000000000000000e+00 2.170286119657064611e-09 0.000000000000000000e+00 0.000000000000000000e+00 0.000000000000000000e+00 0.000000000000000000e+00 1.871502150854513413e-08 5.903764358502242547e-09
3.770048768874223466e+00 -5.222083416794536944e-10 8.308586193568151864e-10 0.000000000000000000e+00 0.000000000000000000e+00 1.997759430247809332e-09 0.000000000000000000e+00 0.000000000000000000e+00 0.000000000000000000e+00 0.000000000000000000e+00 1.722561679877173122e-08 5.434099331990276578e-09
3.929685650223130100e+00 -4.805993780263650535e-10 7.648039866278958444e-10 0.000000000000000000e+00 0.000000000000000000e+00 1.838748790753283265e-09 0.000000000000000000e+00 0.000000000000000000e+00 0.000000000000000000e+00 0.000000000000000000e+00 1.585452789137078113e-08 5.001635852126111043e-09
4.096082108290830526e+00 -4.423537759409098213e-10 7.049040182236338068e-10 0.000000000000000000e+00 0.000000000000000000e+00 1.692956664088292950e-09 0.000000000000000000e+00 0.000000000000000000e+00 0.000000000000000000e+00 0.000000000000000000e+00 1.459255705310840971e-08 4.603982618949779385e-09
4.269524366893723055e+00 -4.071151897786749163e-10 6.493109527385619473e-10 0.000000000000000000e+00 0.000000000000000000e+00 1.558518347472110201e-09 0.000000000000000000e+00 0.000000000000000000e+00 0.000000000000000000e+00 0.000000000000000000e+00 1.343129146279622010e-08 4.237867423705929671e-09
4.450310769552807244e+00 -3.746725323911381928e-10 5.979252193763368668e-10 0.000000000000000000e+00 0.000000000000000000e+00 1.434618418414065996e-09 0.000000000000000000e+00 0.000000000000000000e+00 0.000000000000000000e+00 0.000000000000000000e+00 1.236224928741352402e-08 3.900758578347533807e-09
4.638752292683820500e+00 -3.448049861805659379e-10 5.504872187568238999e-10 0.000000000000000000e+00 0.000000000000000000e+00 1.320498455450087773e-09 0.000000000000000000e+00 0.000000000000000000e+00 0.000000000000000000e+00 0.000000000000000000e+00 1.137838298268919498e-08 3.590423234285958807e-09
4.835173080517622068e+00 -3.173209632589960557e-10 5.068926708279358256e-10 0.000000000000000000e+00 0.000000000000000000e+00 1.215489054229995493e-09 0.000000000000000000e+00 0.000000000000000000e+00 0.000000000000000000e+00 0.000000000000000000e+00 1.047273750193832529e-08 3.304792225043656117e-09
5.039911002670948825e+00 -2.920666104748470119e-10 4.674655883405670619e-10 0.000000000000000000e+00 0.000000000000000000e+00 1.119253178997506870e-09 0.000000000000000000e+00 0.000000000000000000e+00 0.000000000000000000e+00 0.000000000000000000e+00 9.639204449730369870e-09 3.042177157512232489e-09
5.253318235326636554e+00 -2.687946979793372037e-10 4.307657975856367129e-10 0.000000000000000000e+00 0.000000000000000000e+00 1.030438183731679925e-09 0.000000000000000000e+00 0.000000000000000000e+00 0.000000000000000000e+00 0.000000000000000000e+00 8.871961718091056413e-09 2.800317752223952635e-09
5.475761867023024365e+00 -2.473698229417993160e-10 3.969217870151232287e-10 0.000000000000000000e+00 0.000000000000000000e+00 9.486655019774610798e-10 0.000000000000000000e+00 0.000000000000000000e+00 0.000000000000000000e+00 0.000000000000000000e+00 8.165921701461945767e-09 2.577704730375421380e-09
5.707624530094580706e+00 -2.276476772564909303e-10 3.657177086862351366e-10 0.000000000000000000e+00 0.000000000000000000e+00 8.733595665159045258e-10 0.000000000000000000e+00 0.000000000000000000e+00 0.000000000000000000e+00 0.000000000000000000e+00 7.516034409362860976e-09 2.372771629262091913e-09
5.949305058849887473e+00 -2.094919642902226653e-10 3.368738107087639802e-10 0.000000000000000000e+00 0.000000000000000000e+00 8.039653793333641445e-10 0.000000000000000000e+00 0.000000000000000000e+00 0.000000000000000000e+00 0.000000000000000000e+00 6.917833778541167491e-09 2.184074916369639415e-09
6.201219175619169022e+00 -1.927954955548490636e-10 3.105670165140075799e-10 0.000000000000000000e+00 0.000000000000000000e+00 7.402372304163402535e-10 0.000000000000000000e+00 0.000000000000000000e+00 0.000000000000000000e+00 0.000000000000000000e+00 6.367252617961274412e-09 2.010510200187362592e-09
6.463800205851433667e+00 -1.774124894335747509e-10 2.861708677560889579e-10 0.000000000000000000e+00 0.000000000000000000e+00 6.814849403627484678e-10 0.000000000000000000e+00 0.000000000000000000e+00 0.000000000000000000e+00 0.000000000000000000e+00 5.860554754763717283e-09 1.850707754555928233e-09
6.737499823491305051e+00 -1.632494862505430869e-10 2.635738193412028149e-10 0.000000000000000000e+00 0.000000000000000000e+00 6.273104137901413024e-10 0.000000000000000000e+00 0.000000000000000000e+00 0.000000000000000000e+00 0.000000000000000000e+00 5.394078852166243433e-09 1.703535717919616619e-09
7.022788827917666232e+00 -1.502224669865209450e-10 2.429180028652639529e-10 0.000000000000000000e+00 0.000000000000000000e+00 5.775300757114943305e-10 0.000000000000000000e+00 0.000000000000000000e+00 0.000000000000000000e+00 0.000000000000000000e+00 4.964799800467510899e-09 1.568133177897023514e-09
7.320157953780587867e+00 -1.382437076325805120e-10 2.241648278756082691e-10 0.000000000000000000e+00 0.000000000000000000e+00 5.318597944813388120e-10 0.000000000000000000e+00 0.000000000000000000e+00 0.000000000000000000e+00 0.000000000000000000e+00 4.569638091796917864e-09 1.443626322312971376e-09
7.630118715129537321e+00 -1.272044030806360214e-10 2.066297590092567566e-10 0.000000000000000000e+00 0.000000000000000000e+00 4.896687753652111468e-10 0.000000000000000000e+00 0.000000000000000000e+00 0.000000000000000000e+00 0.000000000000000000e+00 4.205950150696513770e-09 1.328916495921639466e-09
7.953204285284886765e+00 -1.170411055987378861e-10 1.904317815502370239e-10 0.000000000000000000e+00 0.000000000000000000e+00 4.508021340849827146e-10 0.000000000000000000e+00 0.000000000000000000e+00 0.000000000000000000e+00 0.000000000000000000e+00 3.871230052372818144e-09 1.223307169476082406e-09
8.289970413966230467e+00 -1.076963313136153013e-10 1.757145207841988652e-10 0.000000000000000000e+00 0.000000000000000000e+00 4.151339027357177876e-10 0.000000000000000000e+00 0.000000000000000000e+00 0.000000000000000000e+00 0.000000000000000000e+00 3.563158298956385309e-09 1.126187553241822420e-09
8.640996383255068025e+00 -9.908073011257229237e-11 1.618888216144625173e-10 0.000000000000000000e+00 0.000000000000000000e+00 3.821470492283845826e-10 0.000000000000000000e+00 0.000000000000000000e+00 0.000000000000000000e+00 0.000000000000000000e+00 3.279551608574194412e-09 1.036680169757987957e-09
9.006886004036267934e+00 -9.115763648569393807e-11 1.492829219298989704e-10 0.000000000000000000e+00 0.000000000000000000e+00 3.518503620664417519e-10 0.000000000000000000e+00 0.000000000000000000e+00 0.000000000000000000e+00 0.000000000000000000e+00 3.018574201387197546e-09 9.543425102724266083e-10
9.388268654632273780e+00 -8.387264391400607556e-11 1.378449967382221207e-10 0.000000000000000000e+00 0.000000000000000000e+00 3.240501224974514157e-10 0.000000000000000000e+00 0.000000000000000000e+00 0.000000000000000000e+00 0.000000000000000000e+00 2.778327088280230215e-09 8.786257058688967685e-10
9.785800363416699454e+00 -7.715684006553751330e-11 1.271070352434494797e-10 0.000000000000000000e+00 0.000000000000000000e+00 2.983518868954031339e-10 0.000000000000000000e+00 0.000000000000000000e+00 0.000000000000000000e+00 0.000000000000000000e+00 2.557210273120988708e-09 8.088518278998533975e-10
1.020016493726949491e+01 -7.097980823570701780e-11 1.172872376931067498e-10 0.000000000000000000e+00 0.000000000000000000e+00 2.747271773241517739e-10 0.000000000000000000e+00 0.000000000000000000e+00 0.000000000000000000e+00 0.000000000000000000e+00 2.353673538606779954e-09 7.446480848806646772e-10
1.063207513781483016e+01 -6.529144062819558801e-11 1.082081969725110499e-10 0.000000000000000000e+00 0.000000000000000000e+00 2.529640764372824380e-10 0.000000000000000000e+00 0.000000000000000000e+00 0.000000000000000000e+00 0.000000000000000000e+00 2.166356433521518770e-09 6.855476371712378380e-10
1.108227390746491814e+01 -6.005953433730557735e-11 9.992117462899622371e-11 0.000000000000000000e+00 0.000000000000000000e+00 2.329639808661089595e-10 0.000000000000000000e+00 0.000000000000000000e+00 0.000000000000000000e+00 0.000000000000000000e+00 1.993969651979202686e-09 6.311737543590611504e-10
1.155153564737878646e+01 -5.523851111578703087e-11 9.218865734885329097e-11 0.000000000000000000e+00 0.000000000000000000e+00 2.145049941033146354e-10 0.000000000000000000e+00 0.000000000000000000e+00 0.000000000000000000e+00 0.000000000000000000e+00 1.835273782858675913e-09 5.810909403716979056e-10
1.204066754953423946e+01 -5.080188080290471750e-11 8.506145352695893134e-11 0.000000000000000000e+00 0.000000000000000000e+00 1.975049749000394873e-10 0.000000000000000000e+00 0.000000000000000000e+00 0.000000000000000000e+00 0.000000000000000000e+00 1.689188057465029819e-09 5.349791272524871276e-10
1.255051098520432262e+01 -4.672032407511842427e-11 7.857598413160435475e-11 0.000000000000000000e+00 0.000000000000000000e+00 1.818994069468135922e-10 0.000000000000000000e+00 0.000000000000000000e+00 0.000000000000000000e+00 0.000000000000000000e+00 1.554788257249202878e-09 4.925806993750189161e-10
1.308194295222672210e+01 -4.296488534115659637e-11 7.261341308302311742e-11 0.000000000000000000e+00 0.000000000000000000e+00 1.675309413352454803e-10 0.000000000000000000e+00 0.000000000000000000e+00 0.000000000000000000e+00 0.000000000000000000e+00 1.431038906833625983e-09 4.535470191662694214e-10
1.363587758355547841e+01 -3.950333823918499374e-11 6.701768483170673719e-11 0.000000000000000000e+00 0.000000000000000000e+00 1.542563591107889433e-10 0.000000000000000000e+00 0.000000000000000000e+00 0.000000000000000000e+00 0.000000000000000000e+00 1.317124804940348592e-09 4.175812038537346325e-10
1.421326771969004987e+01 -3.632039305997682836e-11 6.194810875785292190e-11 0.000000000000000000e+00 0.000000000000000000e+00 1.420764065486511112e-10 0.000000000000000000e+00 0.000000000000000000e+00 0.000000000000000000e+00 0.000000000000000000e+00 1.212331532823229554e-09 3.845124834930059692e-10
1.481510654768641366e+01 -3.338792122768725623e-11 5.720750006708006308e-11 0.000000000000000000e+00 0.000000000000000000e+00 1.308283004899086810e-10 0.000000000000000000e+00 0.000000000000000000e+00 0.000000000000000000e+00 0.000000000000000000e+00 1.115823244698046051e-09 3.540421890505898911e-10
1.544242930956958304e+01 -3.069429747029044672e-11 5.297695729898165557e-11 0.000000000000000000e+00 0.000000000000000000e+00 1.205350517814606058e-10 0.000000000000000000e+00 0.000000000000000000e+00 0.000000000000000000e+00 0.000000000000000000e+00 1.027044905593627236e-09 3.260509151933356509e-10
1.609631508308618564e+01 -2.820937693313920858e-11 4.894098807792430678e-11 0.000000000000000000e+00 0.000000000000000000e+00 1.109953102936384271e-10 0.000000000000000000e+00 0.000000000000000000e+00 0.000000000000000000e+00 0.000000000000000000e+00 9.452938362128607823e-10 3.002290792567846227e-10
1.677788863786025431e+01 -2.592190851672267999e-11 4.523466281123731833e-11 0.000000000000000000e+00 0.000000000000000000e+00 1.022192875945726864e-10 0.000000000000000000e+00 0.000000000000000000e+00 0.000000000000000000e+00 0.000000000000000000e+00 8.700641517101489446e-10 2.764698017927267929e-10
1.748832237014511648e+01 -2.382044857471775322e-11 4.189524404192159725e-11 0.000000000000000000e+00 0.000000000000000000e+00 9.416958315425188576e-11 0.000000000000000000e+00 0.000000000000000000e+00 0.000000000000000000e+00 0.000000000000000000e+00 8.008157752674522339e-10 2.546237268801533503e-10
1.822883831949924982e+01 -2.188306338158439462e-11 3.875830973071650598e-11 0.000000000000000000e+00 0.000000000000000000e+00 8.673375242718376757e-11 0.000000000000000000e+00 0.000000000000000000e+00 0.000000000000000000e+00 0.000000000000000000e+00 7.370829107536644594e-10 2.344959333165296208e-10
1.900071027085526509e+01 -2.010034740913329594e-11 3.587528403201532250e-11 0.000000000000000000e+00 0.000000000000000000e+00 7.988997250656348606e-11 0.000000000000000000e+00 0.000000000000000000e+00 0.000000000000000000e+00 0.000000000000000000e+00 6.784239882511280239e-10 2.159697976611343256e-10
1.980526594559769649e+01 -1.845819689747253315e-11 3.319579891871129130e-11 0.000000000000000000e+00 0.000000000000000000e+00 7.357969010662676838e-11 0.000000000000000000e+00 0.000000000000000000e+00 0.000000000000000000e+00 0.000000000000000000e+00 6.244307004412801766e-10 1.989093508575808063e-10
2.064388928541858093e+01 -1.694814381572842080e-11 3.077033740459988842e-11 0.000000000000000000e+00 0.000000000000000000e+00 6.778768585125350128e-11 0.000000000000000000e+00 0.000000000000000000e+00 0.000000000000000000e+00 0.000000000000000000e+00 5.747375141561598835e-10 1.832222093554390864e-10
2.151802283287939943e+01 -1.555934194425511325e-11 2.855532399624097285e-11 0.000000000000000000e+00 0.000000000000000000e+00 6.245981492360215425e-11 0.000000000000000000e+00 0.000000000000000000e+00 0.000000000000000000e+00 0.000000000000000000e+00 5.289994874669254678e-10 1.687873024543008268e-10
2.242917021277420631e+01 -1.427866555446589001e-11 2.645564554301335802e-11 0.000000000000000000e+00 0.000000000000000000e+00 5.753265884663070826e-11 0.000000000000000000e+00 0.000000000000000000e+00 0.000000000000000000e+00 0.000000000000000000e+00 4.868907811057657592e-10 1.554790936514432243e-10
2.337889871856227231e+01 -1.310120483509653618e-11 2.455759411644761822e-11 0.000000000000000000e+00 0.000000000000000000e+00 5.300965639168391555e-11 0.000000000000000000e+00 0.000000000000000000e+00 0.000000000000000000e+00 0.000000000000000000e+00 4.481555019451921836e-10 1.432441633342143329e-10
2.436884200831915237e+01 -1.201664241480983336e-11 2.278171473094087394e-11 0.000000000000000000e+00 0.000000000000000000e+00 4.883433062904534854e-11 0.000000000000000000e+00 0.000000000000000000e+00 0.000000000000000000e+00 0.000000000000000000e+00 4.124805527879708190e-10 1.319700547894943961e-10
2.540070291484369136e+01 -1.101881214626570323e-11 2.116244229281861074e-11 0.000000000000000000e+00 0.000000000000000000e+00 4.499578289948244182e-11 0.000000000000000000e+00 0.000000000000000000e+00 0.000000000000000000e+00 0.000000000000000000e+00 3.796510731262637127e-10 1.215993063266957831e-10
2.647625637475465155e+01 -1.010009324405635176e-11 1.966085525520583612e-11 0.000000000000000000e+00 0.000000000000000000e+00 4.145832975617003568e-11 0.000000000000000000e+00 0.000000000000000000e+00 0.000000000000000000e+00 0.000000000000000000e+00 3.494406930710355213e-10 1.120505947753897202e-10
2.759735248161536703e+01 -9.254446939522339327e-12 1.827518722380181941e-11 0.000000000000000000e+00 0.000000000000000000e+00 3.820011173314556442e-11 0.000000000000000000e+00 0.000000000000000000e+00 0.000000000000000000e+00 0.000000000000000000e+00 3.216300389865295011e-10 1.032598897928808394e-10
2.876591966833829161e+01 -8.475884395606399626e-12 1.698838902151399990e-11 0.000000000000000000e+00 0.000000000000000000e+00 3.519588819941857277e-11 0.000000000000000000e+00 0.000000000000000000e+00 0.000000000000000000e+00 0.000000000000000000e+00 2.960276470422754981e-10 9.516406691669452370e-11
2.998396802434348274e+01 -7.759929204661780287e-12 1.582042321972138367e-11 0.000000000000000000e+00 0.000000000000000000e+00 3.243582895827021410e-11 0.000000000000000000e+00 0.000000000000000000e+00 0.000000000000000000e+00 0.000000000000000000e+00 2.724722583905331525e-10 8.771932025041899487e-11
3.125359275317711649e+01 -7.100779879592606412e-12 1.473624644518803704e-11 0.000000000000000000e+00 0.000000000000000000e+00 2.989065985787783319e-11 0.000000000000000000e+00 0.000000000000000000e+00 0.000000000000000000e+00 0.000000000000000000e+00 2.507866256693420188e-10 8.086280047595041214e-11
3.257697777653739024e+01 -6.493725926827039730e-12 1.372699924528567670e-11 0.000000000000000000e+00 0.000000000000000000e+00 2.754511615070930522e-11 0.000000000000000000e+00 0.000000000000000000e+00 0.000000000000000000e+00 0.000000000000000000e+00 2.308331218991257881e-10 7.454946273477106094e-11
3.395639949090740828e+01 -5.936013924777011526e-12 1.281975943757545556e-11 0.000000000000000000e+00 0.000000000000000000e+00 2.539008584884465662e-11 0.000000000000000000e+00 0.000000000000000000e+00 0.000000000000000000e+00 0.000000000000000000e+00 2.124671792688945203e-10 6.874454021841526705e-11
3.539423068325686472e+01 -5.422367654626892012e-12 1.197194449865007492e-11 0.000000000000000000e+00 0.000000000000000000e+00 2.340221731257792591e-11 0.000000000000000000e+00 0.000000000000000000e+00 0.000000000000000000e+00 0.000000000000000000e+00 1.955606825278689921e-10 6.339770619092825479e-11
3.689294461254805668e+01 -4.949192363334632497e-12 1.117090412306423374e-11 0.000000000000000000e+00 0.000000000000000000e+00 2.156635666848556888e-11 0.000000000000000000e+00 0.000000000000000000e+00 0.000000000000000000e+00 0.000000000000000000e+00 1.799961071996389620e-10 5.846885019317866288e-11
3.845511926406689440e+01 -4.514495373660080050e-12 1.045569133323720854e-11 0.000000000000000000e+00 0.000000000000000000e+00 1.988124700139416709e-11 0.000000000000000000e+00 0.000000000000000000e+00 0.000000000000000000e+00 0.000000000000000000e+00 1.656770346403507531e-10 5.394022262975005079e-11
4.008344178389703671e+01 -4.114700656692325948e-12 9.795489352977399381e-12 0.000000000000000000e+00 0.000000000000000000e+00 1.832827231734217509e-11 0.000000000000000000e+00 0.000000000000000000e+00 0.000000000000000000e+00 0.000000000000000000e+00 1.524983076394794005e-10 4.977085977304323570e-11
4.178071310116503412e+01 -3.746331468677833027e-12 9.167889419335670423e-12 0.000000000000000000e+00 0.000000000000000000e+00 1.689375715041048361e-11 0.000000000000000000e+00 0.000000000000000000e+00 0.000000000000000000e+00 0.000000000000000000e+00 1.403633430851742106e-10 4.592709504971827879e-11
4.354985274600709744e+01 -3.408155249819959348e-12 8.608086383942048054e-12 0.000000000000000000e+00 0.000000000000000000e+00 1.557581941411363331e-11 0.000000000000000000e+00 0.000000000000000000e+00 0.000000000000000000e+00 0.000000000000000000e+00 1.291977034183984511e-10 4.239460250952981793e-11
4.539390387154536199e+01 -3.097218724730974930e-12 8.094257436264480163e-12 0.000000000000000000e+00 0.000000000000000000e+00 1.436202388517258846e-11 0.000000000000000000e+00 0.000000000000000000e+00 0.000000000000000000e+00 0.000000000000000000e+00 1.189228845233791445e-10 3.914358710871523912e-11
4.731603848851198535e+01 -2.810884010077704699e-12 7.598898304912039696e-12 0.000000000000000000e+00 0.000000000000000000e+00 1.323933315811563428e-11 0.000000000000000000e+00 0.000000000000000000e+00 0.000000000000000000e+00 0.000000000000000000e+00 1.094612736560225658e-10 3.614423702227082398e-11
4.931956292152518984e+01 -2.547836635531985714e-12 7.151573984968736317e-12 0.000000000000000000e+00 0.000000000000000000e+00 1.220706449112339485e-11 0.000000000000000000e+00 0.000000000000000000e+00 0.000000000000000000e+00 0.000000000000000000e+00 1.007582532246503790e-10 3.338697706839284427e-11
5.140792349640297232e+01 -2.306200256185183002e-12 6.739613093605228615e-12 0.000000000000000000e+00 0.000000000000000000e+00 1.125572519945490999e-11 0.000000000000000000e+00 0.000000000000000000e+00 0.000000000000000000e+00 0.000000000000000000e+00 9.274689803983890107e-11 3.084888158546511451e-11
5.358471246829720513e+01 -2.084180921552730290e-12 6.355207281278756021e-12 0.000000000000000000e+00 0.000000000000000000e+00 1.037826701315032699e-11 0.000000000000000000e+00 0.000000000000000000e+00 0.000000000000000000e+00 0.000000000000000000e+00 8.537309125042381778e-11 2.851131525800948184e-11
5.585367420084560308e+01 -1.880459963487142142e-12 6.004150354057939087e-12 0.000000000000000000e+00 0.000000000000000000e+00 9.569845111994992975e-12 0.000000000000000000e+00 0.000000000000000000e+00 0.000000000000000000e+00 0.000000000000000000e+00 7.858585093393654768e-11 2.636028429948630074e-11
5.821871160697001812e+01 -1.693417548265486536e-12 5.676762920131368202e-12 0.000000000000000000e+00 0.000000000000000000e+00 8.824428939746828920e-12 0.000000000000000000e+00 0.000000000000000000e+00 0.000000000000000000e+00 0.000000000000000000e+00 7.233953720760426829e-11 2.437949505394098736e-11
6.068389286240065417e+01 -1.522151105221314438e-12 5.383791836110052505e-12 0.000000000000000000e+00 0.000000000000000000e+00 8.138153221171557564e-12 0.000000000000000000e+00 0.000000000000000000e+00 0.000000000000000000e+00 0.000000000000000000e+00 6.659088882581657401e-11 2.255886214117173871e-11
6.325345840347389270e+01 -1.364973410801440087e-12 5.103781248784420733e-12 0.000000000000000000e+00 0.000000000000000000e+00 7.504363897150662051e-12 0.000000000000000000e+00 0.000000000000000000e+00 0.000000000000000000e+00 0.000000000000000000e+00 6.129992429347391579e-11 2.088020244124160370e-11
6.593182822124114750e+01 -1.221168586163749627e-12 4.849135986180197569e-12 0.000000000000000000e+00 0.000000000000000000e+00 6.920296792574009151e-12 0.000000000000000000e+00 0.000000000000000000e+00 0.000000000000000000e+00 0.000000000000000000e+00 5.642909238182878590e-11 1.933607628488642917e-11
6.872360946443542673e+01 -1.089800255005380760e-12 4.620372212153991820e-12 0.000000000000000000e+00 0.000000000000000000e+00 6.382125912062529349e-12 0.000000000000000000e+00 0.000000000000000000e+00 0.000000000000000000e+00 0.000000000000000000e+00 5.194858288965050846e-11 1.791666610969913455e-11
7.163360436437373835e+01 -9.697461385876421115e-13 4.404969495544361817e-12 0.000000000000000000e+00 0.000000000000000000e+00 5.885246911977841455e-12 0.000000000000000000e+00 0.000000000000000000e+00 0.000000000000000000e+00 0.000000000000000000e+00 4.782252131312877240e-11 1.660877957279569816e-11
7.466681849542716520e+01 -8.600627338779165907e-13 4.196551964450657732e-12 0.000000000000000000e+00 0.000000000000000000e+00 5.426578076494023679e-12 0.000000000000000000e+00 0.000000000000000000e+00 0.000000000000000000e+00 0.000000000000000000e+00 4.402441990412380785e-11 1.540261528967381385e-11
7.782846938526807890e+01 -7.605230192097764088e-13 4.017549246587273272e-12 0.000000000000000000e+00 0.000000000000000000e+00 5.004029303962665305e-12 0.000000000000000000e+00 0.000000000000000000e+00 0.000000000000000000e+00 0.000000000000000000e+00 4.052950221065342529e-11 1.429594246010342025e-11
8.112399548970439866e+01 -6.700919219473116849e-13 3.849538908359718647e-12 0.000000000000000000e+00 0.000000000000000000e+00 4.614014739258083085e-12 0.000000000000000000e+00 0.000000000000000000e+00 0.000000000000000000e+00 0.000000000000000000e+00 3.731279991741235449e-11 1.327675804071162864e-11
8.455906554753981652e+01 -5.881769020834353706e-13 3.692132697785228640e-12 0.000000000000000000e+00 0.000000000000000000e+00 4.254127312646082027e-12 0.000000000000000000e+00 0.000000000000000000e+00 0.000000000000000000e+00 0.000000000000000000e+00 3.435065248004249207e-11 1.233803675497233326e-11
8.813958833155088257e+01 -5.143274976111632393e-13 3.550059137327406249e-12 0.000000000000000000e+00 0.000000000000000000e+00 3.922093124525784068e-12 0.000000000000000000e+00 0.000000000000000000e+00 0.000000000000000000e+00 0.000000000000000000e+00 3.162446858377273672e-11 1.147500596491145210e-11
9.187172281235410765e+01 -4.480055322288447349e-13 3.420942899780380942e-12 0.000000000000000000e+00 0.000000000000000000e+00 3.615757285302772400e-12 0.000000000000000000e+00 0.000000000000000000e+00 0.000000000000000000e+00 0.000000000000000000e+00 2.911498188490440002e-11 1.068127706965436006e-11
9.576188875264639933e+01 -3.887411552882238929e-13 3.301331798696266681e-12 0.000000000000000000e+00 0.000000000000000000e+00 3.333110822271976710e-12 0.000000000000000000e+00 0.000000000000000000e+00 0.000000000000000000e+00 0.000000000000000000e+00 2.680531700674625911e-11 9.950840119086023448e-12
9.981677775004206410e+01 -3.361908026409514280e-13 3.193518709637394847e-12 0.000000000000000000e+00 0.000000000000000000e+00 3.072288198246189490e-12 0.000000000000000000e+00 0.000000000000000000e+00 0.000000000000000000e+00 0.000000000000000000e+00 2.467867870253642542e-11 9.279234563844494482e-12
1.040433647475019967e+02 -2.899733270925873936e-13 3.091667051523906407e-12 0.000000000000000000e+00 0.000000000000000000e+00 2.831862356895855553e-12 0.000000000000000000e+00 0.000000000000000000e+00 0.000000000000000000e+00 0.000000000000000000e+00 2.272041280143617873e-11 8.660657169550557914e-12
1.084489200311536194e+02 -2.497773614138669364e-13 3.005113995619256113e-12 0.000000000000000000e+00 0.000000000000000000e+00 2.610012056476073832e-12 0.000000000000000000e+00 0.000000000000000000e+00 0.000000000000000000e+00 0.000000000000000000e+00 2.091792703656664605e-11 8.093251549582583335e-12
1.130410217361402516e+02 -2.153295944365975163e-13 2.926471852857898926e-12 0.000000000000000000e+00 0.000000000000000000e+00 2.405621061003321907e-12 0.000000000000000000e+00 0.000000000000000000e+00 0.000000000000000000e+00 0.000000000000000000e+00 1.925867081880422419e-11 7.571520027729370124e-12
1.178275688820117182e+02 -1.863584164581541398e-13 2.855919005434365024e-12 0.000000000000000000e+00 0.000000000000000000e+00 2.217457067236044857e-12 0.000000000000000000e+00 0.000000000000000000e+00 0.000000000000000000e+00 0.000000000000000000e+00 1.773065074899112300e-11 7.091851655016445772e-12
1.228167949600777575e+02 -1.627723692934505704e-13 2.790330865553636165e-12 0.000000000000000000e+00 0.000000000000000000e+00 2.044703068189460246e-12 0.000000000000000000e+00 0.000000000000000000e+00 0.000000000000000000e+00 0.000000000000000000e+00 1.632344739842275519e-11 6.650359410500326828e-12
1.280172820960967499e+02 -1.442091492894602221e-13 2.735130114043006017e-12 0.000000000000000000e+00 0.000000000000000000e+00 1.886131078367503949e-12 0.000000000000000000e+00 0.000000000000000000e+00 0.000000000000000000e+00 0.000000000000000000e+00 1.502820523096774533e-11 6.245456385330347926e-12
1.334379758126628701e+02 -1.307215203049196314e-13 2.685145206293094154e-12 0.000000000000000000e+00 0.000000000000000000e+00 1.741198349410058411e-12 0.000000000000000000e+00 0.000000000000000000e+00 0.000000000000000000e+00 0.000000000000000000e+00 1.383574930968853982e-11 5.873065833037922977e-12
1.390882004166816728e+02 -1.216966148447948468e-13 2.648099013462566643e-12 0.000000000000000000e+00 0.000000000000000000e+00 1.608902502744634719e-12 0.000000000000000000e+00 0.000000000000000000e+00 0.000000000000000000e+00 0.000000000000000000e+00 1.273836000204890644e-11 5.532572649237413426e-12
1.449776750384068578e+02 -1.175603499119723177e-13 2.613326773479049002e-12 0.000000000000000000e+00 0.000000000000000000e+00 1.489256432568101014e-12 0.000000000000000000e+00 0.000000000000000000e+00 0.000000000000000000e+00 0.000000000000000000e+00 1.172819682915241904e-11 5.219044415068710505e-12
1.511165303496226784e+02 -1.176140008487356524e-13 2.588801664769135534e-12 0.000000000000000000e+00 0.000000000000000000e+00 1.381607450680990928e-12 0.000000000000000000e+00 0.000000000000000000e+00 0.000000000000000000e+00 0.000000000000000000e+00 1.079852095471221536e-11 4.932223271992614472e-12
1.575153259897343503e+02 -1.220261225018913722e-13 2.569029923853207348e-12 0.000000000000000000e+00 0.000000000000000000e+00 1.285976195189390962e-12 0.000000000000000000e+00 0.000000000000000000e+00 0.000000000000000000e+00 0.000000000000000000e+00 9.942980507367637932e-12 4.668726049447838949e-12
1.641850687297378215e+02 -1.302553770478541810e-13 2.557384900866281613e-12 0.000000000000000000e+00 0.000000000000000000e+00 1.202238555738318825e-12 0.000000000000000000e+00 0.000000000000000000e+00 0.000000000000000000e+00 0.000000000000000000e+00 9.155806923739316346e-12 4.427403637612984851e-12
1.711372314053143953e+02 -1.422223262862345536e-13 2.551551494506184668e-12 0.000000000000000000e+00 0.000000000000000000e+00 1.130463335922312843e-12 0.000000000000000000e+00 0.000000000000000000e+00 0.000000000000000000e+00 0.000000000000000000e+00 8.431860293505337855e-12 4.205841667489235114e-12
1.783837726516200348e+02 -1.572037313121066881e-13 2.553966869328652301e-12 0.000000000000000000e+00 0.000000000000000000e+00 1.070971868306242338e-12 0.000000000000000000e+00 0.000000000000000000e+00 0.000000000000000000e+00 0.000000000000000000e+00 7.766246810318809270e-12 4.002846222095709795e-12
1.859371574737108119e+02 -1.745920103686071051e-13 2.565145600552156907e-12 0.000000000000000000e+00 0.000000000000000000e+00 1.024055116411470531e-12 0.000000000000000000e+00 0.000000000000000000e+00 0.000000000000000000e+00 0.000000000000000000e+00 7.154671640398595138e-12 3.816659353378991650e-12
1.938103786879943584e+02 -1.935912343416168623e-13 2.584245437200028900e-12 0.000000000000000000e+00 0.000000000000000000e+00 9.903843893915005125e-13 0.000000000000000000e+00 0.000000000000000000e+00 0.000000000000000000e+00 0.000000000000000000e+00 6.592817817174962413e-12 3.645330780521200591e-12
2.020169792715831818e+02 -2.127374957329467352e-13 2.615016358776555746e-12 0.000000000000000000e+00 0.000000000000000000e+00 9.707305181985737985e-13 0.000000000000000000e+00 0.000000000000000000e+00 0.000000000000000000e+00 0.000000000000000000e+00 6.077260226510581266e-12 3.487802420926846673e-12
2.105710756579998986e+02 -2.303723981862492689e-13 2.660047471251624103e-12 0.000000000000000000e+00 0.000000000000000000e+00 9.659682616765782320e-13 0.000000000000000000e+00 0.000000000000000000e+00 0.000000000000000000e+00 0.000000000000000000e+00 5.604473327820015571e-12 3.342494225081708161e-12
2.194873820193008669e+02 -2.441918914787506327e-13 2.724474907737750780e-12 0.000000000000000000e+00 0.000000000000000000e+00 9.771410202769481447e-13 0.000000000000000000e+00 0.000000000000000000e+00 0.000000000000000000e+00 0.000000000000000000e+00 5.171382029346310347e-12 3.207770503185793292e-12
2.287812355763888092e+02 -2.514327287196092005e-13 2.813066981285289191e-12 0.000000000000000000e+00 0.000000000000000000e+00 1.005969037316212073e-12 0.000000000000000000e+00 0.000000000000000000e+00 0.000000000000000000e+00 0.000000000000000000e+00 4.774823555701482195e-12 3.081877961701789112e-12
2.384686229810537270e+02 -2.481911449592573060e-13 2.934960505643243165e-12 0.000000000000000000e+00 0.000000000000000000e+00 1.056298565299792339e-12 0.000000000000000000e+00 0.000000000000000000e+00 0.000000000000000000e+00 0.000000000000000000e+00 4.412235743821567234e-12 2.963783558374912239e-12
2.485662078151169396e+02 -2.302788600534597101e-13 3.100873911845301217e-12 0.000000000000000000e+00 0.000000000000000000e+00 1.133022917541241558e-12 0.000000000000000000e+00 0.000000000000000000e+00 0.000000000000000000e+00 0.000000000000000000e+00 4.080951665072631916e-12 2.851750844436282960e-12
2.590913592539878323e+02 -1.926702231883279748e-13 3.325183566452892796e-12 0.000000000000000000e+00 0.000000000000000000e+00 1.246352069835371852e-12 0.000000000000000000e+00 0.000000000000000000e+00 0.000000000000000000e+00 0.000000000000000000e+00 3.778459071014617463e-12 2.744031791863308860e-12
2.700621819439303408e+02 -1.306605612882488552e-13 3.621934274102209082e-12 0.000000000000000000e+00 0.000000000000000000e+00 1.414069721987597328e-12 0.000000000000000000e+00 0.000000000000000000e+00 0.000000000000000000e+00 0.000000000000000000e+00 3.502538109761062273e-12 2.639144379774175598e-12
2.814975471444402046e+02 -4.060040920034912531e-14 4.003038752565127834e-12 0.000000000000000000e+00 0.000000000000000000e+00 1.666611064479661827e-12 0.000000000000000000e+00 0.000000000000000000e+00 0.000000000000000000e+00 0.000000000000000000e+00 3.251148059610245770e-12 2.535556470374794298e-12
2.934171251892951773e+02 7.920052435544180370e-14 4.471699314366696254e-12 0.000000000000000000e+00 0.000000000000000000e+00 2.053466796610622093e-12 0.000000000000000000e+00 0.000000000000000000e+00 0.000000000000000000e+00 0.000000000000000000e+00 3.022359180938168449e-12 2.431791578774612323e-12
3.058414193221180426e+02 2.264316894458386049e-13 5.007845136027874108e-12 0.000000000000000000e+00 0.000000000000000000e+00 2.648580949492102372e-12 0.000000000000000000e+00 0.000000000000000000e+00 0.000000000000000000e+00 0.000000000000000000e+00 2.813997085241780227e-12 2.326151297975959806e-12
3.187918009646573410e+02 3.910909410884551915e-13 5.540986885477179916e-12 0.000000000000000000e+00 0.000000000000000000e+00 3.520409210423966788e-12 0.000000000000000000e+00 0.000000000000000000e+00 0.000000000000000000e+00 0.000000000000000000e+00 2.624328291037931257e-12 2.217764973119462309e-12
3.322905464784441847e+02 5.544151286783401980e-13 5.943553520391539790e-12 0.000000000000000000e+00 0.000000000000000000e+00 4.662783313269638592e-12 0.000000000000000000e+00 0.000000000000000000e+00 0.000000000000000000e+00 0.000000000000000000e+00 2.451517422722985603e-12 2.106186762633408808e-12
3.463608754830696057e+02 6.905087692817376372e-13 6.069618519492705089e-12 0.000000000000000000e+00 0.000000000000000000e+00 5.893726917939047767e-12 0.000000000000000000e+00 0.000000000000000000e+00 0.000000000000000000e+00 0.000000000000000000e+00 2.293761637132945317e-12 1.992000196547727088e-12
3.610269907969848191e+02 7.734014674746876828e-13 5.848178544298952269e-12 0.000000000000000000e+00 0.000000000000000000e+00 6.855742874013591230e-12 0.000000000000000000e+00 0.000000000000000000e+00 0.000000000000000000e+00 0.000000000000000000e+00 2.149230269308639814e-12 1.876586517443654413e-12
3.763141200695379780e+02 7.873121002808890136e-13 5.340713729140082889e-12 0.000000000000000000e+00 0.000000000000000000e+00 7.214754587296652865e-12 0.000000000000000000e+00 0.000000000000000000e+00 0.000000000000000000e+00 0.000000000000000000e+00 2.015807376823725415e-12 1.761117152794799783e-12
3.922485591758517671e+02 7.373252854915740247e-13 4.706453059520231038e-12 0.000000000000000000e+00 0.000000000000000000e+00 6.920438098718553906e-12 0.000000000000000000e+00 0.000000000000000000e+00 0.000000000000000000e+00 0.000000000000000000e+00 1.891622582428505431e-12 1.647526593442084240e-12
4.088577174491895221e+02 6.439612973785223235e-13 4.091210676306650400e-12 0.000000000000000000e+00 0.000000000000000000e+00 6.175971321701714187e-12 0.000000000000000000e+00 0.000000000000000000e+00 0.000000000000000000e+00 0.000000000000000000e+00 1.775027815025750471e-12 1.537488944163250368e-12
4.261701648286200452e+02 5.311612511407737949e-13 3.575029469798889918e-12 0.000000000000000000e+00 0.000000000000000000e+00 5.246461171441799104e-12 0.000000000000000000e+00 0.000000000000000000e+00 0.000000000000000000e+00 0.000000000000000000e+00 1.664869616235090164e-12 1.432628961465476886e-12
4.442156810030711540e+02 4.176801205433511064e-13 3.185301634186676665e-12 0.000000000000000000e+00 0.000000000000000000e+00 4.333235995247505619e-12 0.000000000000000000e+00 0.000000000000000000e+00 0.000000000000000000e+00 0.000000000000000000e+00 1.560820059967191183e-12 1.334627771462116882e-12
4.630253066363192147e+02 3.147279091969444432e-13 2.922473145515934646e-12 0.000000000000000000e+00 0.000000000000000000e+00 3.545629087992735887e-12 0.000000000000000000e+00 0.000000000000000000e+00 0.000000000000000000e+00 0.000000000000000000e+00 1.463106170617100146e-12 1.244998055263301095e-12
4.826313967610138320e+02 2.283055905446142334e-13 2.774061156623722924e-12 0.000000000000000000e+00 0.000000000000000000e+00 2.928155204180728710e-12 0.000000000000000000e+00 0.000000000000000000e+00 0.000000000000000000e+00 0.000000000000000000e+00 1.372177102839355874e-12 1.164954914473977278e-12
5.030676764335976827e+02 1.620018881079102696e-13 2.717826201678148090e-12 0.000000000000000000e+00 0.000000000000000000e+00 2.497906976643134991e-12 0.000000000000000000e+00 0.000000000000000000e+00 0.000000000000000000e+00 0.000000000000000000e+00 1.288582976973035029e-12 1.095105030592321665e-12
5.243692987458422294e+02 1.190442174520387885e-13 2.739128784230249923e-12 0.000000000000000000e+00 0.000000000000000000e+00 2.257042355394495510e-12 0.000000000000000000e+00 0.000000000000000000e+00 0.000000000000000000e+00 0.000000000000000000e+00 1.212849859478526063e-12 1.035789204767154875e-12
5.465729052927925977e+02 1.022851614127657817e-13 2.832007877451979573e-12 0.000000000000000000e+00 0.000000000000000000e+00 2.199756234954437451e-12 0.000000000000000000e+00 0.000000000000000000e+00 0.000000000000000000e+00 0.000000000000000000e+00 1.145342891778467415e-12 9.864383985262251370e-13
5.697166892011393884e+02 1.147414229868265543e-13 3.007318956640028338e-12 0.000000000000000000e+00 0.000000000000000000e+00 2.325706964689499074e-12 0.000000000000000000e+00 0.000000000000000000e+00 0.000000000000000000e+00 0.000000000000000000e+00 1.086309536314814143e-12 9.459810953893637291e-13
5.938404608264202125e+02 1.579180233508879119e-13 3.282199632009967218e-12 0.000000000000000000e+00 0.000000000000000000e+00 2.653189934698989429e-12 0.000000000000000000e+00 0.000000000000000000e+00 0.000000000000000000e+00 0.000000000000000000e+00 1.035515401915774315e-12 9.126540741738970682e-13
6.189857162320780617e+02 2.268656902454899318e-13 3.642251910918769587e-12 0.000000000000000000e+00 0.000000000000000000e+00 3.217702936732061343e-12 0.000000000000000000e+00 0.000000000000000000e+00 0.000000000000000000e+00 0.000000000000000000e+00 9.922071395651553878e-13 8.841439687539211066e-13
6.451957085681489161e+02 3.043976819518134439e-13 3.974489176982179495e-12 0.000000000000000000e+00 0.000000000000000000e+00 4.002192529057552517e-12 0.000000000000000000e+00 0.000000000000000000e+00 0.000000000000000000e+00 0.000000000000000000e+00 9.548452812065439554e-13 8.578703467319562758e-13
6.725155224723790752e+02 3.611585318116221208e-13 4.051626316523015997e-12 0.000000000000000000e+00 0.000000000000000000e+00 4.767256119242769026e-12 0.000000000000000000e+00 0.000000000000000000e+00 0.000000000000000000e+00 0.000000000000000000e+00 9.214023889537085915e-13 8.316139057510213303e-13
7.009921516217362978e+02 3.671219371649089142e-13 3.753160163874608406e-12 0.000000000000000000e+00 0.000000000000000000e+00 5.040337626467787316e-12 0.000000000000000000e+00 0.000000000000000000e+00 0.000000000000000000e+00 0.000000000000000000e+00 8.896270297477157282e-13 8.038417652218702622e-13
7.306745795677196611e+02 3.146712344104815921e-13 3.254145546542415007e-12 0.000000000000000000e+00 0.000000000000000000e+00 4.608368331003988618e-12 0.000000000000000000e+00 0.000000000000000000e+00 0.000000000000000000e+00 0.000000000000000000e+00 8.583393067209993461e-13 7.739447839116932987e-13
7.616138639945219211e+02 2.260322625259099944e-13 2.796817509734672981e-12 0.000000000000000000e+00 0.000000000000000000e+00 3.737495777618338611e-12 0.000000000000000000e+00 0.000000000000000000e+00 0.000000000000000000e+00 0.000000000000000000e+00 8.278781542518818674e-13 7.425364071269931322e-13
7.938632245449637139e+02 1.354455371524093990e-13 2.499162899647641742e-12 0.000000000000000000e+00 0.000000000000000000e+00 2.833958393760173609e-12 0.000000000000000000e+00 0.000000000000000000e+00 0.000000000000000000e+00 0.000000000000000000e+00 7.997665871186865833e-13 7.122569767110433999e-13
8.274781343652917940e+02 6.894720347158090172e-14 2.367000918440134262e-12 0.000000000000000000e+00 0.000000000000000000e+00 2.185443068710900752e-12 0.000000000000000000e+00 0.000000000000000000e+00 0.000000000000000000e+00 0.000000000000000000e+00 7.757569094016091760e-13 6.867113496461228857e-13
8.625164155262885970e+02 3.907131601105635964e-14 2.364919815484863749e-12 0.000000000000000000e+00 0.000000000000000000e+00 1.903589324632688575e-12 0.000000000000000000e+00 0.000000000000000000e+00 0.000000000000000000e+00 0.000000000000000000e+00 7.574775619705158798e-13 6.687314040164757512e-13
8.990383384848522610e+02 4.680283346368631966e-14 2.481417368832991538e-12 0.000000000000000000e+00 0.000000000000000000e+00 1.933527444106898627e-12 0.000000000000000000e+00 0.000000000000000000e+00 0.000000000000000000e+00 0.000000000000000000e+00 7.469369404790180678e-13 6.596140467467638487e-13
9.371067257571163509e+02 8.668100948604635148e-14 2.686412384603984358e-12 0.000000000000000000e+00 0.000000000000000000e+00 2.206828683660809862e-12 0.000000000000000000e+00 0.000000000000000000e+00 0.000000000000000000e+00 0.000000000000000000e+00 7.446031860028336866e-13 6.578989197545764577e-13
9.767870599814451680e+02 1.397902565586911673e-13 2.821446070318875472e-12 0.000000000000000000e+00 0.000000000000000000e+00 2.698402169183601507e-12 0.000000000000000000e+00 0.000000000000000000e+00 0.000000000000000000e+00 0.000000000000000000e+00 7.487722069439176058e-13 6.600334424225408503e-13
1.018147596557201382e+03 1.750016826529954790e-13 2.741968983521724220e-12 0.000000000000000000e+00 0.000000000000000000e+00 3.209100905883011755e-12 0.000000000000000000e+00 0.000000000000000000e+00 0.000000000000000000e+00 0.000000000000000000e+00 7.555560696890435791e-13 6.617923458098643972e-13
1.061259481053010859e+03 1.690436240542971658e-13 2.549179704120962191e-12 0.000000000000000000e+00 0.000000000000000000e+00 3.359873367218637893e-12 0.000000000000000000e+00 0.000000000000000000e+00 0.000000000000000000e+00 0.000000000000000000e+00 7.611573866674361162e-13 6.607202933064585296e-13
1.106196871586516636e+03 1.307089407852146961e-13 2.406599512410414871e-12 0.000000000000000000e+00 0.000000000000000000e+00 3.096938590996215701e-12 0.000000000000000000e+00 0.000000000000000000e+00 0.000000000000000000e+00 0.000000000000000000e+00 7.651318898700856835e-13 6.582540277103859669e-13
1.153037066386096740e+03 1.001710394253395499e-13 2.415034780002306485e-12 0.000000000000000000e+00 0.000000000000000000e+00 2.675282248832008427e-12 0.000000000000000000e+00 0.000000000000000000e+00 0.000000000000000000e+00 0.000000000000000000e+00 7.707367337972506308e-13 6.596393930283237480e-13
1.201860636754002144e+03 1.055326513308759323e-13 2.563685535387858731e-12 0.000000000000000000e+00 0.000000000000000000e+00 2.578633063744456518e-12 0.000000000000000000e+00 0.000000000000000000e+00 0.000000000000000000e+00 0.000000000000000000e+00 7.833781933892635335e-13 6.704792210817411049e-13
1.252751565659601965e+03 1.178626527363878890e-13 2.822094677141355750e-12 0.000000000000000000e+00 0.000000000000000000e+00 2.755693618397217377e-12 0.000000000000000000e+00 0.000000000000000000e+00 0.000000000000000000e+00 0.000000000000000000e+00 8.077156846013091720e-13 6.915928530922107662e-13
1.305797392201143793e+03 7.671428813005980665e-14 3.018699640595745499e-12 0.000000000000000000e+00 0.000000000000000000e+00 2.614648861367981644e-12 0.000000000000000000e+00 0.000000000000000000e+00 0.000000000000000000e+00 0.000000000000000000e+00 8.433298892809316101e-13 7.185120099473545423e-13
1.361089362184538686e+03 -3.631199222307397302e-14 2.917878097862491179e-12 0.000000000000000000e+00 0.000000000000000000e+00 1.913378213125732497e-12 0.000000000000000000e+00 0.000000000000000000e+00 0.000000000000000000e+00 0.000000000000000000e+00 8.842073908429115376e-13 7.429872338256554072e-13
1.418722585078148768e+03 -1.285701590531311874e-13 2.777820411932366094e-12 0.000000000000000000e+00 0.000000000000000000e+00 1.305933193371407043e-12 0.000000000000000000e+00 0.000000000000000000e+00 0.000000000000000000e+00 0.000000000000000000e+00 9.246539337948938060e-13 7.617814261142939995e-13
1.478796197613608456e+03 -1.226738639395199730e-13 2.766861646261420229e-12 0.000000000000000000e+00 0.000000000000000000e+00 1.274647707844123367e-12 0.000000000000000000e+00 0.000000000000000000e+00 0.000000000000000000e+00 0.000000000000000000e+00 9.638782858669596273e-13 7.808953188872149035e-13
1.541413534314042636e+03 -8.384110362453165809e-14 2.904421997002287162e-12 0.000000000000000000e+00 0.000000000000000000e+00 1.482304916138892181e-12 0.000000000000000000e+00 0.000000000000000000e+00 0.000000000000000000e+00 0.000000000000000000e+00 1.010118905342139709e-12 8.055792184794107028e-13
1.606682305243062729e+03 -1.087948540694859795e-13 3.005692597027976183e-12 0.000000000000000000e+00 0.000000000000000000e+00 1.266336654798269472e-12 0.000000000000000000e+00 0.000000000000000000e+00 0.000000000000000000e+00 0.000000000000000000e+00 1.071049027874640651e-12 8.304615559386033219e-13
1.674714781280253874e+03 -1.630790093588453217e-13 2.954593575627899433e-12 0.000000000000000000e+00 0.000000000000000000e+00 7.750559497688951234e-13 0.000000000000000000e+00 0.000000000000000000e+00 0.000000000000000000e+00 0.000000000000000000e+00 1.137497851282314450e-12 8.476696086294200062e-13
1.745627987241863821e+03 -1.518049067969715385e-13 2.961872386576388571e-12 0.000000000000000000e+00 0.000000000000000000e+00 8.928313682505447977e-13 0.000000000000000000e+00 0.000000000000000000e+00 0.000000000000000000e+00 0.000000000000000000e+00 1.182549191179152326e-12 8.562056120722938400e-13
1.819543903178907613e+03 -7.234780725756107815e-14 3.100423641675798281e-12 0.000000000000000000e+00 0.000000000000000000e+00 1.493020954910584340e-12 0.000000000000000000e+00 0.000000000000000000e+00 0.000000000000000000e+00 0.000000000000000000e+00 1.193224028224163165e-12 8.569080454944406208e-13
1.896589674198901548e+03 -2.944067488216480818e-14 2.990986563758459171e-12 0.000000000000000000e+00 0.000000000000000000e+00 1.758110705852593708e-12 0.000000000000000000e+00 0.000000000000000000e+00 0.000000000000000000e+00 0.000000000000000000e+00 1.185594425393858868e-12 8.416554495890832572e-13
1.976897829172202819e+03 -9.307553921974631290e-14 2.548528329620115215e-12 0.000000000000000000e+00 0.000000000000000000e+00 1.091362402192163604e-12 0.000000000000000000e+00 0.000000000000000000e+00 0.000000000000000000e+00 0.000000000000000000e+00 1.164289253354597098e-12 7.965205333118039461e-13
2.060606508699101141e+03 -1.035861517308414437e-13 2.129756982472475686e-12 0.000000000000000000e+00 0.000000000000000000e+00 7.979196364798508224e-13 0.000000000000000000e+00 0.000000000000000000e+00 0.000000000000000000e+00 0.000000000000000000e+00 1.130551448963873982e-12 7.376641737292815442e-13
2.147859702729852415e+03 -4.079757296791104610e-14 1.868772960741500468e-12 0.000000000000000000e+00 0.000000000000000000e+00 9.670222693889006436e-13 0.000000000000000000e+00 0.000000000000000000e+00 0.000000000000000000e+00 0.000000000000000000e+00 1.098778188943167286e-12 7.018958766489838542e-13
2.238807498246347677e+03 -3.314776276560326792e-14 1.962875633918825055e-12 0.000000000000000000e+00 0.000000000000000000e+00 1.358695098041988825e-12 0.000000000000000000e+00 0.000000000000000000e+00 0.000000000000000000e+00 0.000000000000000000e+00 1.074711357799255920e-12 6.908565256948858973e-13
2.333606337431473548e+03 -6.886421874381143871e-14 1.955553231205786762e-12 0.000000000000000000e+00 0.000000000000000000e+00 1.364865144689928645e-12 0.000000000000000000e+00 0.000000000000000000e+00 0.000000000000000000e+00 0.000000000000000000e+00 1.071832517437032458e-12 6.981065115294705092e-13
2.432419286770282724e+03 -4.571123483525217614e-15 2.114876468730162360e-12 0.000000000000000000e+00 0.000000000000000000e+00 1.796795517583502282e-12 0.000000000000000000e+00 0.000000000000000000e+00 0.000000000000000000e+00 0.000000000000000000e+00 1.089756053298990088e-12 7.165050517519675413e-13
2.535416317545798393e+03 3.795443828040825861e-14 2.054457957874922748e-12 0.000000000000000000e+00 0.000000000000000000e+00 2.142159994863736928e-12 0.000000000000000000e+00 0.000000000000000000e+00 0.000000000000000000e+00 0.000000000000000000e+00 1.128614896090022839e-12 7.350719674238246444e-13
2.642774598212020919e+03 -1.280399842765554728e-14 2.353480781273310530e-12 0.000000000000000000e+00 0.000000000000000000e+00 2.218895331606733854e-12 0.000000000000000000e+00 0.000000000000000000e+00 0.000000000000000000e+00 0.000000000000000000e+00 1.218629477982073681e-12 8.104550933816169086e-13
2.754678799146972779e+03 1.270082430993574923e-14 2.480457128167184972e-12 0.000000000000000000e+00 0.000000000000000000e+00 2.260483145373818221e-12 0.000000000000000000e+00 0.000000000000000000e+00 0.000000000000000000e+00 0.000000000000000000e+00 1.344558448905294912e-12 8.917579721432738672e-13
2.871321410310085412e+03 6.651904165581694430e-14 3.068213998747049772e-12 0.000000000000000000e+00 0.000000000000000000e+00 3.658033608301380228e-12 0.000000000000000000e+00 0.000000000000000000e+00 0.000000000000000000e+00 0.000000000000000000e+00 1.551783618965960931e-12 1.036170078384589472e-12
2.992903072350262391e+03 7.543404571278753696e-14 3.734416088040739355e-12 0.000000000000000000e+00 0.000000000000000000e+00 4.521516640555852753e-12 0.000000000000000000e+00 0.000000000000000000e+00 0.000000000000000000e+00 0.000000000000000000e+00 1.911258818903210168e-12 1.267907269851498256e-12
3.119632921734205411e+03 2.206149563882049112e-13 4.374617102038474877e-12 0.000000000000000000e+00 0.000000000000000000e+00 6.133924821414637877e-12 0.000000000000000000e+00 0.000000000000000000e+00 0.000000000000000000e+00 0.000000000000000000e+00 2.446057508178550347e-12 1.574400787174528144e-12
3.251728950488693499e+03 2.337942178889422098e-13 5.574721742368678954e-12 0.000000000000000000e+00 0.000000000000000000e+00 7.890344306401589272e-12 0.000000000000000000e+00 0.000000000000000000e+00 0.000000000000000000e+00 0.000000000000000000e+00 3.399172475822505265e-12 2.080776238648064282e-12
3.389418381175546074e+03 3.245079647474157796e-13 7.384524835223239978e-12 0.000000000000000000e+00 0.000000000000000000e+00 1.092327032945684869e-11 0.000000000000000000e+00 0.000000000000000000e+00 0.000000000000000000e+00 0.000000000000000000e+00 5.151837555005530589e-12 2.962304700821306637e-12
3.532938057744372145e+03 5.202682104140034121e-13 1.052218244658589371e-11 0.000000000000000000e+00 0.000000000000000000e+00 1.464652900346511333e-11 0.000000000000000000e+00 0.000000000000000000e+00 0.000000000000000000e+00 0.000000000000000000e+00 9.255321511050423180e-12 4.619339667278055925e-12
3.682534852935320941e+03 1.032650595058300630e-12 1.731818192867499981e-11 0.000000000000000000e+00 0.000000000000000000e+00 2.831404751117691358e-11 0.000000000000000000e+00 0.000000000000000000e+00 0.000000000000000000e+00 0.000000000000000000e+00 2.502333489203639031e-11 9.162373422627817076e-12
3.838466092932727861e+03 1.212116137961785775e-12 5.889974748650408089e-11 0.000000000000000000e+00 0.000000000000000000e+00 8.345578038946697519e-11 0.000000000000000000e+00 0.000000000000000000e+00 0.000000000000000000e+00 0.000000000000000000e+00 1.172895923079246651e-10 2.476223864737178076e-11
4.001000000000001819e+03 0.000000000000000000e+00 0.000000000000000000e+00 0.000000000000000000e+00 0.000000000000000000e+00 0.000000000000000000e+00 0.000000000000000000e+00 0.000000000000000000e+00 0.000000000000000000e+00 0.000000000000000000e+00 0.000000000000000000e+00 0.000000000000000000e+00
