1.000000000000000000e+00 -2.852128335396877825e-09 6.099787573293595608e-09 2.492052339654691358e-08 0.000000000000000000e+00 0.000000000000000000e+00 0.000000000000000000e+00 0.000000000000000000e+00 0.000000000000000000e+00 0.000000000000000000e+00 0.000000000000000000e+00 8.999716965082777001e-08
1.044458330493748033e+00 -2.614594468561764963e-09 5.592202014766220731e-09 2.284459941958284101e-08 0.000000000000000000e+00 0.000000000000000000e+00 0.000000000000000000e+00 0.000000000000000000e+00 0.000000000000000000e+00 0.000000000000000000e+00 0.000000000000000000e+00 8.250092851902130017e-08
1.090893204137787231e+00 -2.396761150738505463e-09 5.126507551315433437e-09 2.094142880223568697e-08 0.000000000000000000e+00 0.000000000000000000e+00 0.000000000000000000e+00 0.000000000000000000e+00 0.000000000000000000e+00 0.000000000000000000e+00 0.000000000000000000e+00 7.562808994286892759e-08
1.139392494740728790e+00 -2.197065718303741771e-09 4.699574916616830191e-09 1.919679813482221262e-08 0.000000000000000000e+00 0.000000000000000000e+00 0.000000000000000000e+00 0.000000000000000000e+00 0.000000000000000000e+00 0.000000000000000000e+00 0.000000000000000000e+00 6.932777260126893554e-08
1.190047982834008033e+00 -2.013999948614998414e-09 4.308172279949411542e-09 1.759748705466749491e-08 0.000000000000000000e+00 0.000000000000000000e+00 0.000000000000000000e+00 0.000000000000000000e+00 0.000000000000000000e+00 0.000000000000000000e+00 0.000000000000000000e+00 6.355221804705397286e-08
1.242955529358260591e+00 -1.846169083848111296e-09 3.949277020687644131e-09 1.613134805066687294e-08 0.000000000000000000e+00 0.000000000000000000e+00 0.000000000000000000e+00 0.000000000000000000e+00 0.000000000000000000e+00 0.000000000000000000e+00 0.000000000000000000e+00 5.825750503870302877e-08
1.298215257071501538e+00 -1.692332450461713857e-09 3.620344179238621543e-09 1.478739003887963341e-08 0.000000000000000000e+00 0.000000000000000000e+00 0.000000000000000000e+00 0.000000000000000000e+00 0.000000000000000000e+00 0.000000000000000000e+00 0.000000000000000000e+00 5.340408575557839984e-08
1.355931740022412457e+00 -1.551304358528810056e-09 3.318751345922308902e-09 1.355535245664184206e-08 0.000000000000000000e+00 0.000000000000000000e+00 0.000000000000000000e+00 0.000000000000000000e+00 0.000000000000000000e+00 0.000000000000000000e+00 0.000000000000000000e+00 4.895479028784690523e-08
1.416214201447291599e+00 -1.422032692443674635e-09 3.042318319609010602e-09 1.242597856475005358e-08 0.000000000000000000e+00 0.000000000000000000e+00 0.000000000000000000e+00 0.000000000000000000e+00 0.000000000000000000e+00 0.000000000000000000e+00 0.000000000000000000e+00 4.487626252197957549e-08
1.479176720465174677e+00 -1.303527945603271911e-09 2.788879711980069527e-09 1.139067012128437620e-08 0.000000000000000000e+00 0.000000000000000000e+00 0.000000000000000000e+00 0.000000000000000000e+00 0.000000000000000000e+00 0.000000000000000000e+00 0.000000000000000000e+00 4.113740300984961587e-08
1.544938447962273864e+00 -1.194900523268402069e-09 2.556569066667222916e-09 1.044162455769820639e-08 0.000000000000000000e+00 0.000000000000000000e+00 0.000000000000000000e+00 0.000000000000000000e+00 0.000000000000000000e+00 0.000000000000000000e+00 0.000000000000000000e+00 3.771005819228943282e-08
1.613623832074278619e+00 -1.095322725876266480e-09 2.343597035744969798e-09 9.571638030950815533e-09 0.000000000000000000e+00 0.000000000000000000e+00 0.000000000000000000e+00 0.000000000000000000e+00 0.000000000000000000e+00 0.000000000000000000e+00 0.000000000000000000e+00 3.456820882337957441e-08
1.685362853693225027e+00 -1.004043068153976069e-09 2.148365314339678273e-09 8.774132429644821926e-09 0.000000000000000000e+00 0.000000000000000000e+00 0.000000000000000000e+00 0.000000000000000000e+00 0.000000000000000000e+00 0.000000000000000000e+00 0.000000000000000000e+00 3.168809714367662041e-08
1.760291272444604704e+00 -9.203701286589342149e-10 1.969396641101886639e-09 8.043070574560262718e-09 0.000000000000000000e+00 0.000000000000000000e+00 0.000000000000000000e+00 0.000000000000000000e+00 0.000000000000000000e+00 0.000000000000000000e+00 0.000000000000000000e+00 2.904792431840946417e-08
1.838550883600207131e+00 -8.436698354953325348e-10 1.805342557462879196e-09 7.372923678998426622e-09 0.000000000000000000e+00 0.000000000000000000e+00 0.000000000000000000e+00 0.000000000000000000e+00 0.000000000000000000e+00 0.000000000000000000e+00 0.000000000000000000e+00 2.662772655875531632e-08
1.920289786412877620e+00 -7.733613483512856488e-10 1.654948605426542763e-09 6.758607258736110920e-09 0.000000000000000000e+00 0.000000000000000000e+00 0.000000000000000000e+00 0.000000000000000000e+00 0.000000000000000000e+00 0.000000000000000000e+00 0.000000000000000000e+00 2.440914271520002400e-08
2.005662664380989835e+00 -7.089146605056999302e-10 1.517097320591866254e-09 6.195482951090676827e-09 0.000000000000000000e+00 0.000000000000000000e+00 0.000000000000000000e+00 0.000000000000000000e+00 0.000000000000000000e+00 0.000000000000000000e+00 0.000000000000000000e+00 2.237544282712440939e-08
2.094831077973011269e+00 -6.498401062915758910e-10 1.390792070495519475e-09 5.679340377705577575e-09 0.000000000000000000e+00 0.000000000000000000e+00 0.000000000000000000e+00 0.000000000000000000e+00 0.000000000000000000e+00 0.000000000000000000e+00 0.000000000000000000e+00 2.051150788239566984e-08
2.187963770366109895e+00 -5.956758179493751582e-10 1.274976594859560145e-09 5.206191553437288101e-09 0.000000000000000000e+00 0.000000000000000000e+00 0.000000000000000000e+00 0.000000000000000000e+00 0.000000000000000000e+00 0.000000000000000000e+00 0.000000000000000000e+00 1.880280623137655622e-08
2.285236986777393398e+00 -5.460230290715390795e-10 1.168805252358698232e-09 4.772458721772430467e-09 0.000000000000000000e+00 0.000000000000000000e+00 0.000000000000000000e+00 0.000000000000000000e+00 0.000000000000000000e+00 0.000000000000000000e+00 0.000000000000000000e+00 1.723645312971721472e-08
2.386834807992079366e+00 -5.005067986769710097e-10 1.071474018312213173e-09 4.374853840590930579e-09 0.000000000000000000e+00 0.000000000000000000e+00 0.000000000000000000e+00 0.000000000000000000e+00 0.000000000000000000e+00 0.000000000000000000e+00 0.000000000000000000e+00 1.580056568444542035e-08
2.492949498719772894e+00 -4.587819758954777111e-10 9.822360032233949219e-10 4.010361138366634589e-09 0.000000000000000000e+00 0.000000000000000000e+00 0.000000000000000000e+00 0.000000000000000000e+00 0.000000000000000000e+00 0.000000000000000000e+00 0.000000000000000000e+00 1.448423986376330805e-08
2.603781871438080042e+00 -4.205358169996710777e-10 9.004412643326112376e-10 3.676237740663222639e-09 0.000000000000000000e+00 0.000000000000000000e+00 0.000000000000000000e+00 0.000000000000000000e+00 0.000000000000000000e+00 0.000000000000000000e+00 0.000000000000000000e+00 1.327759503656445005e-08
2.719541666412103709e+00 -3.854766034012490624e-10 8.254493740269677849e-10 3.369941268422749502e-09 0.000000000000000000e+00 0.000000000000000000e+00 0.000000000000000000e+00 0.000000000000000000e+00 0.000000000000000000e+00 0.000000000000000000e+00 0.000000000000000000e+00 1.217142636618588279e-08
2.840447948608971096e+00 -3.533403601536353498e-10 7.567096380918940028e-10 3.089164550694346070e-09 0.000000000000000000e+00 0.000000000000000000e+00 0.000000000000000000e+00 0.000000000000000000e+00 0.000000000000000000e+00 0.000000000000000000e+00 0.000000000000000000e+00 1.115741651609132545e-08
2.966729522258517271e+00 -3.238827216386509879e-10 6.936892350534216136e-10 2.831775556814929045e-09 0.000000000000000000e+00 0.000000000000000000e+00 0.000000000000000000e+00 0.000000000000000000e+00 0.000000000000000000e+00 0.000000000000000000e+00 0.000000000000000000e+00 1.022785314956205519e-08
3.098625363844645264e+00 -2.968918981821810422e-10 6.359979127484261528e-10 2.595885161108215396e-09 0.000000000000000000e+00 0.000000000000000000e+00 0.000000000000000000e+00 0.000000000000000000e+00 0.000000000000000000e+00 0.000000000000000000e+00 0.000000000000000000e+00 9.376032159405156266e-09
3.236385074346761037e+00 -2.721358436550619187e-10 5.830668723430120897e-10 2.379634608680649035e-09 0.000000000000000000e+00 0.000000000000000000e+00 0.000000000000000000e+00 0.000000000000000000e+00 0.000000000000000000e+00 0.000000000000000000e+00 0.000000000000000000e+00 8.595080668984701916e-09
3.380269351587102289e+00 -2.494414284466612365e-10 5.345410426912045958e-10 2.181396613332899212e-09 0.000000000000000000e+00 0.000000000000000000e+00 0.000000000000000000e+00 0.000000000000000000e+00 0.000000000000000000e+00 0.000000000000000000e+00 0.000000000000000000e+00 7.879174923342280954e-09
3.530550483577849175e+00 -2.286378950167720221e-10 4.900522005451185962e-10 1.999666860171990758e-09 0.000000000000000000e+00 0.000000000000000000e+00 0.000000000000000000e+00 0.000000000000000000e+00 0.000000000000000000e+00 0.000000000000000000e+00 0.000000000000000000e+00 7.222879368535238980e-09
3.687512863801615026e+00 -2.095662423778591752e-10 4.492571470313287378e-10 1.833068715332908063e-09 0.000000000000000000e+00 0.000000000000000000e+00 0.000000000000000000e+00 0.000000000000000000e+00 0.000000000000000000e+00 0.000000000000000000e+00 0.000000000000000000e+00 6.621212643700381204e-09
3.851453529400454379e+00 -1.920862691594572261e-10 4.118656592435244054e-10 1.680349560586866237e-09 0.000000000000000000e+00 0.000000000000000000e+00 0.000000000000000000e+00 0.000000000000000000e+00 0.000000000000000000e+00 0.000000000000000000e+00 0.000000000000000000e+00 6.069671040112563017e-09
4.022682723291851836e+00 -1.760637756654395563e-10 3.775833596250282014e-10 1.540349323685863902e-09 0.000000000000000000e+00 0.000000000000000000e+00 0.000000000000000000e+00 0.000000000000000000e+00 0.000000000000000000e+00 0.000000000000000000e+00 0.000000000000000000e+00 5.564050253222392618e-09
4.201524481275451528e+00 -1.613761359937008209e-10 3.461794991569660923e-10 1.412037449471043258e-09 0.000000000000000000e+00 0.000000000000000000e+00 0.000000000000000000e+00 0.000000000000000000e+00 0.000000000000000000e+00 0.000000000000000000e+00 0.000000000000000000e+00 5.100677056933303093e-09
4.388317245241568187e+00 -1.479087113410756684e-10 3.173785963825799102e-10 1.294410338915394313e-09 0.000000000000000000e+00 0.000000000000000000e+00 0.000000000000000000e+00 0.000000000000000000e+00 0.000000000000000000e+00 0.000000000000000000e+00 0.000000000000000000e+00 4.675878085958835751e-09
4.583414503641932036e+00 -1.355638799792447837e-10 2.909749691644122251e-10 1.186579279938315435e-09 0.000000000000000000e+00 0.000000000000000000e+00 0.000000000000000000e+00 0.000000000000000000e+00 0.000000000000000000e+00 0.000000000000000000e+00 0.000000000000000000e+00 4.286453279587410945e-09
4.787185460434682405e+00 -1.242484814896293036e-10 2.667708711524836038e-10 1.087728501228217071e-09 0.000000000000000000e+00 0.000000000000000000e+00 0.000000000000000000e+00 0.000000000000000000e+00 0.000000000000000000e+00 0.000000000000000000e+00 0.000000000000000000e+00 3.929456410766674551e-09
5.000015733769552995e+00 -1.138777567708422932e-10 2.445797154060457670e-10 9.971081243568576696e-10 0.000000000000000000e+00 0.000000000000000000e+00 0.000000000000000000e+00 0.000000000000000000e+00 0.000000000000000000e+00 0.000000000000000000e+00 0.000000000000000000e+00 3.602175632532658535e-09
5.222308085735419603e+00 -1.043724912687425742e-10 2.242607459621752929e-10 9.140588607520537261e-10 0.000000000000000000e+00 0.000000000000000000e+00 0.000000000000000000e+00 0.000000000000000000e+00 0.000000000000000000e+00 0.000000000000000000e+00 0.000000000000000000e+00 3.302271030529498421e-09
5.454483184551217612e+00 -9.565552346921591767e-11 2.056199040050712951e-10 8.379216532300828508e-10 0.000000000000000000e+00 0.000000000000000000e+00 0.000000000000000000e+00 0.000000000000000000e+00 0.000000000000000000e+00 0.000000000000000000e+00 0.000000000000000000e+00 3.027310362923456373e-09
5.696980400642586595e+00 -8.766511902432603703e-11 1.885308979797395894e-10 7.681251411485554544e-10 0.000000000000000000e+00 0.000000000000000000e+00 0.000000000000000000e+00 0.000000000000000000e+00 0.000000000000000000e+00 0.000000000000000000e+00 0.000000000000000000e+00 2.775244913023338291e-09
5.950258638110759613e+00 -8.034131509303209266e-11 1.728603694005857712e-10 7.041372207166957869e-10 0.000000000000000000e+00 0.000000000000000000e+00 0.000000000000000000e+00 0.000000000000000000e+00 0.000000000000000000e+00 0.000000000000000000e+00 0.000000000000000000e+00 2.544146637927413850e-09
6.214797203167166550e+00 -7.362820396226366414e-11 1.585018474581871887e-10 6.454874443881007969e-10 0.000000000000000000e+00 0.000000000000000000e+00 0.000000000000000000e+00 0.000000000000000000e+00 0.000000000000000000e+00 0.000000000000000000e+00 0.000000000000000000e+00 2.332338591768749507e-09
6.491096711177193335e+00 -6.747227631164119673e-11 1.453372410277246023e-10 5.917258843993114213e-10 0.000000000000000000e+00 0.000000000000000000e+00 0.000000000000000000e+00 0.000000000000000000e+00 0.000000000000000000e+00 0.000000000000000000e+00 0.000000000000000000e+00 2.138182619804996142e-09
6.779680034029589741e+00 -6.182974019273613279e-11 1.332642265443367071e-10 5.424378165893904549e-10 0.000000000000000000e+00 0.000000000000000000e+00 0.000000000000000000e+00 0.000000000000000000e+00 0.000000000000000000e+00 0.000000000000000000e+00 0.000000000000000000e+00 1.960174289707805218e-09
7.081093289624342368e+00 -5.666005095883557498e-11 1.222066175160067328e-10 4.972587773093641100e-10 0.000000000000000000e+00 0.000000000000000000e+00 0.000000000000000000e+00 0.000000000000000000e+00 0.000000000000000000e+00 0.000000000000000000e+00 0.000000000000000000e+00 1.797016884622800206e-09
7.395906875351522913e+00 -5.191924102250882664e-11 1.120697259338186918e-10 4.558486135084360006e-10 0.000000000000000000e+00 0.000000000000000000e+00 0.000000000000000000e+00 0.000000000000000000e+00 0.000000000000000000e+00 0.000000000000000000e+00 0.000000000000000000e+00 1.647472036061019574e-09
7.724716547516883303e+00 -4.757276316245580596e-11 1.027725340989761928e-10 4.178843184307787902e-10 0.000000000000000000e+00 0.000000000000000000e+00 0.000000000000000000e+00 0.000000000000000000e+00 0.000000000000000000e+00 0.000000000000000000e+00 0.000000000000000000e+00 1.510364014101663596e-09
8.068144548756912116e+00 -4.358900365190777560e-11 9.424660548465549535e-11 3.830795722452256239e-10 0.000000000000000000e+00 0.000000000000000000e+00 0.000000000000000000e+00 0.000000000000000000e+00 0.000000000000000000e+00 0.000000000000000000e+00 0.000000000000000000e+00 1.384660597149720110e-09
8.426840785576876769e+00 -3.993632304551287653e-11 8.643435027468811788e-11 3.511795712826623111e-10 0.000000000000000000e+00 0.000000000000000000e+00 0.000000000000000000e+00 0.000000000000000000e+00 0.000000000000000000e+00 0.000000000000000000e+00 0.000000000000000000e+00 1.269455065537580458e-09
8.801484058240248487e+00 -3.658819216615972760e-11 7.927026613457785225e-11 3.219342622687790388e-10 0.000000000000000000e+00 0.000000000000000000e+00 0.000000000000000000e+00 0.000000000000000000e+00 0.000000000000000000e+00 0.000000000000000000e+00 0.000000000000000000e+00 1.163832832144659396e-09
9.192783345336948742e+00 -3.352002367913232866e-11 7.270685923898448891e-11 2.951273098734044058e-10 0.000000000000000000e+00 0.000000000000000000e+00 0.000000000000000000e+00 0.000000000000000000e+00 0.000000000000000000e+00 0.000000000000000000e+00 0.000000000000000000e+00 1.067021399044374507e-09
9.601479145461361497e+00 -3.070686509978575335e-11 6.669175475693951983e-11 2.705562779535992817e-10 0.000000000000000000e+00 0.000000000000000000e+00 0.000000000000000000e+00 0.000000000000000000e+00 0.000000000000000000e+00 0.000000000000000000e+00 0.000000000000000000e+00 9.782880403471965463e-10
1.002834487853911227e+01 -2.812818805474949014e-11 6.117282732553624895e-11 2.480274253780060580e-10 0.000000000000000000e+00 0.000000000000000000e+00 0.000000000000000000e+00 0.000000000000000000e+00 0.000000000000000000e+00 0.000000000000000000e+00 0.000000000000000000e+00 8.969205415334619202e-10
1.047418834945448829e+01 -2.576381302536470586e-11 5.611425731525131632e-11 2.273784199422452544e-10 0.000000000000000000e+00 0.000000000000000000e+00 0.000000000000000000e+00 0.000000000000000000e+00 0.000000000000000000e+00 0.000000000000000000e+00 0.000000000000000000e+00 8.223450269471329363e-10
1.093985327674830188e+01 -2.359645433359598556e-11 5.147649379849887225e-11 2.084475334664653250e-10 0.000000000000000000e+00 0.000000000000000000e+00 0.000000000000000000e+00 0.000000000000000000e+00 0.000000000000000000e+00 0.000000000000000000e+00 0.000000000000000000e+00 7.539748114701652210e-10
1.142622088927908841e+01 -2.161053515165018710e-11 4.723104745571333984e-11 1.910984138655857807e-10 0.000000000000000000e+00 0.000000000000000000e+00 0.000000000000000000e+00 0.000000000000000000e+00 0.000000000000000000e+00 0.000000000000000000e+00 0.000000000000000000e+00 6.913249148832368623e-10
1.193421159386922703e+01 -1.978930420011290299e-11 4.333276763522868724e-11 1.751906753081595198e-10 0.000000000000000000e+00 0.000000000000000000e+00 0.000000000000000000e+00 0.000000000000000000e+00 0.000000000000000000e+00 0.000000000000000000e+00 0.000000000000000000e+00 6.338700363053757459e-10
1.246478671709178343e+01 -1.812017179513853045e-11 3.976201053075087953e-11 1.606096631572032401e-10 0.000000000000000000e+00 0.000000000000000000e+00 0.000000000000000000e+00 0.000000000000000000e+00 0.000000000000000000e+00 0.000000000000000000e+00 0.000000000000000000e+00 5.812121639349392308e-10
1.301895032449433032e+01 -1.658978279701954710e-11 3.648693567479096640e-11 1.472424244530032948e-10 0.000000000000000000e+00 0.000000000000000000e+00 0.000000000000000000e+00 0.000000000000000000e+00 0.000000000000000000e+00 0.000000000000000000e+00 0.000000000000000000e+00 5.329348124352303341e-10
1.359775112070238734e+01 -1.518712023898604305e-11 3.348569628338068706e-11 1.349903185776626212e-10 0.000000000000000000e+00 0.000000000000000000e+00 0.000000000000000000e+00 0.000000000000000000e+00 0.000000000000000000e+00 0.000000000000000000e+00 0.000000000000000000e+00 4.886868158429894537e-10
1.420228443399830631e+01 -1.390141319100463062e-11 3.073498641668278178e-11 1.237578707904226376e-10 0.000000000000000000e+00 0.000000000000000000e+00 0.000000000000000000e+00 0.000000000000000000e+00 0.000000000000000000e+00 0.000000000000000000e+00 0.000000000000000000e+00 4.481216074716150646e-10
1.483369428913121624e+01 -1.272240387395140459e-11 2.821127800686553747e-11 1.134612512380913571e-10 0.000000000000000000e+00 0.000000000000000000e+00 0.000000000000000000e+00 0.000000000000000000e+00 0.000000000000000000e+00 0.000000000000000000e+00 0.000000000000000000e+00 4.109336220928892615e-10
1.549317557228063258e+01 -1.164226145193311598e-11 2.590158993055901405e-11 1.040237425033959821e-10 0.000000000000000000e+00 0.000000000000000000e+00 0.000000000000000000e+00 0.000000000000000000e+00 0.000000000000000000e+00 0.000000000000000000e+00 0.000000000000000000e+00 3.768543418334565753e-10
1.618197629227075041e+01 -1.065162709711590299e-11 2.377991445458255630e-11 9.537046801083655848e-11 0.000000000000000000e+00 0.000000000000000000e+00 0.000000000000000000e+00 0.000000000000000000e+00 0.000000000000000000e+00 0.000000000000000000e+00 0.000000000000000000e+00 3.456001536694148376e-10
1.690139994231451581e+01 -9.743496720482689087e-12 2.183667945997852519e-11 8.743898317175373867e-11 0.000000000000000000e+00 0.000000000000000000e+00 0.000000000000000000e+00 0.000000000000000000e+00 0.000000000000000000e+00 0.000000000000000000e+00 0.000000000000000000e+00 3.169560568957578222e-10
1.765280796675694930e+01 -8.911445616329759248e-12 2.005644293161979455e-11 8.016867983574153070e-11 0.000000000000000000e+00 0.000000000000000000e+00 0.000000000000000000e+00 0.000000000000000000e+00 0.000000000000000000e+00 0.000000000000000000e+00 0.000000000000000000e+00 2.907017592543258584e-10
1.843762233748569912e+01 -8.148344847039560942e-12 1.842244950649374731e-11 7.350336804709122153e-11 0.000000000000000000e+00 0.000000000000000000e+00 0.000000000000000000e+00 0.000000000000000000e+00 0.000000000000000000e+00 0.000000000000000000e+00 0.000000000000000000e+00 2.666292662384994001e-10
1.925732824488454753e+01 -7.449016190655962548e-12 1.692590750960893661e-11 6.739373984114354346e-11 0.000000000000000000e+00 0.000000000000000000e+00 0.000000000000000000e+00 0.000000000000000000e+00 0.000000000000000000e+00 0.000000000000000000e+00 0.000000000000000000e+00 2.445663412129801275e-10
2.011347690842221425e+01 -6.808012332007374849e-12 1.555357664372041853e-11 6.179245985922330671e-11 0.000000000000000000e+00 0.000000000000000000e+00 0.000000000000000000e+00 0.000000000000000000e+00 0.000000000000000000e+00 0.000000000000000000e+00 0.000000000000000000e+00 2.243382274239475011e-10
2.100768851219521594e+01 -6.220274289301935579e-12 1.429462039115079895e-11 5.665779533898418063e-11 0.000000000000000000e+00 0.000000000000000000e+00 0.000000000000000000e+00 0.000000000000000000e+00 0.000000000000000000e+00 0.000000000000000000e+00 0.000000000000000000e+00 2.057942108514480834e-10
2.194165527098010315e+01 -5.681451050329455365e-12 1.314080057054298146e-11 5.195105544603010091e-11 0.000000000000000000e+00 0.000000000000000000e+00 0.000000000000000000e+00 0.000000000000000000e+00 0.000000000000000000e+00 0.000000000000000000e+00 0.000000000000000000e+00 1.887970466640430934e-10
2.291714463259722478e+01 -5.187628722466368251e-12 1.208325588294491468e-11 4.763643743702953644e-11 0.000000000000000000e+00 0.000000000000000000e+00 0.000000000000000000e+00 0.000000000000000000e+00 0.000000000000000000e+00 0.000000000000000000e+00 0.000000000000000000e+00 1.732160656572198062e-10
2.393600262264625655e+01 -4.735139565240741494e-12 1.111483932794532716e-11 4.368147948896532248e-11 0.000000000000000000e+00 0.000000000000000000e+00 0.000000000000000000e+00 0.000000000000000000e+00 0.000000000000000000e+00 0.000000000000000000e+00 0.000000000000000000e+00 1.589361021732265172e-10
2.500015733794308304e+01 -4.320276942386901971e-12 1.022592347662548392e-11 4.005533807940551199e-11 0.000000000000000000e+00 0.000000000000000000e+00 0.000000000000000000e+00 0.000000000000000000e+00 0.000000000000000000e+00 0.000000000000000000e+00 0.000000000000000000e+00 1.458421515806131598e-10
2.611162259526905771e+01 -3.940050938915262099e-12 9.411139615315938892e-12 3.673129657460921699e-11 0.000000000000000000e+00 0.000000000000000000e+00 0.000000000000000000e+00 0.000000000000000000e+00 0.000000000000000000e+00 0.000000000000000000e+00 0.000000000000000000e+00 1.338397071365132795e-10
2.727250174233754620e+01 -3.591596098417985912e-12 8.664701002868843509e-12 3.368433936539796656e-11 0.000000000000000000e+00 0.000000000000000000e+00 0.000000000000000000e+00 0.000000000000000000e+00 0.000000000000000000e+00 0.000000000000000000e+00 0.000000000000000000e+00 1.228390877476350301e-10
2.848499163818970814e+01 -3.272160418206194283e-12 7.980051893153844907e-12 3.089085391481056670e-11 0.000000000000000000e+00 0.000000000000000000e+00 0.000000000000000000e+00 0.000000000000000000e+00 0.000000000000000000e+00 0.000000000000000000e+00 0.000000000000000000e+00 1.127535203046893044e-10
2.975138681055199186e+01 -2.979508035844225713e-12 7.353045465108291779e-12 2.833019901878944237e-11 0.000000000000000000e+00 0.000000000000000000e+00 0.000000000000000000e+00 0.000000000000000000e+00 0.000000000000000000e+00 0.000000000000000000e+00 0.000000000000000000e+00 1.035102945435376290e-10
3.107408379802284770e+01 -2.711088773605428429e-12 6.777039648914706088e-12 2.598233331881493703e-11 0.000000000000000000e+00 0.000000000000000000e+00 0.000000000000000000e+00 0.000000000000000000e+00 0.000000000000000000e+00 0.000000000000000000e+00 0.000000000000000000e+00 9.503370588330933441e-11
3.245558568530577048e+01 -2.465220159115645821e-12 6.249594392337693857e-12 2.383014713409854099e-11 0.000000000000000000e+00 0.000000000000000000e+00 0.000000000000000000e+00 0.000000000000000000e+00 0.000000000000000000e+00 0.000000000000000000e+00 0.000000000000000000e+00 8.726544382763809423e-11
3.389850684007124926e+01 -2.240022469140579491e-12 5.766469340513047575e-12 2.185703328419698188e-11 0.000000000000000000e+00 0.000000000000000000e+00 0.000000000000000000e+00 0.000000000000000000e+00 0.000000000000000000e+00 0.000000000000000000e+00 0.000000000000000000e+00 8.014503326213094912e-11
3.540557786041171795e+01 -2.033565204542533665e-12 5.323279973803716593e-12 2.004824848914131724e-11 0.000000000000000000e+00 0.000000000000000000e+00 0.000000000000000000e+00 0.000000000000000000e+00 0.000000000000000000e+00 0.000000000000000000e+00 0.000000000000000000e+00 7.361788945416086867e-11
3.697965074225202642e+01 -1.844416875155468903e-12 4.916613424644122452e-12 1.838964191059789038e-11 0.000000000000000000e+00 0.000000000000000000e+00 0.000000000000000000e+00 0.000000000000000000e+00 0.000000000000000000e+00 0.000000000000000000e+00 0.000000000000000000e+00 6.763288417607816377e-11
3.862370427649444338e+01 -1.671152704849655874e-12 4.544246365286649981e-12 1.686934862226286604e-11 0.000000000000000000e+00 0.000000000000000000e+00 0.000000000000000000e+00 0.000000000000000000e+00 0.000000000000000000e+00 0.000000000000000000e+00 0.000000000000000000e+00 6.214866993919832937e-11
4.034084968611161770e+01 -1.512479615447125991e-12 4.202899285877558118e-12 1.547541484419781810e-11 0.000000000000000000e+00 0.000000000000000000e+00 0.000000000000000000e+00 0.000000000000000000e+00 0.000000000000000000e+00 0.000000000000000000e+00 0.000000000000000000e+00 5.712125819480712315e-11
4.213433651385538070e+01 -1.367158876147694076e-12 3.889819016961581109e-12 1.419724431166920720e-11 0.000000000000000000e+00 0.000000000000000000e+00 0.000000000000000000e+00 0.000000000000000000e+00 0.000000000000000000e+00 0.000000000000000000e+00 0.000000000000000000e+00 5.251219219890570496e-11
4.400755877172315422e+01 -1.234048957071018340e-12 3.602650254355922549e-12 1.302538070909511577e-11 0.000000000000000000e+00 0.000000000000000000e+00 0.000000000000000000e+00 0.000000000000000000e+00 0.000000000000000000e+00 0.000000000000000000e+00 0.000000000000000000e+00 4.828728204931440478e-11
4.596406136381946084e+01 -1.112237522847691697e-12 3.339755532865518819e-12 1.195109100467449891e-11 0.000000000000000000e+00 0.000000000000000000e+00 0.000000000000000000e+00 0.000000000000000000e+00 0.000000000000000000e+00 0.000000000000000000e+00 0.000000000000000000e+00 4.441579598042723613e-11
4.800754679476705888e+01 -1.000790222547850891e-12 3.098944401730208029e-12 1.096604856747761435e-11 0.000000000000000000e+00 0.000000000000000000e+00 0.000000000000000000e+00 0.000000000000000000e+00 0.000000000000000000e+00 0.000000000000000000e+00 0.000000000000000000e+00 4.086765195122921640e-11
5.014188217636289124e+01 -8.988049475827743802e-13 2.877941304560257316e-12 1.006270246752197923e-11 0.000000000000000000e+00 0.000000000000000000e+00 0.000000000000000000e+00 0.000000000000000000e+00 0.000000000000000000e+00 0.000000000000000000e+00 0.000000000000000000e+00 3.761461965565053147e-11
5.237110654573820057e+01 -8.055708770418209946e-13 2.675648056116306229e-12 9.234488332797751266e-12 0.000000000000000000e+00 0.000000000000000000e+00 0.000000000000000000e+00 0.000000000000000000e+00 0.000000000000000000e+00 0.000000000000000000e+00 0.000000000000000000e+00 3.463404653606396382e-11
5.469943850887192127e+01 -7.203186722845813732e-13 2.490075006363277269e-12 8.475020809665254095e-12 0.000000000000000000e+00 0.000000000000000000e+00 0.000000000000000000e+00 0.000000000000000000e+00 0.000000000000000000e+00 0.000000000000000000e+00 0.000000000000000000e+00 3.190183981767169596e-11
5.713128422392179573e+01 -6.424620982525068121e-13 2.320085004177253616e-12 7.778526159400675194e-12 0.000000000000000000e+00 0.000000000000000000e+00 0.000000000000000000e+00 0.000000000000000000e+00 0.000000000000000000e+00 0.000000000000000000e+00 0.000000000000000000e+00 2.939781285005844462e-11
5.967124573948116506e+01 -5.714044909698633669e-13 2.164511694732432883e-12 7.139935373347237927e-12 0.000000000000000000e+00 0.000000000000000000e+00 0.000000000000000000e+00 0.000000000000000000e+00 0.000000000000000000e+00 0.000000000000000000e+00 0.000000000000000000e+00 2.710394355700358532e-11
6.232412970354067028e+01 -5.065750805514834707e-13 2.021697580394345650e-12 6.554183116922709388e-12 0.000000000000000000e+00 0.000000000000000000e+00 0.000000000000000000e+00 0.000000000000000000e+00 0.000000000000000000e+00 0.000000000000000000e+00 0.000000000000000000e+00 2.500077721820980646e-11
6.509495645963586696e+01 -4.475352555354784863e-13 1.891226554450013831e-12 6.017170724586331248e-12 0.000000000000000000e+00 0.000000000000000000e+00 0.000000000000000000e+00 0.000000000000000000e+00 0.000000000000000000e+00 0.000000000000000000e+00 0.000000000000000000e+00 2.307510058872948486e-11
6.798896954739448972e+01 -3.938004456278526149e-13 1.771588277510290545e-12 5.524631372177549530e-12 0.000000000000000000e+00 0.000000000000000000e+00 0.000000000000000000e+00 0.000000000000000000e+00 0.000000000000000000e+00 0.000000000000000000e+00 0.000000000000000000e+00 2.131009304122744493e-11
7.101164562546192371e+01 -3.450096693100586500e-13 1.662308515682150449e-12 5.072988369985146094e-12 0.000000000000000000e+00 0.000000000000000000e+00 0.000000000000000000e+00 0.000000000000000000e+00 0.000000000000000000e+00 0.000000000000000000e+00 0.000000000000000000e+00 1.969398461011746083e-11
7.416870483558362537e+01 -3.007451328936001248e-13 1.562169406435832362e-12 4.658815268194217457e-12 0.000000000000000000e+00 0.000000000000000000e+00 0.000000000000000000e+00 0.000000000000000000e+00 0.000000000000000000e+00 0.000000000000000000e+00 0.000000000000000000e+00 1.821322185850026113e-11
7.746612162745724106e+01 -2.607203783930565410e-13 1.470730952478900229e-12 4.279041455051314463e-12 0.000000000000000000e+00 0.000000000000000000e+00 0.000000000000000000e+00 0.000000000000000000e+00 0.000000000000000000e+00 0.000000000000000000e+00 0.000000000000000000e+00 1.685765636533223189e-11
8.091013606483961951e+01 -2.245887866318408650e-13 1.387019403172309884e-12 3.930841619902777325e-12 0.000000000000000000e+00 0.000000000000000000e+00 0.000000000000000000e+00 0.000000000000000000e+00 0.000000000000000000e+00 0.000000000000000000e+00 0.000000000000000000e+00 1.561600909677572763e-11
8.450726563430438887e+01 -1.921152590927070294e-13 1.310660900616023885e-12 3.611648478240035957e-12 0.000000000000000000e+00 0.000000000000000000e+00 0.000000000000000000e+00 0.000000000000000000e+00 0.000000000000000000e+00 0.000000000000000000e+00 0.000000000000000000e+00 1.447968629390236335e-11
8.826431757899723607e+01 -1.630485122126581060e-13 1.241076648304917784e-12 3.319132807869024718e-12 0.000000000000000000e+00 0.000000000000000000e+00 0.000000000000000000e+00 0.000000000000000000e+00 0.000000000000000000e+00 0.000000000000000000e+00 0.000000000000000000e+00 1.344007597419688550e-11
9.218840178072943559e+01 -1.371743865257618999e-13 1.177805024917897844e-12 3.051129221730919719e-12 0.000000000000000000e+00 0.000000000000000000e+00 0.000000000000000000e+00 0.000000000000000000e+00 0.000000000000000000e+00 0.000000000000000000e+00 0.000000000000000000e+00 1.248941264318594027e-11
9.628694421478752474e+01 -1.142806876494919555e-13 1.120208368792826183e-12 2.805678341545323217e-12 0.000000000000000000e+00 0.000000000000000000e+00 0.000000000000000000e+00 0.000000000000000000e+00 0.000000000000000000e+00 0.000000000000000000e+00 0.000000000000000000e+00 1.161991023697166065e-11
1.005677010029216234e+02 -9.420528537761219700e-14 1.067901797204107267e-12 2.581000711566540831e-12 0.000000000000000000e+00 0.000000000000000000e+00 0.000000000000000000e+00 0.000000000000000000e+00 0.000000000000000000e+00 0.000000000000000000e+00 0.000000000000000000e+00 1.082506608914345298e-11
1.050387730911060089e+02 -7.679884988222885112e-14 1.020724666181254813e-12 2.375536821210857652e-12 0.000000000000000000e+00 0.000000000000000000e+00 0.000000000000000000e+00 0.000000000000000000e+00 0.000000000000000000e+00 0.000000000000000000e+00 0.000000000000000000e+00 1.009964646610473039e-11
1.097086215798481419e+02 -6.191920974730126410e-14 9.783070726596556577e-13 2.187798913943978869e-12 0.000000000000000000e+00 0.000000000000000000e+00 0.000000000000000000e+00 0.000000000000000000e+00 0.000000000000000000e+00 0.000000000000000000e+00 0.000000000000000000e+00 9.437870697469671119e-12
1.145860837360586260e+02 -4.942585646548495805e-14 9.400483063392032802e-13 2.016499984181736431e-12 0.000000000000000000e+00 0.000000000000000000e+00 0.000000000000000000e+00 0.000000000000000000e+00 0.000000000000000000e+00 0.000000000000000000e+00 0.000000000000000000e+00 8.833660027805377150e-12
1.196803897167805388e+02 -3.923309384161904430e-14 9.063015927149384554e-13 1.860500261043059634e-12 0.000000000000000000e+00 0.000000000000000000e+00 0.000000000000000000e+00 0.000000000000000000e+00 0.000000000000000000e+00 0.000000000000000000e+00 0.000000000000000000e+00 8.284470563798437343e-12
1.250011800364298011e+02 -3.121663470788037504e-14 8.763289878333810339e-13 1.718750807372151667e-12 0.000000000000000000e+00 0.000000000000000000e+00 0.000000000000000000e+00 0.000000000000000000e+00 0.000000000000000000e+00 0.000000000000000000e+00 0.000000000000000000e+00 7.784213992001558382e-12
1.305585238105978192e+02 -2.528621575381733903e-14 8.503068896578331659e-13 1.590382146060429714e-12 0.000000000000000000e+00 0.000000000000000000e+00 0.000000000000000000e+00 0.000000000000000000e+00 0.000000000000000000e+00 0.000000000000000000e+00 0.000000000000000000e+00 7.330222158329133084e-12
1.363629378109453114e+02 -2.134725440701702575e-14 8.282727496113736814e-13 1.474597017292803507e-12 0.000000000000000000e+00 0.000000000000000000e+00 0.000000000000000000e+00 0.000000000000000000e+00 0.000000000000000000e+00 0.000000000000000000e+00 0.000000000000000000e+00 6.919473610600895767e-12
1.424254063672426582e+02 -1.928500207481267119e-14 8.098537809218719198e-13 1.370764096103376955e-12 0.000000000000000000e+00 0.000000000000000000e+00 0.000000000000000000e+00 0.000000000000000000e+00 0.000000000000000000e+00 0.000000000000000000e+00 0.000000000000000000e+00 6.547670549854041015e-12
1.487574021542239677e+02 -1.899913109539851413e-14 7.952928800649418806e-13 1.278288694050304177e-12 0.000000000000000000e+00 0.000000000000000000e+00 0.000000000000000000e+00 0.000000000000000000e+00 0.000000000000000000e+00 0.000000000000000000e+00 0.000000000000000000e+00 6.212697328746637888e-12
1.553709079025877600e+02 -2.034500607104959004e-14 7.846612505419242940e-13 1.196845438025905001e-12 0.000000000000000000e+00 0.000000000000000000e+00 0.000000000000000000e+00 0.000000000000000000e+00 0.000000000000000000e+00 0.000000000000000000e+00 0.000000000000000000e+00 5.911964545464918057e-12
1.622784390752347861e+02 -2.315698423110860623e-14 7.781967210581720516e-13 1.126168485260163702e-12 0.000000000000000000e+00 0.000000000000000000e+00 0.000000000000000000e+00 0.000000000000000000e+00 0.000000000000000000e+00 0.000000000000000000e+00 0.000000000000000000e+00 5.643260005962059289e-12
1.694930675516510235e+02 -2.722029259679636716e-14 7.760432989357452837e-13 1.066182003181052444e-12 0.000000000000000000e+00 0.000000000000000000e+00 0.000000000000000000e+00 0.000000000000000000e+00 0.000000000000000000e+00 0.000000000000000000e+00 0.000000000000000000e+00 5.404008408981031104e-12
1.770284463652615727e+02 -3.227317948164386587e-14 7.788266960298518735e-13 1.017000394559880535e-12 0.000000000000000000e+00 0.000000000000000000e+00 0.000000000000000000e+00 0.000000000000000000e+00 0.000000000000000000e+00 0.000000000000000000e+00 0.000000000000000000e+00 5.193046794747793013e-12
1.848988355405630273e+02 -3.794175837997676583e-14 7.865287509896173645e-13 9.790160759650172145e-13 0.000000000000000000e+00 0.000000000000000000e+00 0.000000000000000000e+00 0.000000000000000000e+00 0.000000000000000000e+00 0.000000000000000000e+00 0.000000000000000000e+00 5.006453063629132726e-12
1.931191290789346340e+02 -4.381800989266626768e-14 8.006761499739230869e-13 9.529505193953656578e-13 0.000000000000000000e+00 0.000000000000000000e+00 0.000000000000000000e+00 0.000000000000000000e+00 0.000000000000000000e+00 0.000000000000000000e+00 0.000000000000000000e+00 4.845455312783724116e-12
2.017048831441905747e+02 -4.929009939644715201e-14 8.214414031021852679e-13 9.400052338176787074e-13 0.000000000000000000e+00 0.000000000000000000e+00 0.000000000000000000e+00 0.000000000000000000e+00 0.000000000000000000e+00 0.000000000000000000e+00 0.000000000000000000e+00 4.705450974309511050e-12
2.106723455012179329e+02 -5.365279941592651295e-14 8.502366683406311377e-13 9.420884724796616605e-13 0.000000000000000000e+00 0.000000000000000000e+00 0.000000000000000000e+00 0.000000000000000000e+00 0.000000000000000000e+00 0.000000000000000000e+00 0.000000000000000000e+00 4.585287043139720698e-12
2.200384862634040246e+02 -5.601483146349901822e-14 8.885360736665508490e-13 9.621759973106199043e-13 0.000000000000000000e+00 0.000000000000000000e+00 0.000000000000000000e+00 0.000000000000000000e+00 0.000000000000000000e+00 0.000000000000000000e+00 0.000000000000000000e+00 4.482610309474159788e-12
2.298210300070466019e+02 -5.527494638782692965e-14 9.377256590863740482e-13 1.004943665753875944e-12 0.000000000000000000e+00 0.000000000000000000e+00 0.000000000000000000e+00 0.000000000000000000e+00 0.000000000000000000e+00 0.000000000000000000e+00 0.000000000000000000e+00 4.393150959281597622e-12
2.400384893135133382e+02 -5.021238020599906198e-14 1.000041153551694745e-12 1.077649034158196391e-12 0.000000000000000000e+00 0.000000000000000000e+00 0.000000000000000000e+00 0.000000000000000000e+00 0.000000000000000000e+00 0.000000000000000000e+00 0.000000000000000000e+00 4.313864333171409129e-12
2.507101998026336389e+02 -3.949900069117991244e-14 1.077908746872674748e-12 1.191621637849482861e-12 0.000000000000000000e+00 0.000000000000000000e+00 0.000000000000000000e+00 0.000000000000000000e+00 0.000000000000000000e+00 0.000000000000000000e+00 0.000000000000000000e+00 4.240454867806363782e-12
2.618563567236125778e+02 -2.183867378607824944e-14 1.172984331800697706e-12 1.363968805396755333e-12 0.000000000000000000e+00 0.000000000000000000e+00 0.000000000000000000e+00 0.000000000000000000e+00 0.000000000000000000e+00 0.000000000000000000e+00 0.000000000000000000e+00 4.165260746238896586e-12
2.734980531727196080e+02 3.645960723051289185e-15 1.286545703913907201e-12 1.619427659775537634e-12 0.000000000000000000e+00 0.000000000000000000e+00 0.000000000000000000e+00 0.000000000000000000e+00 0.000000000000000000e+00 0.000000000000000000e+00 0.000000000000000000e+00 4.081523380977597361e-12
2.856573200100691565e+02 3.694895363464167368e-14 1.417134827712731952e-12 1.989499991373811560e-12 0.000000000000000000e+00 0.000000000000000000e+00 0.000000000000000000e+00 0.000000000000000000e+00 0.000000000000000000e+00 0.000000000000000000e+00 0.000000000000000000e+00 3.981066684743983868e-12
2.983571675510349905e+02 7.648651860856839230e-14 1.557892403263105248e-12 2.503543238468195019e-12 0.000000000000000000e+00 0.000000000000000000e+00 0.000000000000000000e+00 0.000000000000000000e+00 0.000000000000000000e+00 0.000000000000000000e+00 0.000000000000000000e+00 3.855972467236346911e-12
3.116216291111976489e+02 1.184307190514048870e-13 1.692599595325664810e-12 3.165367196687354370e-12 0.000000000000000000e+00 0.000000000000000000e+00 0.000000000000000000e+00 0.000000000000000000e+00 0.000000000000000000e+00 0.000000000000000000e+00 0.000000000000000000e+00 3.700879561743747730e-12
3.254758064872232239e+02 1.567032480817572661e-13 1.792731296040488678e-12 3.909568634257430483e-12 0.000000000000000000e+00 0.000000000000000000e+00 0.000000000000000000e+00 0.000000000000000000e+00 0.000000000000000000e+00 0.000000000000000000e+00 0.000000000000000000e+00 3.513621490967495666e-12
3.399459174597515698e+02 1.843922158330709132e-13 1.823572313079939029e-12 4.570130472637229168e-12 0.000000000000000000e+00 0.000000000000000000e+00 0.000000000000000000e+00 0.000000000000000000e+00 0.000000000000000000e+00 0.000000000000000000e+00 0.000000000000000000e+00 3.298641208039307440e-12
3.550593454081774212e+02 1.963654525714903825e-13 1.761108042795657369e-12 4.927192888790836128e-12 0.000000000000000000e+00 0.000000000000000000e+00 0.000000000000000000e+00 0.000000000000000000e+00 0.000000000000000000e+00 0.000000000000000000e+00 0.000000000000000000e+00 3.064215523129782889e-12
3.708446911312281600e+02 1.916532171652393656e-13 1.612147665932773910e-12 4.847146079766722142e-12 0.000000000000000000e+00 0.000000000000000000e+00 0.000000000000000000e+00 0.000000000000000000e+00 0.000000000000000000e+00 0.000000000000000000e+00 0.000000000000000000e+00 2.820227699155695653e-12
3.873318269713919904e+02 1.737760911905316392e-13 1.414349030636539727e-12 4.383878335060061496e-12 0.000000000000000000e+00 0.000000000000000000e+00 0.000000000000000000e+00 0.000000000000000000e+00 0.000000000000000000e+00 0.000000000000000000e+00 0.000000000000000000e+00 2.577235425820845710e-12
4.045519533456335921e+02 1.483293605238148484e-13 1.211356032246616052e-12 3.718572956535582761e-12 0.000000000000000000e+00 0.000000000000000000e+00 0.000000000000000000e+00 0.000000000000000000e+00 0.000000000000000000e+00 0.000000000000000000e+00 0.000000000000000000e+00 2.342683229130744204e-12
4.225376577893648573e+02 1.207327124817924413e-13 1.033902587814167222e-12 3.030351990840469387e-12 0.000000000000000000e+00 0.000000000000000000e+00 0.000000000000000000e+00 0.000000000000000000e+00 0.000000000000000000e+00 0.000000000000000000e+00 0.000000000000000000e+00 2.124539631339704407e-12
4.413229766254188462e+02 9.460081824003040575e-14 8.942497890319362022e-13 2.426211097165925183e-12 0.000000000000000000e+00 0.000000000000000000e+00 0.000000000000000000e+00 0.000000000000000000e+00 0.000000000000000000e+00 0.000000000000000000e+00 0.000000000000000000e+00 1.927918981705290373e-12
4.609434593747161557e+02 7.180980826889624825e-14 7.929781654859740530e-13 1.946099833196682392e-12 0.000000000000000000e+00 0.000000000000000000e+00 0.000000000000000000e+00 0.000000000000000000e+00 0.000000000000000000e+00 0.000000000000000000e+00 0.000000000000000000e+00 1.755511967104626674e-12
4.814362360305290167e+02 5.326075638111486039e-14 7.265269558670497026e-13 1.592564886450043882e-12 0.000000000000000000e+00 0.000000000000000000e+00 0.000000000000000000e+00 0.000000000000000000e+00 0.000000000000000000e+00 0.000000000000000000e+00 0.000000000000000000e+00 1.608908644566553363e-12
5.028400873236400912e+02 3.950959929049700903e-14 6.897751073020094718e-13 1.355131547193760276e-12 0.000000000000000000e+00 0.000000000000000000e+00 0.000000000000000000e+00 0.000000000000000000e+00 0.000000000000000000e+00 0.000000000000000000e+00 0.000000000000000000e+00 1.486297852693113887e-12
5.251955181113798972e+02 3.127537275157329346e-14 6.786751918166322732e-13 1.223015375353240987e-12 0.000000000000000000e+00 0.000000000000000000e+00 0.000000000000000000e+00 0.000000000000000000e+00 0.000000000000000000e+00 0.000000000000000000e+00 0.000000000000000000e+00 1.385032440805014274e-12
5.485448340294104810e+02 2.937788196063953867e-14 6.895464992884575854e-13 1.191250334163848102e-12 0.000000000000000000e+00 0.000000000000000000e+00 0.000000000000000000e+00 0.000000000000000000e+00 0.000000000000000000e+00 0.000000000000000000e+00 0.000000000000000000e+00 1.300695552929635993e-12
5.729322215513284391e+02 3.423031916677303568e-14 7.180283555972017038e-13 1.262176071327737462e-12 0.000000000000000000e+00 0.000000000000000000e+00 0.000000000000000000e+00 0.000000000000000000e+00 0.000000000000000000e+00 0.000000000000000000e+00 0.000000000000000000e+00 1.227866223509670487e-12
5.984038316075743751e+02 4.483821222981243070e-14 7.564925901773368820e-13 1.437112369218655854e-12 0.000000000000000000e+00 0.000000000000000000e+00 0.000000000000000000e+00 0.000000000000000000e+00 0.000000000000000000e+00 0.000000000000000000e+00 0.000000000000000000e+00 1.160125928821952372e-12
6.250078669219093399e+02 5.786399200036497733e-14 7.907980621621412648e-13 1.690554974284729841e-12 0.000000000000000000e+00 0.000000000000000000e+00 0.000000000000000000e+00 0.000000000000000000e+00 0.000000000000000000e+00 0.000000000000000000e+00 0.000000000000000000e+00 1.091563417338963969e-12
6.527946732307157163e+02 6.799432403998632440e-14 7.999938033775768347e-13 1.933272984673483466e-12 0.000000000000000000e+00 0.000000000000000000e+00 0.000000000000000000e+00 0.000000000000000000e+00 0.000000000000000000e+00 0.000000000000000000e+00 0.000000000000000000e+00 1.019153289603870712e-12
6.818168345577655600e+02 7.036916773894255638e-14 7.659218527985686923e-13 2.023497148075890635e-12 0.000000000000000000e+00 0.000000000000000000e+00 0.000000000000000000e+00 0.000000000000000000e+00 0.000000000000000000e+00 0.000000000000000000e+00 0.000000000000000000e+00 9.428707157960057676e-13
7.121292727247354151e+02 6.378250858432211860e-14 6.918128255033598729e-13 1.881042025373389437e-12 0.000000000000000000e+00 0.000000000000000000e+00 0.000000000000000000e+00 0.000000000000000000e+00 0.000000000000000000e+00 0.000000000000000000e+00 0.000000000000000000e+00 8.654958015999798519e-13
7.437893512858045142e+02 5.125588096913582730e-14 6.034718731399079144e-13 1.572995345548988989e-12 0.000000000000000000e+00 0.000000000000000000e+00 0.000000000000000000e+00 0.000000000000000000e+00 0.000000000000000000e+00 0.000000000000000000e+00 0.000000000000000000e+00 7.905820263939460552e-13
7.768569840829987925e+02 3.755173307036124815e-14 5.277666713924223855e-13 1.236091368755878939e-12 0.000000000000000000e+00 0.000000000000000000e+00 0.000000000000000000e+00 0.000000000000000000e+00 0.000000000000000000e+00 0.000000000000000000e+00 0.000000000000000000e+00 7.222501422075316734e-13
8.113947486277374992e+02 2.655876017048419341e-14 4.772432015229028423e-13 9.690288868675670324e-13 0.000000000000000000e+00 0.000000000000000000e+00 0.000000000000000000e+00 0.000000000000000000e+00 0.000000000000000000e+00 0.000000000000000000e+00 0.000000000000000000e+00 6.638152588892557372e-13
8.474680045231206122e+02 2.062653294131716321e-14 4.520272572014955238e-13 8.110522815188059984e-13 0.000000000000000000e+00 0.000000000000000000e+00 0.000000000000000000e+00 0.000000000000000000e+00 0.000000000000000000e+00 0.000000000000000000e+00 0.000000000000000000e+00 6.164494352468639563e-13
8.851450171510871314e+02 2.073028860750786269e-14 4.455629152873944812e-13 7.655860241259209122e-13 0.000000000000000000e+00 0.000000000000000000e+00 0.000000000000000000e+00 0.000000000000000000e+00 0.000000000000000000e+00 0.000000000000000000e+00 0.000000000000000000e+00 5.784115586477321907e-13
9.244970868584839536e+02 2.571438794268635903e-14 4.478990516353026453e-13 8.136955024668718860e-13 0.000000000000000000e+00 0.000000000000000000e+00 0.000000000000000000e+00 0.000000000000000000e+00 0.000000000000000000e+00 0.000000000000000000e+00 0.000000000000000000e+00 5.454458230601787419e-13
9.655986838865461550e+02 3.142136880030562980e-14 4.459267054689002907e-13 8.995349134353454975e-13 0.000000000000000000e+00 0.000000000000000000e+00 0.000000000000000000e+00 0.000000000000000000e+00 0.000000000000000000e+00 0.000000000000000000e+00 0.000000000000000000e+00 5.127237032935090474e-13
1.008527589299101805e+03 3.265114800267950809e-14 4.258710190349402085e-13 9.246768991576388074e-13 0.000000000000000000e+00 0.000000000000000000e+00 0.000000000000000000e+00 0.000000000000000000e+00 0.000000000000000000e+00 0.000000000000000000e+00 0.000000000000000000e+00 4.774495751050098389e-13
1.053365042176224733e+03 2.764059140090445141e-14 3.865955226147342614e-13 8.277112290593712002e-13 0.000000000000000000e+00 0.000000000000000000e+00 0.000000000000000000e+00 0.000000000000000000e+00 0.000000000000000000e+00 0.000000000000000000e+00 0.000000000000000000e+00 4.403040609677091303e-13
1.100195893351855602e+03 1.967256750738232261e-14 3.451508586419693330e-13 6.632058456288360332e-13 0.000000000000000000e+00 0.000000000000000000e+00 0.000000000000000000e+00 0.000000000000000000e+00 0.000000000000000000e+00 0.000000000000000000e+00 0.000000000000000000e+00 4.046832381648894820e-13
1.149108765986357412e+03 1.398067391652510807e-14 3.171528337022374956e-13 5.289064039316943202e-13 0.000000000000000000e+00 0.000000000000000000e+00 0.000000000000000000e+00 0.000000000000000000e+00 0.000000000000000000e+00 0.000000000000000000e+00 0.000000000000000000e+00 3.745491349108677952e-13
1.200196223277841000e+03 1.362358697108272019e-14 3.040558774715195536e-13 4.754139461291796964e-13 0.000000000000000000e+00 0.000000000000000000e+00 0.000000000000000000e+00 0.000000000000000000e+00 0.000000000000000000e+00 0.000000000000000000e+00 0.000000000000000000e+00 3.509848370594891153e-13
1.253554943629676245e+03 1.730179338656421419e-14 2.982374028411922465e-13 4.967288890466389326e-13 0.000000000000000000e+00 0.000000000000000000e+00 0.000000000000000000e+00 0.000000000000000000e+00 0.000000000000000000e+00 0.000000000000000000e+00 0.000000000000000000e+00 3.310444439927386463e-13
1.309285903605635212e+03 1.965751457660955252e-14 2.883478068246057018e-13 5.251051198515572704e-13 0.000000000000000000e+00 0.000000000000000000e+00 0.000000000000000000e+00 0.000000000000000000e+00 0.000000000000000000e+00 0.000000000000000000e+00 0.000000000000000000e+00 3.100237579126019041e-13
1.367494569018940865e+03 1.658653427775663516e-14 2.664266731213900359e-13 4.802123764913346380e-13 0.000000000000000000e+00 0.000000000000000000e+00 0.000000000000000000e+00 0.000000000000000000e+00 0.000000000000000000e+00 0.000000000000000000e+00 0.000000000000000000e+00 2.866124853707018985e-13
1.428291094516789599e+03 1.059679016480353413e-14 2.421592517281703546e-13 3.830645577333252154e-13 0.000000000000000000e+00 0.000000000000000000e+00 0.000000000000000000e+00 0.000000000000000000e+00 0.000000000000000000e+00 0.000000000000000000e+00 0.000000000000000000e+00 2.643727583467672840e-13
1.491790532038094852e+03 7.636139893419392033e-15 2.279025505007111718e-13 3.119589749036253601e-13 0.000000000000000000e+00 0.000000000000000000e+00 0.000000000000000000e+00 0.000000000000000000e+00 0.000000000000000000e+00 0.000000000000000000e+00 0.000000000000000000e+00 2.482992237714054273e-13
1.558113048538887824e+03 9.096144875385894425e-15 2.225110871115397727e-13 3.000265951852056061e-13 0.000000000000000000e+00 0.000000000000000000e+00 0.000000000000000000e+00 0.000000000000000000e+00 0.000000000000000000e+00 0.000000000000000000e+00 0.000000000000000000e+00 2.383535381681569690e-13
1.627384153397451882e+03 1.000941551766422000e-14 2.187818519692151109e-13 3.074397920262909924e-13 0.000000000000000000e+00 0.000000000000000000e+00 0.000000000000000000e+00 0.000000000000000000e+00 0.000000000000000000e+00 0.000000000000000000e+00 0.000000000000000000e+00 2.291018076352627574e-13
1.699734935929483299e+03 6.468463898752207711e-15 2.069001251489034946e-13 2.656511003039188625e-13 0.000000000000000000e+00 0.000000000000000000e+00 0.000000000000000000e+00 0.000000000000000000e+00 0.000000000000000000e+00 0.000000000000000000e+00 0.000000000000000000e+00 2.163980832562634617e-13
1.775302313462806751e+03 2.979455886232165682e-15 1.946035733161377930e-13 2.209359789389043399e-13 0.000000000000000000e+00 0.000000000000000000e+00 0.000000000000000000e+00 0.000000000000000000e+00 0.000000000000000000e+00 0.000000000000000000e+00 0.000000000000000000e+00 2.043428527669175284e-13
1.854229290441050580e+03 4.399945775218421392e-15 1.900565474847373274e-13 2.076700166257231925e-13 0.000000000000000000e+00 0.000000000000000000e+00 0.000000000000000000e+00 0.000000000000000000e+00 0.000000000000000000e+00 0.000000000000000000e+00 0.000000000000000000e+00 1.980520499684611352e-13
1.936665229046667719e+03 4.691850713857979257e-15 1.881316786170144514e-13 1.947139938863659984e-13 0.000000000000000000e+00 0.000000000000000000e+00 0.000000000000000000e+00 0.000000000000000000e+00 0.000000000000000000e+00 0.000000000000000000e+00 0.000000000000000000e+00 1.934274168926322887e-13
2.022766131855373487e+03 7.366140709378221848e-17 1.820342291676159510e-13 1.584557906781588568e-13 0.000000000000000000e+00 0.000000000000000000e+00 0.000000000000000000e+00 0.000000000000000000e+00 0.000000000000000000e+00 0.000000000000000000e+00 0.000000000000000000e+00 1.849846321593104315e-13
2.112694937056960953e+03 -5.087682604584722513e-16 1.788831703492046287e-13 1.466520480468089068e-13 0.000000000000000000e+00 0.000000000000000000e+00 0.000000000000000000e+00 0.000000000000000000e+00 0.000000000000000000e+00 0.000000000000000000e+00 0.000000000000000000e+00 1.808586700459389914e-13
2.206621826801106636e+03 1.829037898921857707e-15 1.861704709521278062e-13 1.485230055947683718e-13 0.000000000000000000e+00 0.000000000000000000e+00 0.000000000000000000e+00 0.000000000000000000e+00 0.000000000000000000e+00 0.000000000000000000e+00 0.000000000000000000e+00 1.899745864652514737e-13
2.304724549251749067e+03 -5.232173276271677878e-15 2.083911793296430656e-13 1.244328042075015999e-13 0.000000000000000000e+00 0.000000000000000000e+00 0.000000000000000000e+00 0.000000000000000000e+00 0.000000000000000000e+00 0.000000000000000000e+00 0.000000000000000000e+00 2.020511233468850999e-13
2.407188754959436665e+03 -7.609332748789928819e-15 2.121114981216402183e-13 9.251205694788720852e-14 0.000000000000000000e+00 0.000000000000000000e+00 0.000000000000000000e+00 0.000000000000000000e+00 0.000000000000000000e+00 0.000000000000000000e+00 0.000000000000000000e+00 2.091636101101513197e-13
2.514208348188258242e+03 -3.333850097505633068e-16 2.329143048561971600e-13 1.325386824869284011e-13 0.000000000000000000e+00 0.000000000000000000e+00 0.000000000000000000e+00 0.000000000000000000e+00 0.000000000000000000e+00 0.000000000000000000e+00 0.000000000000000000e+00 2.225225368503561017e-13
2.625985853862151089e+03 -6.458280346785213955e-15 2.435506910960219571e-13 1.006408186177869566e-13 0.000000000000000000e+00 0.000000000000000000e+00 0.000000000000000000e+00 0.000000000000000000e+00 0.000000000000000000e+00 0.000000000000000000e+00 0.000000000000000000e+00 2.259264286867018675e-13
2.742732800825062895e+03 -3.080832113703383275e-15 2.517446082461320988e-13 1.250829238305887878e-13 0.000000000000000000e+00 0.000000000000000000e+00 0.000000000000000000e+00 0.000000000000000000e+00 0.000000000000000000e+00 0.000000000000000000e+00 0.000000000000000000e+00 2.263053115221931171e-13
2.864670122140184958e+03 2.706409440483652825e-15 2.578121141195082616e-13 1.776901358818425445e-13 0.000000000000000000e+00 0.000000000000000000e+00 0.000000000000000000e+00 0.000000000000000000e+00 0.000000000000000000e+00 0.000000000000000000e+00 0.000000000000000000e+00 2.357259074243906398e-13
2.992028573185860296e+03 -3.420609281061823259e-15 2.202907772748466807e-13 1.190730900525680025e-13 0.000000000000000000e+00 0.000000000000000000e+00 0.000000000000000000e+00 0.000000000000000000e+00 0.000000000000000000e+00 0.000000000000000000e+00 0.000000000000000000e+00 2.016401808606286229e-13
3.125049168339293374e+03 2.230253070251355284e-15 1.771685116961126107e-13 1.311737579228751296e-13 0.000000000000000000e+00 0.000000000000000000e+00 0.000000000000000000e+00 0.000000000000000000e+00 0.000000000000000000e+00 0.000000000000000000e+00 0.000000000000000000e+00 1.674180812088270755e-13
3.263983637074535636e+03 -4.533611974608972656e-16 1.540484148475711955e-13 1.233639857308986115e-13 0.000000000000000000e+00 0.000000000000000000e+00 0.000000000000000000e+00 0.000000000000000000e+00 0.000000000000000000e+00 0.000000000000000000e+00 0.000000000000000000e+00 1.657348510661580992e-13
3.409094900337779109e+03 5.017482027690282385e-15 1.631553080944411604e-13 2.292024721948795235e-13 0.000000000000000000e+00 0.000000000000000000e+00 0.000000000000000000e+00 0.000000000000000000e+00 0.000000000000000000e+00 0.000000000000000000e+00 0.000000000000000000e+00 1.665451399376712025e-13
3.560657568101548804e+03 6.061067081990558193e-15 1.815593023090855202e-13 2.557247493431495883e-13 0.000000000000000000e+00 0.000000000000000000e+00 0.000000000000000000e+00 0.000000000000000000e+00 0.000000000000000000e+00 0.000000000000000000e+00 0.000000000000000000e+00 1.781919670697843033e-13
3.718958459039270565e+03 7.235716693817528828e-15 1.993941755551375329e-13 2.841467362393974368e-13 0.000000000000000000e+00 0.000000000000000000e+00 0.000000000000000000e+00 0.000000000000000000e+00 0.000000000000000000e+00 0.000000000000000000e+00 0.000000000000000000e+00 2.028112872382323815e-13
3.884297143303760095e+03 9.890575918339771052e-15 2.394615873153827476e-13 4.456201167485211867e-13 0.000000000000000000e+00 0.000000000000000000e+00 0.000000000000000000e+00 0.000000000000000000e+00 0.000000000000000000e+00 0.000000000000000000e+00 0.000000000000000000e+00 2.537605922184279011e-13
4.056986509436678261e+03 1.866972195900325258e-14 3.020829268420938975e-13 7.122623397327853152e-13 0.000000000000000000e+00 0.000000000000000000e+00 0.000000000000000000e+00 0.000000000000000000e+00 0.000000000000000000e+00 0.000000000000000000e+00 0.000000000000000000e+00 3.128701515798603878e-13
4.237353356481889023e+03 1.922136063884611766e-14 3.821960088654798614e-13 8.996330859234769953e-13 0.000000000000000000e+00 0.000000000000000000e+00 0.000000000000000000e+00 0.000000000000000000e+00 0.000000000000000000e+00 0.000000000000000000e+00 0.000000000000000000e+00 4.061818637246844741e-13
4.425739012423155145e+03 3.199263690451023305e-14 5.216036338709540774e-13 1.863385713216389048e-12 0.000000000000000000e+00 0.000000000000000000e+00 0.000000000000000000e+00 0.000000000000000000e+00 0.000000000000000000e+00 0.000000000000000000e+00 0.000000000000000000e+00 5.373521719142082490e-13
4.622499980116535880e+03 4.146186479853919953e-14 7.121908544224191647e-13 2.700277670732679579e-12 0.000000000000000000e+00 0.000000000000000000e+00 0.000000000000000000e+00 0.000000000000000000e+00 0.000000000000000000e+00 0.000000000000000000e+00 0.000000000000000000e+00 7.696771714441200752e-13
4.828008611939902949e+03 6.484891248637678830e-14 1.016768314032639410e-12 5.721021246387578376e-12 0.000000000000000000e+00 0.000000000000000000e+00 0.000000000000000000e+00 0.000000000000000000e+00 0.000000000000000000e+00 0.000000000000000000e+00 0.000000000000000000e+00 1.105016783476172675e-12
5.042653814436185712e+03 1.012566480977499130e-13 1.484121952555929584e-12 1.154465048923574114e-11 0.000000000000000000e+00 0.000000000000000000e+00 0.000000000000000000e+00 0.000000000000000000e+00 0.000000000000000000e+00 0.000000000000000000e+00 0.000000000000000000e+00 1.674978882227612735e-12
5.266841784283951711e+03 1.445777454808639823e-13 2.528745050852603566e-12 2.387450854374574291e-11 0.000000000000000000e+00 0.000000000000000000e+00 0.000000000000000000e+00 0.000000000000000000e+00 0.000000000000000000e+00 0.000000000000000000e+00 0.000000000000000000e+00 2.915750699472930824e-12
5.500996776987925841e+03 2.772604238499907620e-13 4.855022930770130153e-12 6.538094865386252112e-11 0.000000000000000000e+00 0.000000000000000000e+00 0.000000000000000000e+00 0.000000000000000000e+00 0.000000000000000000e+00 0.000000000000000000e+00 0.000000000000000000e+00 5.856103705233237484e-12
5.745561909744300465e+03 6.596210883087899724e-13 1.468231167832024363e-11 2.729691914949274866e-10 0.000000000000000000e+00 0.000000000000000000e+00 0.000000000000000000e+00 0.000000000000000000e+00 0.000000000000000000e+00 0.000000000000000000e+00 0.000000000000000000e+00 1.817569697587971028e-11
6.001000000000000000e+03 0.000000000000000000e+00 0.000000000000000000e+00 0.000000000000000000e+00 0.000000000000000000e+00 0.000000000000000000e+00 0.000000000000000000e+00 0.000000000000000000e+00 0.000000000000000000e+00 0.000000000000000000e+00 0.000000000000000000e+00 0.000000000000000000e+00
