1.000000000000000000e+00 3.220916533999628251e-07 3.326854334812905395e-08 0.000000000000000000e+00 0.000000000000000000e+00 0.000000000000000000e+00
1.050764177711297709e+00 2.917218755053732543e-07 3.013167797534535048e-08 0.000000000000000000e+00 0.000000000000000000e+00 0.000000000000000000e+00
1.104105357161299317e+00 2.642156712956060673e-07 2.729058771658666064e-08 0.000000000000000000e+00 0.000000000000000000e+00 0.000000000000000000e+00
1.160154357724231255e+00 2.393030464262176785e-07 2.471738491014966909e-08 0.000000000000000000e+00 0.000000000000000000e+00 0.000000000000000000e+00
1.219048639712280613e+00 2.167394438910829867e-07 2.238680988062736504e-08 0.000000000000000000e+00 0.000000000000000000e+00 0.000000000000000000e+00
1.280932641497350311e+00 1.963033601438904001e-07 2.027598414851691127e-08 0.000000000000000000e+00 0.000000000000000000e+00 0.000000000000000000e+00
1.345958133746523622e+00 1.777940295082430185e-07 1.836417562866647477e-08 0.000000000000000000e+00 0.000000000000000000e+00 0.000000000000000000e+00
1.414284591639998645e+00 1.610300663875075227e-07 1.663264030043024006e-08 0.000000000000000000e+00 0.000000000000000000e+00 0.000000000000000000e+00
1.486079585984361406e+00 1.458466320356092493e-07 1.506436038102496727e-08 0.000000000000000000e+00 0.000000000000000000e+00 0.000000000000000000e+00
1.561519194180403192e+00 1.320948328496526799e-07 1.364395243113913409e-08 0.000000000000000000e+00 0.000000000000000000e+00 0.000000000000000000e+00
1.640788432053379431e+00 1.196397799995667168e-07 1.235748113429287225e-08 0.000000000000000000e+00 0.000000000000000000e+00 0.000000000000000000e+00
1.724081707604778524e+00 1.083590070001833528e-07 1.119230296267412423e-08 0.000000000000000000e+00 0.000000000000000000e+00 0.000000000000000000e+00
1.811603297798424883e+00 9.814188989096271027e-08 1.013698857395414026e-08 0.000000000000000000e+00 0.000000000000000000e+00 0.000000000000000000e+00
1.903567849550236835e+00 8.888820205582811341e-08 9.181183817530417528e-09 0.000000000000000000e+00 0.000000000000000000e+00 0.000000000000000000e+00
2.000200906150317870e+00 8.050697299129321816e-08 8.315496342893384218e-09 0.000000000000000000e+00 0.000000000000000000e+00 0.000000000000000000e+00
2.101739460408431182e+00 7.291601090557147278e-08 7.531434456359450667e-09 0.000000000000000000e+00 0.000000000000000000e+00 0.000000000000000000e+00
2.208432535879451208e+00 6.604079975143673042e-08 6.821301643330525147e-09 0.000000000000000000e+00 0.000000000000000000e+00 0.000000000000000000e+00
2.320541797594247502e+00 5.981388721091212617e-08 6.178129793293293196e-09 0.000000000000000000e+00 0.000000000000000000e+00 0.000000000000000000e+00
2.438342193793815671e+00 5.417407568690734412e-08 5.595599998403629091e-09 0.000000000000000000e+00 0.000000000000000000e+00 0.000000000000000000e+00
2.562122630240520227e+00 4.906601969922094683e-08 5.067995007078202216e-09 0.000000000000000000e+00 0.000000000000000000e+00 0.000000000000000000e+00
2.692186678760187579e+00 4.443961675928857553e-08 4.590139008896849153e-09 0.000000000000000000e+00 0.000000000000000000e+00 0.000000000000000000e+00
2.828853321752757388e+00 4.024941647564818067e-08 4.157338274211592968e-09 0.000000000000000000e+00 0.000000000000000000e+00 0.000000000000000000e+00
2.972457734497409021e+00 3.645432274485271598e-08 3.765347276945203294e-09 0.000000000000000000e+00 0.000000000000000000e+00 0.000000000000000000e+00
3.123352107170756842e+00 3.301706914220440687e-08 3.410317035850591884e-09 0.000000000000000000e+00 0.000000000000000000e+00 0.000000000000000000e+00
3.281906508594128358e+00 2.990391514608559230e-08 3.088762814637518930e-09 0.000000000000000000e+00 0.000000000000000000e+00 0.000000000000000000e+00
3.448509793828264947e+00 2.708429008135472797e-08 2.797527082136032813e-09 0.000000000000000000e+00 0.000000000000000000e+00 0.000000000000000000e+00
3.623570557841313544e+00 2.453052873285519711e-08 2.533752075900137221e-09 0.000000000000000000e+00 0.000000000000000000e+00 0.000000000000000000e+00
3.807518137588995710e+00 2.221754296049516824e-08 2.294846683827051076e-09 0.000000000000000000e+00 0.000000000000000000e+00 0.000000000000000000e+00
4.000803664964552198e+00 2.012267094532569278e-08 2.078469654572020859e-09 0.000000000000000000e+00 0.000000000000000000e+00 0.000000000000000000e+00
4.203901173200823571e+00 1.822530042265519241e-08 1.882492649372424063e-09 0.000000000000000000e+00 0.000000000000000000e+00 0.000000000000000000e+00
4.417308759437922561e+00 1.650684761259612231e-08 1.704995700350012253e-09 0.000000000000000000e+00 0.000000000000000000e+00 0.000000000000000000e+00
4.641549806307700976e+00 1.495041313758283453e-08 1.544233580326975992e-09 0.000000000000000000e+00 0.000000000000000000e+00 0.000000000000000000e+00
4.877174265530944020e+00 1.354073510822821889e-08 1.398629767957196586e-09 0.000000000000000000e+00 0.000000000000000000e+00 0.000000000000000000e+00
5.124760006675324497e+00 1.226398392597886743e-08 1.266755590448334247e-09 0.000000000000000000e+00 0.000000000000000000e+00 0.000000000000000000e+00
5.384914234381941611e+00 1.110761226286150271e-08 1.147315537600717872e-09 0.000000000000000000e+00 0.000000000000000000e+00 0.000000000000000000e+00
5.658274977536201789e+00 1.006027203786402489e-08 1.039137151873770792e-09 0.000000000000000000e+00 0.000000000000000000e+00 0.000000000000000000e+00
5.945512654035238320e+00 9.111681217895162592e-09 9.411584457782606190e-10 0.000000000000000000e+00 0.000000000000000000e+00 0.000000000000000000e+00
6.247331714989451612e+00 8.252540800313167651e-09 8.524189805582694115e-10 0.000000000000000000e+00 0.000000000000000000e+00 0.000000000000000000e+00
6.564472372390602217e+00 7.474397162317400585e-09 7.720455882889601907e-10 0.000000000000000000e+00 0.000000000000000000e+00 0.000000000000000000e+00
6.897712414483541998e+00 6.769632918511570896e-09 6.992515412545056061e-10 0.000000000000000000e+00 0.000000000000000000e+00 0.000000000000000000e+00
7.247869113293808674e+00 6.131311624216512822e-09 6.333202221727475485e-10 0.000000000000000000e+00 0.000000000000000000e+00 0.000000000000000000e+00
7.615801228989280247e+00 5.553184463145201316e-09 5.736064286452773693e-10 0.000000000000000000e+00 0.000000000000000000e+00 0.000000000000000000e+00
8.002411115991611368e+00 5.029563677828694324e-09 5.195224098837111899e-10 0.000000000000000000e+00 0.000000000000000000e+00 0.000000000000000000e+00
8.408646936002671879e+00 4.555316017300968800e-09 4.705380179230904956e-10 0.000000000000000000e+00 0.000000000000000000e+00 0.000000000000000000e+00
8.835504983373470012e+00 4.125784971910891240e-09 4.261724785911588767e-10 0.000000000000000000e+00 0.000000000000000000e+00 0.000000000000000000e+00
9.284032128518497018e+00 3.736755711770529173e-09 3.859903578648957016e-10 0.000000000000000000e+00 0.000000000000000000e+00 0.000000000000000000e+00
9.755328385368006394e+00 3.384405220155604364e-09 3.495967353681111881e-10 0.000000000000000000e+00 0.000000000000000000e+00 0.000000000000000000e+00
1.025054960915489133e+01 3.065274916962896056e-09 3.166342010148373565e-10 0.000000000000000000e+00 0.000000000000000000e+00 0.000000000000000000e+00
1.077091033115250163e+01 2.776235871539492232e-09 2.867798891115355325e-10 0.000000000000000000e+00 0.000000000000000000e+00 0.000000000000000000e+00
1.131768673731557939e+01 2.514454020946372228e-09 2.597411272080410009e-10 0.000000000000000000e+00 0.000000000000000000e+00 0.000000000000000000e+00
1.189221979812946373e+01 2.277353236825977045e-09 2.352514770463999031e-10 0.000000000000000000e+00 0.000000000000000000e+00 0.000000000000000000e+00
1.249591855734351853e+01 2.062605955879231829e-09 2.130705235867368302e-10 0.000000000000000000e+00 0.000000000000000000e+00 0.000000000000000000e+00
1.313026358765440627e+01 1.868110086538450412e-09 1.929816342430059298e-10 0.000000000000000000e+00 0.000000000000000000e+00 0.000000000000000000e+00
1.379681062181427542e+01 1.691951134395238456e-09 1.747864061180236334e-10 0.000000000000000000e+00 0.000000000000000000e+00 0.000000000000000000e+00
1.449719436806917372e+01 1.532403114387453651e-09 1.583072237071231016e-10 0.000000000000000000e+00 0.000000000000000000e+00 0.000000000000000000e+00
1.523313251928506062e+01 1.387898682333427754e-09 1.433818707561010670e-10 0.000000000000000000e+00 0.000000000000000000e+00 0.000000000000000000e+00
1.600642996559379228e+01 1.257018549674534643e-09 1.298634981769184955e-10 0.000000000000000000e+00 0.000000000000000000e+00 0.000000000000000000e+00
1.681898322089063669e+01 1.138479989510184316e-09 1.176200937433761259e-10 0.000000000000000000e+00 0.000000000000000000e+00 0.000000000000000000e+00
1.767278507403926113e+01 1.031117954928319363e-09 1.065310599347642692e-10 0.000000000000000000e+00 0.000000000000000000e+00 0.000000000000000000e+00
1.856992947619135848e+01 9.338785983989349042e-10 9.648736378088835820e-11 0.000000000000000000e+00 0.000000000000000000e+00 0.000000000000000000e+00
1.951261667620699924e+01 8.458083367474193799e-10 8.739079099890214314e-11 0.000000000000000000e+00 0.000000000000000000e+00 0.000000000000000000e+00
2.050315861677039919e+01 7.660426703668543708e-10 7.915223910841105305e-11 0.000000000000000000e+00 0.000000000000000000e+00 0.000000000000000000e+00
2.154398460443505670e+01 6.937983076669705230e-10 7.169043676037044267e-11 0.000000000000000000e+00 0.000000000000000000e+00 0.000000000000000000e+00
2.263764726750405742e+01 6.283656033982137929e-10 6.493208539693255339e-11 0.000000000000000000e+00 0.000000000000000000e+00 0.000000000000000000e+00
2.378682881635730340e+01 5.691029056294325870e-10 5.881111349467245422e-11 0.000000000000000000e+00 0.000000000000000000e+00 0.000000000000000000e+00
2.499434762157908096e+01 5.154284226210713256e-10 5.326717997453417333e-11 0.000000000000000000e+00 0.000000000000000000e+00 0.000000000000000000e+00
2.626316512601886899e+01 4.668155853247943554e-10 4.824638592521926914e-11 0.000000000000000000e+00 0.000000000000000000e+00 0.000000000000000000e+00
2.759639310773724574e+01 4.227864975351686231e-10 4.369865707923365522e-11 0.000000000000000000e+00 0.000000000000000000e+00 0.000000000000000000e+00
2.899730131164924885e+01 3.829098145672276619e-10 3.958001140259415542e-11 0.000000000000000000e+00 0.000000000000000000e+00 0.000000000000000000e+00
3.046932546858185376e+01 3.467936009305070089e-10 3.584969485145813288e-11 0.000000000000000000e+00 0.000000000000000000e+00 0.000000000000000000e+00
3.201607572141230662e+01 3.140836221859949725e-10 3.247111300792956810e-11 0.000000000000000000e+00 0.000000000000000000e+00 0.000000000000000000e+00
3.364134547895244509e+01 2.844587322498001026e-10 2.941118328876873529e-11 0.000000000000000000e+00 0.000000000000000000e+00 0.000000000000000000e+00
3.534912071929314692e+01 2.576283329288378139e-10 2.664000587918286388e-11 0.000000000000000000e+00 0.000000000000000000e+00 0.000000000000000000e+00
3.714358976542545321e+01 2.333287939872974774e-10 2.412994018653785786e-11 0.000000000000000000e+00 0.000000000000000000e+00 0.000000000000000000e+00
3.902915355711304812e+01 2.113217247777355686e-10 2.185668653806159410e-11 0.000000000000000000e+00 0.000000000000000000e+00 0.000000000000000000e+00
4.101043644420785483e+01 1.913912605950026740e-10 1.979785746950906561e-11 0.000000000000000000e+00 0.000000000000000000e+00 0.000000000000000000e+00
4.309229752787950218e+01 1.733418935732234659e-10 1.793332668293080252e-11 0.000000000000000000e+00 0.000000000000000000e+00 0.000000000000000000e+00
4.527984257757288589e+01 1.569960579729549808e-10 1.624451550669358688e-11 0.000000000000000000e+00 0.000000000000000000e+00 0.000000000000000000e+00
4.757843655292037255e+01 1.421931014338631870e-10 1.471498291274508016e-11 0.000000000000000000e+00 0.000000000000000000e+00 0.000000000000000000e+00
4.999371676131852382e+01 1.287884805829936162e-10 1.332977284396394886e-11 0.000000000000000000e+00 0.000000000000000000e+00 0.000000000000000000e+00
5.253160668343837614e+01 1.166507051174944845e-10 1.207531566498824189e-11 0.000000000000000000e+00 0.000000000000000000e+00 0.000000000000000000e+00
5.519833050057643220e+01 1.056594396056856903e-10 1.093911035915651782e-11 0.000000000000000000e+00 0.000000000000000000e+00 0.000000000000000000e+00
5.800042835947463260e+01 9.570693820660778520e-11 9.910042125448784724e-12 0.000000000000000000e+00 0.000000000000000000e+00 0.000000000000000000e+00
6.094477241204638318e+01 8.669628801921782053e-11 8.978077719753272890e-12 0.000000000000000000e+00 0.000000000000000000e+00 0.000000000000000000e+00
6.403858366934609592e+01 7.853871876111960771e-11 8.134052210217824568e-12 0.000000000000000000e+00 0.000000000000000000e+00 0.000000000000000000e+00
6.728944971111658901e+01 7.115271452416590814e-11 7.369563617343957569e-12 0.000000000000000000e+00 0.000000000000000000e+00 0.000000000000000000e+00
7.070534329434713072e+01 6.446692223475467701e-11 6.677192670490356375e-12 0.000000000000000000e+00 0.000000000000000000e+00 0.000000000000000000e+00
7.429464190647966859e+01 5.841477513933209120e-11 6.050132892238376347e-12 0.000000000000000000e+00 0.000000000000000000e+00 0.000000000000000000e+00
7.806614831121741815e+01 5.293734008629065703e-11 5.482223315447867668e-12 0.000000000000000000e+00 0.000000000000000000e+00 0.000000000000000000e+00
8.202911213732457441e+01 4.797810980504397260e-11 4.967790884143917306e-12 0.000000000000000000e+00 0.000000000000000000e+00 0.000000000000000000e+00
8.619325256336368568e+01 4.348930511566806036e-11 4.501841450015303406e-12 0.000000000000000000e+00 0.000000000000000000e+00 0.000000000000000000e+00
9.056878215400503507e+01 3.942627231614041653e-11 4.079795607474667687e-12 0.000000000000000000e+00 0.000000000000000000e+00 0.000000000000000000e+00
9.516643190636675342e+01 3.574704023057761995e-11 3.697474251239315301e-12 0.000000000000000000e+00 0.000000000000000000e+00 0.000000000000000000e+00
9.999747756781165720e+01 3.241749203471738683e-11 3.351191257555756800e-12 0.000000000000000000e+00 0.000000000000000000e+00 0.000000000000000000e+00
1.050737672897454900e+02 2.940179376280567335e-11 3.037472102127540425e-12 0.000000000000000000e+00 0.000000000000000000e+00 0.000000000000000000e+00
1.104077506852377155e+02 2.667011975185513964e-11 2.753243066177926762e-12 0.000000000000000000e+00 0.000000000000000000e+00 0.000000000000000000e+00
1.160125093617276946e+02 2.419426443595867745e-11 2.495710031918940611e-12 0.000000000000000000e+00 0.000000000000000000e+00 0.000000000000000000e+00
1.219017890037000882e+02 2.195092312787941058e-11 2.262382614395904621e-12 0.000000000000000000e+00 0.000000000000000000e+00 0.000000000000000000e+00
1.280900330840089509e+02 1.991649352521654532e-11 2.050950955595176894e-12 0.000000000000000000e+00 0.000000000000000000e+00 0.000000000000000000e+00
1.345924182865316538e+02 1.807149638514671177e-11 1.859365625907284130e-12 0.000000000000000000e+00 0.000000000000000000e+00 0.000000000000000000e+00
1.414248917270223558e+02 1.639801711761481314e-11 1.685764766557670074e-12 0.000000000000000000e+00 0.000000000000000000e+00 0.000000000000000000e+00
1.486042100634540191e+02 1.487994010663687290e-11 1.528458597693915905e-12 0.000000000000000000e+00 0.000000000000000000e+00 0.000000000000000000e+00
1.561479805917621206e+02 1.350209352108988442e-11 1.385904159014082337e-12 0.000000000000000000e+00 0.000000000000000000e+00 0.000000000000000000e+00
1.640747044277826774e+02 1.225207023373682223e-11 1.256734407284884490e-12 0.000000000000000000e+00 0.000000000000000000e+00 0.000000000000000000e+00
1.724038218812831644e+02 1.111826614106741090e-11 1.139697173146853365e-12 0.000000000000000000e+00 0.000000000000000000e+00 0.000000000000000000e+00
1.811557601333716150e+02 1.009101750776739894e-11 1.033682983874668720e-12 0.000000000000000000e+00 0.000000000000000000e+00 0.000000000000000000e+00
1.903519833342072047e+02 9.161484435931407057e-12 9.376812442205161350e-13 0.000000000000000000e+00 0.000000000000000000e+00 0.000000000000000000e+00
2.000150452438829802e+02 8.321612916913994263e-12 8.507693453132282204e-13 0.000000000000000000e+00 0.000000000000000000e+00 0.000000000000000000e+00
2.101686445455765693e+02 7.564150498340568377e-12 7.721259615955696388e-13 0.000000000000000000e+00 0.000000000000000000e+00 0.000000000000000000e+00
2.208376829666308652e+02 6.882310411313298158e-12 7.010016513466560807e-13 0.000000000000000000e+00 0.000000000000000000e+00 0.000000000000000000e+00
2.320483263500999840e+02 6.269617692816994167e-12 6.367153165143397813e-13 0.000000000000000000e+00 0.000000000000000000e+00 0.000000000000000000e+00
2.438280688265457741e+02 5.719524489059400662e-12 5.786383169277969270e-13 0.000000000000000000e+00 0.000000000000000000e+00 0.000000000000000000e+00
2.562058002434589525e+02 5.225913798299235948e-12 5.262099734653139191e-13 0.000000000000000000e+00 0.000000000000000000e+00 0.000000000000000000e+00
2.692118770176832072e+02 4.782239470427348530e-12 4.789018700488489311e-13 0.000000000000000000e+00 0.000000000000000000e+00 0.000000000000000000e+00
2.828781965846007438e+02 4.382526559652910916e-12 4.362416179069139751e-13 0.000000000000000000e+00 0.000000000000000000e+00 0.000000000000000000e+00
2.972382756266729302e+02 4.020271310638319105e-12 3.977773789716230410e-13 0.000000000000000000e+00 0.000000000000000000e+00 0.000000000000000000e+00
3.123273322731848793e+02 3.689009341735362919e-12 3.630843740185562162e-13 0.000000000000000000e+00 0.000000000000000000e+00 0.000000000000000000e+00
3.281823724727964873e+02 3.383159677287473179e-12 3.317695394106815400e-13 0.000000000000000000e+00 0.000000000000000000e+00 0.000000000000000000e+00
3.448422807507206471e+02 3.098661189302446270e-12 3.034667942954130130e-13 0.000000000000000000e+00 0.000000000000000000e+00 0.000000000000000000e+00
3.623479155731195647e+02 2.833851377309285183e-12 2.778384189336295537e-13 0.000000000000000000e+00 0.000000000000000000e+00 0.000000000000000000e+00
3.807422095525914756e+02 2.589755091478200004e-12 2.545780465790188281e-13 0.000000000000000000e+00 0.000000000000000000e+00 0.000000000000000000e+00
4.000702747405115360e+02 2.368884050057359215e-12 2.334155845653653434e-13 0.000000000000000000e+00 0.000000000000000000e+00 0.000000000000000000e+00
4.203795132644463592e+02 2.172489724887927536e-12 2.141222946098846014e-13 0.000000000000000000e+00 0.000000000000000000e+00 0.000000000000000000e+00
4.417197335819917043e+02 1.998240024651018023e-12 1.965139078570275472e-13 0.000000000000000000e+00 0.000000000000000000e+00 0.000000000000000000e+00
4.641432726361347250e+02 1.840961139837087864e-12 1.804506815185370803e-13 0.000000000000000000e+00 0.000000000000000000e+00 0.000000000000000000e+00
4.877051242117389620e+02 1.695957991633729517e-12 1.658321940843853800e-13 0.000000000000000000e+00 0.000000000000000000e+00 0.000000000000000000e+00
5.124630738079339380e+02 1.561426348120866636e-12 1.525853914574658786e-13 0.000000000000000000e+00 0.000000000000000000e+00 0.000000000000000000e+00
5.384778403571979197e+02 1.437991891866450067e-12 1.406477191580660911e-13 0.000000000000000000e+00 0.000000000000000000e+00 0.000000000000000000e+00
5.658132251386862208e+02 1.326589946003955161e-12 1.299480564260526559e-13 0.000000000000000000e+00 0.000000000000000000e+00 0.000000000000000000e+00
5.945362682510286731e+02 1.226942644741903788e-12 1.203903995045282124e-13 0.000000000000000000e+00 0.000000000000000000e+00 0.000000000000000000e+00
6.247174130283358409e+02 1.137905538738200312e-12 1.118459535299611872e-13 0.000000000000000000e+00 0.000000000000000000e+00 0.000000000000000000e+00
6.564306788026481172e+02 1.059199427167247578e-12 1.041582194766264331e-13 0.000000000000000000e+00 0.000000000000000000e+00 0.000000000000000000e+00
6.897538424365337733e+02 9.917346217996675936e-13 9.716473704408140715e-14 0.000000000000000000e+00 0.000000000000000000e+00 0.000000000000000000e+00
7.247686290710320236e+02 9.342978319185294789e-13 9.073155369446814430e-14 0.000000000000000000e+00 0.000000000000000000e+00 0.000000000000000000e+00
7.615609125567677893e+02 8.812536363718495254e-13 8.478727175428870677e-14 0.000000000000000000e+00 0.000000000000000000e+00 0.000000000000000000e+00
8.002209260597770708e+02 8.274936391154919360e-13 7.933469255130009058e-14 0.000000000000000000e+00 0.000000000000000000e+00 0.000000000000000000e+00
8.408434833585752131e+02 7.742618440452538284e-13 7.442384012379964283e-14 0.000000000000000000e+00 0.000000000000000000e+00 0.000000000000000000e+00
8.835282113751759425e+02 7.261401049069463955e-13 7.009306742058856689e-14 0.000000000000000000e+00 0.000000000000000000e+00 0.000000000000000000e+00
9.283797945103707434e+02 6.842873175530631635e-13 6.631071273432867520e-14 0.000000000000000000e+00 0.000000000000000000e+00 0.000000000000000000e+00
9.755082313824726725e+02 6.465475649370001136e-13 6.295707821393352373e-14 0.000000000000000000e+00 0.000000000000000000e+00 0.000000000000000000e+00
1.025029104599206676e+03 6.131678721178599904e-13 5.987273842654489237e-14 0.000000000000000000e+00 0.000000000000000000e+00 0.000000000000000000e+00
1.077063864224332519e+03 5.848280013514968993e-13 5.695638144736164930e-14 0.000000000000000000e+00 0.000000000000000000e+00 0.000000000000000000e+00
1.131740125634234118e+03 5.576744510214477253e-13 5.423059510397807072e-14 0.000000000000000000e+00 0.000000000000000000e+00 0.000000000000000000e+00
1.189191982494935928e+03 5.304729380116730453e-13 5.179290697475589554e-14 0.000000000000000000e+00 0.000000000000000000e+00 0.000000000000000000e+00
1.249560335627159930e+03 5.061824008527483311e-13 4.968570212605815352e-14 0.000000000000000000e+00 0.000000000000000000e+00 0.000000000000000000e+00
1.312993238565925139e+03 4.860867248378191133e-13 4.782550233894529472e-14 0.000000000000000000e+00 0.000000000000000000e+00 0.000000000000000000e+00
1.379646260662218538e+03 4.694302363257791399e-13 4.608149883411858686e-14 0.000000000000000000e+00 0.000000000000000000e+00 0.000000000000000000e+00
1.449682868617201848e+03 4.527094851433583490e-13 4.441927202043837011e-14 0.000000000000000000e+00 0.000000000000000000e+00 0.000000000000000000e+00
1.523274827384710079e+03 4.349857811068584605e-13 4.290249730917322858e-14 0.000000000000000000e+00 0.000000000000000000e+00 0.000000000000000000e+00
1.600602621425212874e+03 4.187510617669945518e-13 4.154481885720316533e-14 0.000000000000000000e+00 0.000000000000000000e+00 0.000000000000000000e+00
1.681855897344411915e+03 4.045877549417295608e-13 4.025731670986966338e-14 0.000000000000000000e+00 0.000000000000000000e+00 0.000000000000000000e+00
1.767233929001996785e+03 3.914382130638976915e-13 3.896760687696776888e-14 0.000000000000000000e+00 0.000000000000000000e+00 0.000000000000000000e+00
1.856946106231289605e+03 3.779353088954886612e-13 3.768680984858993318e-14 0.000000000000000000e+00 0.000000000000000000e+00 0.000000000000000000e+00
1.951212448368316018e+03 3.646709003790876403e-13 3.642819343807205488e-14 0.000000000000000000e+00 0.000000000000000000e+00 0.000000000000000000e+00
2.050264143849782158e+03 3.519170379248761268e-13 3.516550587148909143e-14 0.000000000000000000e+00 0.000000000000000000e+00 0.000000000000000000e+00
2.154344117203273072e+03 3.389355678203610571e-13 3.386892113666280314e-14 0.000000000000000000e+00 0.000000000000000000e+00 0.000000000000000000e+00
2.263707624820269757e+03 3.255008408088036387e-13 3.253908612328685511e-14 0.000000000000000000e+00 0.000000000000000000e+00 0.000000000000000000e+00
2.378622880973064184e+03 3.122297837991210380e-13 3.120824324012057054e-14 0.000000000000000000e+00 0.000000000000000000e+00 0.000000000000000000e+00
2.499371715610940555e+03 2.995083073412414480e-13 2.987159990239506583e-14 0.000000000000000000e+00 0.000000000000000000e+00 0.000000000000000000e+00
2.626250265548803782e+03 2.868297278557742132e-13 2.854933445125427029e-14 0.000000000000000000e+00 0.000000000000000000e+00 0.000000000000000000e+00
2.759569700743467365e+03 2.748392405196618852e-13 2.729769078276933752e-14 0.000000000000000000e+00 0.000000000000000000e+00 0.000000000000000000e+00
2.899656987438719625e+03 2.637202188720354302e-13 2.611683940369699456e-14 0.000000000000000000e+00 0.000000000000000000e+00 0.000000000000000000e+00
3.046855690050866087e+03 2.535200446921112994e-13 2.505219029513881948e-14 0.000000000000000000e+00 0.000000000000000000e+00 0.000000000000000000e+00
3.201526813761285212e+03 2.447686036191042296e-13 2.411646971627890252e-14 0.000000000000000000e+00 0.000000000000000000e+00 0.000000000000000000e+00
3.364049689882549046e+03 2.372516297227766536e-13 2.332817570996463254e-14 0.000000000000000000e+00 0.000000000000000000e+00 0.000000000000000000e+00
3.534822906169380531e+03 2.313114946095617294e-13 2.269698579627852700e-14 0.000000000000000000e+00 0.000000000000000000e+00 0.000000000000000000e+00
3.714265284356130451e+03 2.268413291362269408e-13 2.222948458014837688e-14 0.000000000000000000e+00 0.000000000000000000e+00 0.000000000000000000e+00
3.902816907318086123e+03 2.239795672895876619e-13 2.192574030862968819e-14 0.000000000000000000e+00 0.000000000000000000e+00 0.000000000000000000e+00
4.100940198375840737e+03 2.226613477507265092e-13 2.178572969834940949e-14 0.000000000000000000e+00 0.000000000000000000e+00 0.000000000000000000e+00
4.309121055389593494e+03 2.228875670610469919e-13 2.180458700607640004e-14 0.000000000000000000e+00 0.000000000000000000e+00 0.000000000000000000e+00
4.527870042424887288e+03 2.246565898113890570e-13 2.198013116572227065e-14 0.000000000000000000e+00 0.000000000000000000e+00 0.000000000000000000e+00
4.757723641912202766e+03 2.279440571277666198e-13 2.230934796699076139e-14 0.000000000000000000e+00 0.000000000000000000e+00 0.000000000000000000e+00
4.999245570371478607e+03 2.327704151770361734e-13 2.279157640882870734e-14 0.000000000000000000e+00 0.000000000000000000e+00 0.000000000000000000e+00
5.253028160928231046e+03 2.391791656351072844e-13 2.342972796728316715e-14 0.000000000000000000e+00 0.000000000000000000e+00 0.000000000000000000e+00
5.519693816012045318e+03 2.472550609331768150e-13 2.423112075233860325e-14 0.000000000000000000e+00 0.000000000000000000e+00 0.000000000000000000e+00
5.799896533800028010e+03 2.571407330804548417e-13 2.520902159082648175e-14 0.000000000000000000e+00 0.000000000000000000e+00 0.000000000000000000e+00
6.094323512148995178e+03 2.690509269929618114e-13 2.638405736045153324e-14 0.000000000000000000e+00 0.000000000000000000e+00 0.000000000000000000e+00
6.403696833949862594e+03 2.832944931971839144e-13 2.778592380183096450e-14 0.000000000000000000e+00 0.000000000000000000e+00 0.000000000000000000e+00
6.728775238037770578e+03 3.003098822740975528e-13 2.945664345569477259e-14 0.000000000000000000e+00 0.000000000000000000e+00 0.000000000000000000e+00
7.070355980000895215e+03 3.207676608969587272e-13 3.145888099128919469e-14 0.000000000000000000e+00 0.000000000000000000e+00 0.000000000000000000e+00
7.429276787451800374e+03 3.457761872310646070e-13 3.390101636074446328e-14 0.000000000000000000e+00 0.000000000000000000e+00 0.000000000000000000e+00
7.806417914556417600e+03 3.775778248203871501e-13 3.700218183469887853e-14 0.000000000000000000e+00 0.000000000000000000e+00 0.000000000000000000e+00
8.202704300859621071e+03 4.208945456992890641e-13 4.126447486692590024e-14 0.000000000000000000e+00 0.000000000000000000e+00 0.000000000000000000e+00
8.619107839701679040e+03 4.863312718643631115e-13 4.789464263105091764e-14 0.000000000000000000e+00 0.000000000000000000e+00 0.000000000000000000e+00
9.056649761789138211e+03 6.028148774271460490e-13 5.948674920942227995e-14 0.000000000000000000e+00 0.000000000000000000e+00 0.000000000000000000e+00
9.516403139765579908e+03 7.884801307930353835e-13 7.801261129822308798e-14 0.000000000000000000e+00 0.000000000000000000e+00 0.000000000000000000e+00
9.999495519924994369e+03 9.481081958157620609e-13 9.297791196578310995e-14 0.000000000000000000e+00 0.000000000000000000e+00 0.000000000000000000e+00
1.050711168752178673e+04 1.187691031528573620e-12 1.151591338666807934e-13 0.000000000000000000e+00 0.000000000000000000e+00 0.000000000000000000e+00
1.104049657245958770e+04 2.199312838172350687e-12 2.136817001328844663e-13 0.000000000000000000e+00 0.000000000000000000e+00 0.000000000000000000e+00
1.160095830248491620e+04 5.835591937007963735e-12 6.049465374601020485e-13 0.000000000000000000e+00 0.000000000000000000e+00 0.000000000000000000e+00
1.218987141137360777e+04 2.146442154247174606e-11 2.588919863306607484e-12 0.000000000000000000e+00 0.000000000000000000e+00 0.000000000000000000e+00
1.280868020997843814e+04 1.226775712242623740e-10 1.965225124836814422e-11 0.000000000000000000e+00 0.000000000000000000e+00 0.000000000000000000e+00
1.345890232840495628e+04 1.014212561695328157e-09 3.501829927938080055e-10 0.000000000000000000e+00 0.000000000000000000e+00 0.000000000000000000e+00
1.414213243800309647e+04 1.717940581953540359e-08 1.454020704446896799e-08 0.000000000000000000e+00 0.000000000000000000e+00 0.000000000000000000e+00
1.486004616230261490e+04 4.263557844557664262e-07 9.497576207509852326e-07 0.000000000000000000e+00 0.000000000000000000e+00 0.000000000000000000e+00
1.561440418648382365e+04 8.697681817347125292e-06 1.010370809971198339e-04 0.000000000000000000e+00 0.000000000000000000e+00 0.000000000000000000e+00
1.640705657546250950e+04 2.572437743646505373e-05 5.341894106446608281e-03 0.000000000000000000e+00 0.000000000000000000e+00 0.000000000000000000e+00
1.723994731117859192e+04 1.064867677968633024e-04 2.579484250925278069e-02 0.000000000000000000e+00 0.000000000000000000e+00 0.000000000000000000e+00
1.811511906021669711e+04 5.058280652672819721e-04 7.423154240686155592e-02 0.000000000000000000e+00 0.000000000000000000e+00 0.000000000000000000e+00
1.903471818345084466e+04 4.033850300687510763e-03 6.182369649477673645e-01 0.000000000000000000e+00 0.000000000000000000e+00 0.000000000000000000e+00
2.000100000000000000e+04 0.000000000000000000e+00 0.000000000000000000e+00 0.000000000000000000e+00 0.000000000000000000e+00 0.000000000000000000e+00
