1.000000000000000000e+00 2.185585983837440972e-08 3.320507710462879845e-08 1.318040613570421053e-08
1.045961553325497784e+00 1.997779710350249295e-08 3.035100687195372216e-08 1.204769852012770934e-08
1.094035571035088195e+00 1.826091445988637059e-08 2.774225465150830145e-08 1.101226173981341584e-08
1.144319145273208882e+00 1.669157742650903011e-08 2.535773553140406205e-08 1.006581502073551332e-08
1.196913830690071512e+00 1.525708886922333492e-08 2.317817518380976634e-08 9.200703763030499921e-09
1.251925849545358904e+00 1.394581139061874851e-08 2.118594309762134485e-08 8.409917775974104808e-09
1.309466306238806999e+00 1.274727210299241418e-08 1.936496090386182914e-08 7.687114933821241262e-09
1.369651411700944621e+00 1.165168803368826768e-08 1.770048601302153916e-08 7.026414491144239232e-09
1.432602718097180983e+00 1.065028417599512831e-08 1.617908806506214295e-08 6.422509034246888372e-09
1.498447364319257513e+00 9.734915975168736659e-09 1.478844845940788210e-08 5.870495605915613364e-09
1.567318332759868760e+00 8.898225165405168016e-09 1.351733880592158253e-08 5.365928980685825272e-09
1.639354717889041746e+00 8.133431244334051126e-09 1.235549162168359677e-08 4.904725458339397613e-09
1.714702007174705223e+00 7.434363790226899041e-09 1.129350126604555100e-08 4.483159005305321948e-09
1.793512374914803642e+00 6.795379649068473088e-09 1.032279228181305862e-08 4.097826150866402742e-09
1.875944989574390709e+00 6.211309105700273914e-09 9.435523215739487944e-09 3.745611256194264509e-09
1.962166335248414217e+00 5.677435354277876990e-09 8.624512529687182553e-09 3.423667373613970393e-09
2.052350547899430833e+00 5.189518568098815239e-09 7.883211119941358830e-09 3.129420668783970075e-09
2.146679767049325172e+00 4.743537155243181776e-09 7.205627234649384455e-09 2.860464497693536783e-09
2.245344503635329669e+00 4.335886762856096713e-09 6.586284089554722005e-09 2.614625094791173978e-09
2.348544024773278505e+00 3.963266084355326385e-09 6.020176477345717025e-09 2.389913209500416515e-09
2.456486756205174871e+00 3.622658660601018479e-09 5.502726495743097166e-09 2.184510511631789880e-09
2.569390703243878082e+00 3.311324754615470496e-09 5.029753049899204803e-09 1.996761830313963560e-09
2.687483891065059805e+00 3.026737534806492380e-09 4.597431356249783726e-09 1.825145566486746766e-09
2.811004825235662974e+00 2.766608073570108327e-09 4.202269122889696342e-09 1.668279029024510012e-09
2.940202973408962972e+00 2.528828167468107016e-09 3.841073418568607984e-09 1.524892421490752262e-09
3.075339269159086619e+00 2.311539449875967051e-09 3.510923248920319933e-09 1.393849650087722289e-09
3.216686638972539480e+00 2.112916931737952740e-09 3.209150887594870069e-09 1.274066674285843383e-09
3.364530553461092310e+00 1.931360334114503755e-09 2.933317658681292411e-09 1.164577261172173575e-09
3.519169603909261035e+00 1.765400269918604484e-09 2.681190755215795370e-09 1.064495218068354807e-09
3.680916105320806597e+00 1.613693161857010809e-09 2.450736472279107941e-09 9.730114783180238771e-10
3.850096727182192424e+00 1.475023118759666434e-09 2.240088931000070724e-09 8.893898534006312330e-10
4.027053153216901826e+00 1.348271015496872309e-09 2.047549192916683029e-09 8.129556514133846031e-10
4.212142771463094348e+00 1.232427880897186065e-09 1.871556833276522625e-09 7.430960634184845338e-10
4.405739396068305780e+00 1.126540800244283771e-09 1.710693046837518692e-09 6.792409853487507894e-10
4.608234022258945295e+00 1.029750178537239304e-09 1.563654734625284466e-09 6.208724807987898425e-10
4.820035616009373136e+00 9.412743534495645683e-10 1.429254987575470035e-09 5.675192629182725552e-10
5.041571940005385777e+00 8.604069991507725473e-10 1.306408037304266976e-09 5.187533777144057253e-10
5.273290417570277278e+00 7.864953257937776966e-10 1.194119489132279690e-09 4.741807390130290812e-10
5.515659036298269591e+00 7.189410430851992045e-10 1.091482427858888384e-09 4.334408649622890748e-10
5.769167293220356818e+00 6.571788695343899912e-10 9.976673320817826384e-10 3.961974767374595396e-10
6.034327183411422268e+00 6.007235932385211170e-10 9.119164209490091863e-10 3.621547122829090728e-10
6.311674234035287157e+00 5.491320115048653949e-10 8.335355807404595715e-10 3.310420181105046509e-10
6.601768585916069298e+00 5.019698128071684713e-10 7.618913530459863737e-10 3.026016386932247057e-10
6.905196124820247583e+00 4.588570246266847438e-10 6.964061539173525256e-10 2.766043804156859441e-10
7.222569664734193928e+00 4.194596623223096238e-10 6.365486223002905322e-10 2.528450524961884502e-10
7.554530185526997954e+00 3.834441099587021068e-10 5.818369353181755643e-10 2.311264132822405114e-10
7.901748127498179564e+00 3.505202459024015232e-10 5.318268839772859804e-10 2.112729603083142935e-10
8.264924745424840680e+00 3.204293391493525375e-10 4.861159418243014296e-10 1.931271729724671635e-10
8.644793524842908639e+00 2.929231762102763747e-10 4.443340969858885946e-10 1.765404828403780455e-10
9.042121663422893363e+00 2.677790539383739732e-10 4.061432884653087311e-10 1.613786317882820896e-10
9.457711620431943800e+00 2.448020653836794750e-10 3.712350537079205646e-10 1.475221298751108235e-10
9.892402737411607916e+00 2.237949877278652758e-10 3.393275965111336036e-10 1.348548565132756418e-10
1.034707293334445133e+01 2.045961477931321285e-10 3.101622322810146452e-10 1.232772507879787030e-10
1.082264047773317550e+01 1.870453946587828022e-10 2.835034591805123325e-10 1.126939657314722180e-10
1.132006584517320391e+01 1.710060071329952764e-10 2.591369922271009040e-10 1.030215123973525348e-10
1.184035365516427518e+01 1.563423658221336621e-10 2.368641628920911379e-10 9.417926941885257352e-11
1.238455470107886391e+01 1.429393564385365640e-10 2.165058495393808109e-10 8.609714716918209354e-11
1.295376807238504213e+01 1.306877935628431076e-10 1.978979596903346705e-10 7.870958325630991688e-11
1.354914337441009486e+01 1.194910558416088533e-10 1.808888010835096547e-10 7.195753421235437648e-11
1.417188305012786387e+01 1.092551952274815358e-10 1.653423183936401073e-10 6.578540001052677194e-11
1.482324480865903027e+01 9.989906417537608185e-11 1.511313188879341051e-10 6.014362540604198977e-11
1.550454416538912561e+01 9.134881114337591852e-11 1.381423902555021816e-10 5.498748118195215552e-11
1.621715709883418910e+01 8.353070422924774361e-11 1.262695837513486156e-10 5.027346413585293285e-11
1.696252282962023727e+01 7.638592639593149416e-11 1.154176243928200586e-10 4.596516657490501939e-11
1.774214672718879626e+01 6.985562668382997995e-11 1.054983610457373378e-10 4.202729701438266060e-11
1.855760335009928852e+01 6.388567876136427916e-11 9.643131891512513208e-11 3.842749273023473115e-11
1.941053962606831718e+01 5.842950245657210585e-11 8.814397095242322422e-11 3.513738364462175037e-11
2.030267817816854148e+01 5.344221920456150687e-11 8.056913623201545528e-11 3.213006409498883449e-11
2.123582080390486126e+01 4.888306651268641699e-11 7.364523422834654337e-11 2.938100717429638940e-11
2.221185211419424377e+01 4.471613578380598196e-11 6.731627769708421408e-11 2.686832962387850895e-11
2.323274333959886206e+01 4.090690960960485009e-11 6.153164243955682167e-11 2.457150442928459584e-11
2.430055631149943096e+01 3.742539372747952201e-11 5.624417682109621899e-11 2.247219080945716791e-11
2.541744762624967180e+01 3.424312226229839259e-11 5.141100387528852323e-11 2.055328062656478560e-11
2.658567300072159867e+01 3.133413919553887435e-11 4.699355448741940118e-11 1.879925870870256131e-11
2.780759182803850749e+01 2.867552876593308549e-11 4.295571406039861557e-11 1.719609720002449089e-11
2.908567194269658174e+01 2.624485346727224525e-11 3.926501196279607860e-11 1.573052361791731566e-11
3.042249460469875899e+01 2.402359298396983865e-11 3.589155466057937097e-11 1.439108697257975323e-11
3.182075971276728410e+01 2.199315083929915330e-11 3.280816326458573924e-11 1.316674417826115803e-11
3.328329125716349779e+01 2.013730083172405699e-11 2.998980577893872369e-11 1.204764810277328535e-11
3.481304302312768328e+01 1.844065576263221953e-11 2.741375958917093702e-11 1.102462434347841275e-11
3.641310455645803046e+01 1.689029370796252220e-11 2.505912406800812126e-11 1.008967437482238827e-11
3.808670740327659132e+01 1.547282437728149217e-11 2.290705759960564746e-11 9.234965325125700258e-12
3.983723163658493149e+01 1.417733310883631318e-11 2.093994944926879732e-11 8.453747471299104837e-12
4.166821268279002766e+01 1.299345250683606409e-11 1.914195957193395076e-11 7.739752705707938771e-12
4.358334846198825829e+01 1.191128959846795366e-11 1.749858502740183282e-11 7.087099706350219712e-12
4.558650685642769673e+01 1.092220705922218705e-11 1.599644749160941988e-11 6.490536567695426071e-12
4.768173352223256245e+01 1.001804789238671094e-11 1.462356924420076035e-11 5.945211153715894156e-12
4.987326006016684232e+01 9.191752445968733353e-12 1.336863327550683718e-11 5.446767139820067728e-12
5.216551256193860553e+01 8.436521536338250034e-12 1.222168746039625872e-11 4.991164988519904366e-12
5.456312054930609179e+01 7.746482608837658464e-12 1.117334337173493118e-11 4.574783626476922596e-12
5.707092632403857380e+01 7.115769128826550419e-12 1.021517956820841243e-11 4.194165056256442016e-12
5.969399474761641500e+01 6.539480165594429370e-12 9.339362669600232644e-12 3.846286380628128093e-12
6.243762347042098781e+01 6.012795110371035409e-12 8.538878259650392142e-12 3.528290124588181362e-12
6.530735363107407920e+01 5.531510717937492085e-12 7.807201926248971230e-12 3.237615374446979523e-12
6.830898104753585187e+01 5.091808463198698835e-12 7.138387520623070345e-12 2.971931278875752911e-12
7.144856792256257449e+01 4.690226539933063641e-12 6.527152857381944105e-12 2.729142385004866214e-12
7.473245508716587437e+01 4.323274378369314355e-12 5.968430688765674223e-12 2.507180618516972538e-12
7.816727480680003737e+01 3.988229164191152771e-12 5.457693155329880260e-12 2.304330935086152750e-12
8.175996417614160805e+01 3.682160765775400329e-12 4.990854660587850592e-12 2.118885798708851510e-12
8.551777912951415317e+01 3.402753511902288724e-12 4.564131373293721324e-12 1.949396066725837450e-12
8.944830909525343543e+01 3.147600405073886160e-12 4.174022686524671215e-12 1.794432099894415988e-12
9.355949232361055579e+01 2.914887084914817690e-12 3.817431774499093708e-12 1.652830593647724121e-12
9.785963191914866854e+01 2.702516513592899546e-12 3.491442501017371310e-12 1.523368332435315735e-12
1.023574126100142365e+02 2.508864770704534085e-12 3.193441144116026033e-12 1.405030193656875369e-12
1.070619182879493678e+02 2.332314327757551023e-12 2.920974811701580245e-12 1.296831608444823747e-12
1.119826503544710050e+02 2.171490743807605672e-12 2.671856454757655973e-12 1.197913616849014513e-12
1.171295469102685729e+02 2.025055162272282075e-12 2.444064965049727314e-12 1.107458791305423926e-12
1.225130028265763826e+02 1.891859422275202489e-12 2.235787122654737445e-12 1.024747368301546885e-12
1.281438907390569000e+02 1.770810327292146346e-12 2.045334640140825381e-12 9.490990867587778552e-13
1.340335830065968139e+02 1.660937049995155563e-12 1.871167531998703045e-12 8.798979216210664863e-13
1.401939746793620145e+02 1.561250019356730363e-12 1.711902433660698943e-12 8.165546047895521678e-13
1.466375075225009539e+02 1.470996568189565880e-12 1.566269510030519198e-12 7.585693893058707015e-13
1.533771951440145926e+02 1.389420656903602260e-12 1.433085277197703983e-12 7.054576088524345432e-13
1.604266492775414576e+02 1.315824414387306740e-12 1.311291130872208082e-12 6.567769306853037282e-13
1.678001072731420891e+02 1.249555750803953265e-12 1.199933917790110979e-12 6.121211070140803768e-13
1.755124608516008209e+02 1.190049338532053403e-12 1.098116329689458820e-12 5.711180051022761505e-13
1.835792861803209632e+02 1.136674339635990087e-12 1.005046761531736820e-12 5.334078575144554469e-13
1.920168753315547576e+02 1.088839238554515328e-12 9.199952925063113582e-13 4.986607698531137641e-13
2.008422691865014258e+02 1.046041279984743633e-12 8.422953092118734340e-13 4.665882493692411924e-13
2.100732918517307724e+02 1.007652045717050462e-12 7.713311472436655352e-13 4.368975555928829950e-13
2.197285866574368924e+02 9.729593175009287364e-13 7.065526887578815919e-13 4.093135501684409927e-13
2.298276538102291227e+02 9.413352607640655563e-13 6.474504018040474546e-13 3.836061132556220637e-13
2.403908897765019788e+02 9.119733818607649749e-13 5.935467435934860268e-13 3.595427400109135811e-13
2.514396284759284868e+02 8.838071283563637962e-13 5.444130804413936525e-13 3.368921391117804707e-13
2.629961843682681319e+02 8.558214138326268318e-13 4.996507315501166304e-13 3.154707361227129674e-13
2.750838975205127213e+02 8.268964264413895781e-13 4.588814530632269054e-13 2.951111850239699101e-13
2.877271807453877273e+02 7.957858731633917883e-13 4.217722445845052423e-13 2.756668359729671528e-13
3.009515689064119783e+02 7.615468407184979807e-13 3.879877097297104717e-13 2.570351752081408109e-13
3.147837704890961845e+02 7.233959379890419663e-13 3.572195451385519109e-13 2.391333198147501350e-13
3.292517215424319375e+02 6.810810679583780290e-13 3.291786742017649124e-13 2.219205157032992258e-13
3.443846420996163147e+02 6.349578471112191566e-13 3.035943838383415142e-13 2.053904194143992891e-13
3.602130951919605764e+02 5.860879379300907022e-13 2.802151726439766943e-13 1.895765243216118316e-13
3.767690485751684264e+02 5.360478117238953389e-13 2.588107871786929750e-13 1.745404230503637451e-13
3.940859392926529949e+02 4.866714069134791149e-13 2.391748960089051231e-13 1.603639540084365130e-13
4.121987412062810563e+02 4.395597616012606523e-13 2.211286002633939036e-13 1.471181277367644284e-13
4.311440356309365143e+02 3.961252268762389136e-13 2.045226534686223453e-13 1.348819918586457907e-13
4.509600852155584789e+02 3.572504221007513001e-13 1.892382808800569277e-13 1.237087891355643654e-13
4.716869112198643279e+02 3.233321223082527182e-13 1.751856959275724979e-13 1.136231460347020807e-13
4.933663743428353428e+02 2.943345841383300556e-13 1.622990240622389788e-13 1.046138849517918736e-13
5.160422592662009720e+02 2.699205643187845224e-13 1.505275213352241334e-13 9.663612438884271357e-14
5.397603630836752018e+02 2.494405391385320585e-13 1.398246029290361071e-13 8.959940300381653894e-14
5.645685877945354605e+02 2.321141133566604921e-13 1.301362164901201776e-13 8.338557626426716623e-14
5.905170370483549505e+02 2.169807595002351493e-13 1.213909665395388953e-13 7.784191789452496269e-14
6.176581173362676509e+02 2.030323533024286909e-13 1.134950711388288223e-13 7.279992064579991181e-14
6.460466438331450263e+02 1.893156676240142690e-13 1.063346592503589052e-13 6.808995349464871051e-14
6.757399511044415021e+02 1.751540186423338538e-13 9.978721725809933362e-14 6.357042825769960209e-14
7.067980089012974076e+02 1.604300789980983239e-13 9.374136009255873621e-14 5.916846463490471643e-14
7.392835432777699225e+02 1.455634501681341885e-13 8.811951255050017757e-14 5.489052400208275731e-14
7.732621632747939202e+02 1.313369520944669060e-13 8.289348158140550583e-14 5.081900378296610847e-14
8.088024934267380104e+02 1.185647240917035372e-13 7.808218326047204967e-14 4.707825126471930900e-14
8.459763123581672062e+02 1.076686722611690851e-13 7.372607562168555112e-14 4.376085176589463295e-14
8.848586977507249003e+02 9.862455246975253387e-14 6.984858630684175194e-14 4.088951873979213011e-14
9.255281779729251639e+02 9.098122950463369673e-14 6.642159548163942258e-14 3.839269354349890619e-14
9.680668906790783694e+02 8.398802903544382214e-14 6.335666616852376357e-14 3.611396739044331209e-14
1.012560748697673489e+03 7.698362930804315350e-14 6.053428783991523825e-14 3.388757823084585161e-14
1.059099613544248314e+03 6.976700948318827694e-14 5.786392808520526265e-14 3.163020891617080002e-14
1.107777476909176357e+03 6.274725776258401717e-14 5.533531876119174583e-14 2.940433391529307718e-14
1.158692650486922503e+03 5.654428957731540429e-14 5.301068073005710885e-14 2.736024913777233783e-14
1.211947964530139416e+03 5.148418737847525708e-14 5.095482177671865380e-14 2.560906839908050818e-14
1.267650975529620837e+03 4.734061856857884259e-14 4.916084113677918083e-14 2.411678161006662038e-14
1.325914183439544558e+03 4.346372039517457343e-14 4.754319209961773199e-14 2.270601157060573676e-14
1.386855258886734646e+03 3.939706554625339767e-14 4.601603616433885142e-14 2.122504342586593580e-14
1.450597280822804123e+03 3.532801290972938186e-14 4.457104165934896717e-14 1.970744639763175855e-14
1.517268985099163046e+03 3.181230464782428277e-14 4.325771269049987601e-14 1.833125371846299993e-14
1.587005024466923487e+03 2.898597679241023344e-14 4.208853204794252259e-14 1.716476459807247837e-14
1.659946240526792508e+03 2.641658403521433338e-14 4.101015027550089113e-14 1.606704064974084888e-14
1.736239948178224040e+03 2.374807358107660532e-14 3.997197371625262384e-14 1.489731118002818410e-14
1.816040233142276520e+03 2.129658704578867449e-14 3.897165892816002896e-14 1.377115449885672412e-14
1.899508263159094213e+03 1.942572059443716385e-14 3.801210581536969875e-14 1.285585811529727765e-14
1.986812613488506258e+03 1.783639047042996807e-14 3.709700972343655868e-14 1.204507182110365464e-14
2.078129607371129623e+03 1.611301560422720905e-14 3.624377520922706689e-14 1.115416942919862507e-14
2.173643672137613066e+03 1.456665013968736981e-14 3.543501466518311577e-14 1.032304550931942879e-14
2.273547711685196191e+03 1.338557003203032552e-14 3.463326393639259185e-14 9.654253165814614514e-15
2.378043496073878487e+03 1.219011108654839925e-14 3.395184072752055157e-14 8.969640290228908790e-15
2.487342069029033155e+03 1.118135121008814330e-14 3.345354346783062604e-14 8.380345051442735770e-15
2.601664174173464289e+03 1.062320093275737116e-14 3.301632736957328097e-14 8.037187690911446311e-15
2.721240700849774839e+03 9.986365551572259554e-15 3.283769738038652605e-14 7.657593125469635011e-15
2.846313150433396004e+03 9.501691127857788827e-15 3.298856423794627299e-14 7.376918435579031257e-15
2.977134124078108471e+03 9.199519766417603644e-15 3.328492261207014775e-14 7.207469048680945406e-15
3.113967832879082835e+03 9.000604107183266045e-15 3.423814149832837018e-14 7.127032772960335897e-15
3.257090631483838933e+03 9.867377538221065276e-15 3.530908491285787794e-14 7.712159218787021059e-15
3.406791576228762096e+03 1.060113314435083431e-14 3.661711589537531048e-14 8.221035910128918721e-15
3.563373008928456329e+03 1.134732275122565581e-14 3.747086937330390402e-14 8.709745896842618863e-15
3.727151167496963808e+03 1.167716684332806784e-14 3.769030904499854086e-14 8.915100867028819980e-15
3.898456824634066379e+03 1.232229529881245504e-14 3.703599919106442112e-14 9.246035006587874422e-15
4.077635955866634504e+03 8.869615535841664063e-15 3.630520496077967604e-14 7.128156933708920273e-15
4.265050438294165360e+03 8.467445989166278050e-15 3.624362698446031951e-14 6.863869138712703843e-15
4.461078781449758935e+03 8.620684256306397356e-15 3.814795613306909239e-14 7.031666563506170351e-15
4.666116891752612901e+03 9.531909500194047161e-15 4.338466784761874859e-14 7.814918279792583128e-15
4.880578872095905353e+03 1.274520923512644614e-14 5.355811526634748677e-14 1.029525126290528870e-14
5.104897858185037876e+03 1.647292279012002100e-14 7.246104351026572417e-14 1.342170179394053616e-14
5.339526893315228335e+03 2.320772447713385292e-14 1.060464652479698039e-13 1.904075335958599653e-14
5.584939843355264202e+03 3.637068692876985811e-14 1.705868903541740351e-13 2.997890903381472113e-14
5.841632353785339546e+03 5.592652063007935757e-14 3.000052110714498066e-13 4.713894865712155854e-14
6.110122850721796567e+03 9.288006075494682156e-14 5.841855294665192366e-13 8.013874616086023540e-14
6.390953587950587462e+03 1.641654621708172321e-13 1.286120644868661152e-12 1.455827157465460719e-13
6.684691742083958161e+03 2.993350772712352556e-13 3.319979602372972289e-12 2.745785980988344414e-13
6.991930558052270499e+03 5.984092237748167997e-13 1.089836866365385130e-11 5.672619229740992217e-13
7.313290547244365371e+03 1.359631756314058573e-12 4.927739313294678564e-11 1.323124901560636696e-12
7.649420740716394903e+03 4.567737034437815731e-12 4.449440262865468943e-10 4.521321738291547382e-12
8.000999999999998181e+03 0.000000000000000000e+00 0.000000000000000000e+00 0.000000000000000000e+00
