1.000000000000000000e+00 6.382027434598343163e-08 2.571705517394848096e-07 5.113135277377596883e-08
1.043506801891150637e+00 5.861872014312655226e-08 2.361732986754007281e-07 4.696252142719906639e-08
1.088906445593096795e+00 5.383581731754153232e-08 2.168904705811300247e-07 4.313018821612050624e-08
1.136281282599512554e+00 4.944279753494971899e-08 1.991821097943501596e-07 3.961035454143978745e-08
1.185717247254192142e+00 4.540782811035271312e-08 1.829196463961594129e-07 3.637750507036073160e-08
1.237304012629400596e+00 4.170076232078111889e-08 1.679846863950730850e-07 3.340760898666138990e-08
1.291135153185993367e+00 3.829724434620894825e-08 1.542694152401410798e-07 3.068077050975258834e-08
1.347308314510356819e+00 3.517064343372791218e-08 1.416736745447179785e-07 2.817593659958923529e-08
1.405925390436058908e+00 3.229979361499444699e-08 1.301066039122711907e-07 2.587592926324632575e-08
1.467092707871498813e+00 2.966278866999834725e-08 1.194836959021046655e-07 2.376334669384091120e-08
1.530921219668815780e+00 2.724104483930362901e-08 1.097281210309380807e-07 2.182322310386312826e-08
1.597526705883905551e+00 2.501724429510049846e-08 1.007692606533655184e-07 2.004165082919451213e-08
1.667029983792618797e+00 2.297474385181802801e-08 9.254167211789969095e-08 1.840535991945103525e-08
1.739557127044092155e+00 2.109898146733482448e-08 8.498584497580332366e-08 1.690265072066061130e-08
1.815239694348738553e+00 1.937644558188190639e-08 7.804697110219796419e-08 1.552268376396997911e-08
1.894214968115721653e+00 1.779443960610614626e-08 7.167468693921327717e-08 1.425531842406388990e-08
1.976626203472784393e+00 1.634158289008848308e-08 6.582259579766584857e-08 1.309141553469528479e-08
2.062622888120131837e+00 1.500856309965228003e-08 6.044832806768270867e-08 1.202332261556304237e-08
2.152361013489727082e+00 1.378371515169953412e-08 5.551288530455922136e-08 1.104201062171877572e-08
2.246003357701860548e+00 1.265877091164829534e-08 5.098039725887629215e-08 1.014075432531879984e-08
2.343719780832254074e+00 1.162558241507408477e-08 4.681799851483138538e-08 9.313024485884609473e-09
2.445687533025294069e+00 1.067654439609287088e-08 4.299542066009383168e-08 8.552742889619003742e-09
2.552091576012282204e+00 9.805082427192140463e-09 3.948492974899892201e-08 7.854593126025539793e-09
2.663124918617922887e+00 9.004632733334002865e-09 3.626107835174395869e-08 7.213356097696223406e-09
2.778988966863618959e+00 8.269584647833390357e-09 3.330043749677839545e-08 6.624504209584316476e-09
2.899893889302647576e+00 7.594462345978713749e-09 3.058153146891791758e-08 6.083673691618055069e-09
3.026058998249895549e+00 6.975104011892418337e-09 2.808459556451505335e-08 5.587411688098038516e-09
3.157713147597687176e+00 6.406140208315776181e-09 2.579156051367618152e-08 5.131557506807232847e-09
3.295095147939301583e+00 5.883546867418083859e-09 2.368575053433398025e-08 4.712868941906940323e-09
3.438454199753187890e+00 5.403543832677309470e-09 2.175186580345418255e-08 4.328314758879234816e-09
3.588050345433644761e+00 4.962660333766321170e-09 1.997589022052455898e-08 3.975113060931724993e-09
3.744154940987900027e+00 4.557575511389237791e-09 1.834487784821918744e-08 3.650620513343124014e-09
3.907051148255233031e+00 4.185648788624049677e-09 1.684708111110330785e-08 3.352677706637346595e-09
4.077034448540966416e+00 3.844165404543402170e-09 1.547152627276177694e-08 3.079108273565732922e-09
4.254413178597033607e+00 3.530683324221778013e-09 1.420829999014922875e-08 2.827952817347756714e-09
4.439509089921354956e+00 3.242618569927244249e-09 1.304822326610655116e-08 2.597189972936034027e-09
4.632657932390524813e+00 2.978013010325238427e-09 1.198284908206036202e-08 2.385228889002438235e-09
4.834210063284507086e+00 2.735016781074778578e-09 1.100445744631681442e-08 2.190576967079016853e-09
5.044531082808031641e+00 2.512061083092650840e-09 1.010596532047375926e-08 2.011947144243623841e-09
5.264002497261512481e+00 2.307216228800216478e-09 9.280818923006957406e-09 1.847841826090631499e-09
5.493022411064389487e+00 2.119081813120792893e-09 8.523044642125366094e-09 1.697125942780081060e-09
5.732006248886219346e+00 1.946279642911264723e-09 7.827144874696120958e-09 1.558697537827576597e-09
5.981387509195349672e+00 1.787525294045495155e-09 7.188055429303278387e-09 1.431531985608033554e-09
6.241618550592113124e+00 1.641825787777002735e-09 6.601162979797589752e-09 1.314809459911409376e-09
6.513171412352854794e+00 1.507978691150502512e-09 6.062170768914195870e-09 1.207588356063968070e-09
6.796538670673194282e+00 1.384995904037651594e-09 5.567194276657034468e-09 1.109080889582538172e-09
7.092234332163717347e+00 1.272175518417348452e-09 5.112623976657428924e-09 1.018693705729431839e-09
7.400794766218779408e+00 1.168556593997806143e-09 4.695168240717151578e-09 9.356799580937046308e-10
7.722779677949724864e+00 1.073330884438289529e-09 4.311807330040010023e-09 8.594015215127944315e-10
8.058773123447286579e+00 9.858455864626914224e-10 3.959739798493059892e-09 7.893286031942560299e-10
8.409384569214836347e+00 9.055383163511966336e-10 3.636414105570540221e-09 7.249992956378947444e-10
8.775249997694164250e+00 8.317379954286219627e-10 3.339491525465218044e-09 6.658904702386436622e-10
9.157033060889162357e+00 7.640474692256733989e-10 3.066812621542227141e-09 6.116617069168391587e-10
9.555426284179983298e+00 7.018747316714500064e-10 2.816398897391437522e-09 5.618548836160035073e-10
9.971152322511294130e+00 6.447141817571574915e-10 2.586424589370782964e-09 5.160733508919136892e-10
1.040496527123328008e+01 5.922431250116117314e-10 2.375224996423293298e-09 4.740440729005093179e-10
1.085765203397312817e+01 5.440408297890457734e-10 2.181268234199550920e-09 4.354364779419292264e-10
1.133003375001824686e+01 4.998362830208873535e-10 2.003161906697767988e-09 4.000214645961809112e-10
1.182296728380033457e+01 4.591719357666251126e-10 1.839582423532446678e-09 3.674531900281904717e-10
1.233734677918219091e+01 4.218433558582904282e-10 1.689361902536937122e-09 3.375541489352984213e-10
1.287410528136649646e+01 3.875526061353974081e-10 1.551418268179112585e-09 3.100903685577246326e-10
1.343421642936872473e+01 3.560852348476741512e-10 1.424721281528640455e-09 2.848833983143396572e-10
1.401869622212410427e+01 3.271624378969725961e-10 1.308380727018773171e-09 2.617191875647783247e-10
1.462860486143227945e+01 3.005998920478948336e-10 1.201531864766162887e-09 2.404451854522128037e-10
1.526504867508253582e+01 2.762175943538805299e-10 1.103414452320959600e-09 2.209157770218373451e-10
1.592918212364812369e+01 2.538141567858796093e-10 1.013300748135979134e-09 2.029729695070512201e-10
1.662220989458974074e+01 2.332454143318642912e-10 9.305460819723165989e-10 1.864987045650285461e-10
1.734538908746677066e+01 2.143420533127934849e-10 8.545500344207486420e-10 1.713606182871493113e-10
1.810003149422011504e+01 1.969962640425381572e-10 7.847618299145284316e-10 1.574676588947057752e-10
1.888750597866273750e+01 1.810534133168850185e-10 7.206673552264355835e-10 1.447003208549584805e-10
1.970924095949434118e+01 1.664173497871378785e-10 6.618121440601802947e-10 1.329788710612401262e-10
2.056672700134400245e+01 1.529756011194138724e-10 6.077563801402175386e-10 1.222137360810893381e-10
2.146151951854085382e+01 1.406307654804731633e-10 5.581200933126100127e-10 1.123273838806513344e-10
2.239524159651707436e+01 1.292918385116857987e-10 5.125308450015273143e-10 1.032466706870934746e-10
2.336958693596119829e+01 1.188795123031148394e-10 4.706726438269141528e-10 9.490820069229026011e-11
2.438632292506208543e+01 1.093099707938652710e-10 4.322258300435892645e-10 8.724555751504281607e-11
2.544729384541637174e+01 1.005257204243726818e-10 3.969190636710414764e-10 8.021106281827175383e-11
2.655442421741480175e+01 9.245569580211671635e-11 3.644984457198028324e-10 7.374910161788717548e-11
2.770972229117543861e+01 8.504885643266483763e-11 3.347224764765413518e-10 6.781731293879658140e-11
2.891528368935641069e+01 7.823674451868965226e-11 3.073814717096524698e-10 6.236356235226886739e-11
3.017329520845564517e+01 7.198555089740465830e-11 2.822731945707658092e-10 5.735805163509378620e-11
3.148603878549312896e+01 6.624517051991057785e-11 2.592156607817591555e-10 5.276145083646762528e-11
3.285589563727066320e+01 6.097163320580547323e-11 2.380401287326719793e-10 4.853887794667230540e-11
3.428535057971772204e+01 5.613163820836934870e-11 2.185955311498826570e-10 4.466294796082201816e-11
3.577699653515814759e+01 5.167802638035962469e-11 2.007398108652395058e-10 4.109787705449930645e-11
3.733353923567363353e+01 4.759705512591782268e-11 1.843429505207665119e-10 3.782953075967856478e-11
3.895780213109558332e+01 4.384220107562715693e-11 1.692844823922991410e-10 3.482344019651373524e-11
4.065273151052780776e+01 4.039510276155570284e-11 1.554581774473605232e-10 3.206353779937561157e-11
4.242140184669047898e+01 3.723249712237175304e-11 1.427595256268205469e-10 2.953071778352245996e-11
4.426702137277933247e+01 3.432691901846053661e-11 1.311015103113890890e-10 2.720397543449863488e-11
4.619293790195614946e+01 3.165594212110912307e-11 1.203944714810406683e-10 2.506537358640543074e-11
4.820264490002678315e+01 2.920577738444561871e-11 1.105645515052418544e-10 2.310306989705750325e-11
5.029978782232173273e+01 2.695519156755407603e-11 1.015371518049777108e-10 2.130051726266578936e-11
5.248817072627439728e+01 2.488780529282586302e-11 9.324689750669672197e-11 1.964461393909847896e-11
5.477176317169127628e+01 2.298900562912260668e-11 8.563536059104172917e-11 1.812366649568493283e-11
5.715470742123107328e+01 2.124596416524154197e-11 7.864572639327157992e-11 1.672715994051658143e-11
5.964132595415325255e+01 1.964688628943316227e-11 7.222780517917141632e-11 1.544551010302364740e-11
6.223612930696613432e+01 1.817705554147708675e-11 6.633514669722008531e-11 1.426749763852784763e-11
6.494382425519634694e+01 1.682923408521692750e-11 6.092343089501669680e-11 1.318661784862839821e-11
6.776932235112084868e+01 1.559181768600104450e-11 5.595461076939505775e-11 1.219395724765571390e-11
7.071774883294858682e+01 1.445605722024983345e-11 5.139081787529386007e-11 1.128236689626845572e-11
7.379445192161182376e+01 1.341480202254226637e-11 4.720206722817889654e-11 1.044604240944391940e-11
7.700501252203143565e+01 1.245881274745228157e-11 4.335510596940248407e-11 9.677749911432396178e-12
8.035525434645299470e+01 1.158189356073871526e-11 3.982233964512899462e-11 8.972375820924068942e-12
8.385125447821714317e+01 1.077882968520133520e-11 3.657745003889655212e-11 8.325445043091112271e-12
8.749935439512539403e+01 1.004328492248413058e-11 3.359815048044640115e-11 7.732005032102160061e-12
9.130617147239769338e+01 9.368655853917294953e-12 3.086236260525833956e-11 7.186963322364681535e-12
9.527861098608673274e+01 8.751532023410852281e-12 2.834922492079666098e-11 6.687172181050724513e-12
9.942387863872237119e+01 8.187403293872111844e-12 2.604224468699816652e-11 6.229055000779218331e-12
1.037494936299070645e+02 7.672215658342196157e-12 2.392277817951636266e-11 5.809170727547527252e-12
1.082633022955706252e+02 7.201524051012725251e-12 2.197615025493390654e-11 5.424070916348565692e-12
1.129734923406257820e+02 6.772783554640932142e-12 2.018782381672089474e-11 5.071390242310014870e-12
1.178886076908408143e+02 6.383144967980300809e-12 1.854511817413606175e-11 4.748673306237680633e-12
1.230175639908698031e+02 6.029055855459904373e-12 1.703619191513845435e-11 4.453112910047860092e-12
1.283696647765525256e+02 5.708578991225464482e-12 1.564987031284361884e-11 4.182818687416690828e-12
1.339546183508192598e+02 5.419397671059343451e-12 1.437658491024549392e-11 3.935769818970803906e-12
1.397825553938130554e+02 5.159720549387031767e-12 1.320689619923197939e-11 3.710203933880336333e-12
1.458640473391704688e+02 4.927969331990083372e-12 1.213304394887188763e-11 3.504555532513347344e-12
1.522101255497971692e+02 4.722048254505239871e-12 1.114675545107899032e-11 3.316917777654649469e-12
1.588323013279193674e+02 4.541843997387662095e-12 1.024116423243518318e-11 3.146434715602154537e-12
1.657425867957087178e+02 4.384943508200091924e-12 9.409878434096070388e-12 2.991106773624186516e-12
1.729535166843564582e+02 4.251596887358743965e-12 8.647170780758960512e-12 2.850216805346896405e-12
1.804781710711205562e+02 4.140356610310214623e-12 7.947605667647263253e-12 2.722205852857975656e-12
1.883301991055890028e+02 4.051589176300556967e-12 7.306408192598482729e-12 2.606319000550638517e-12
1.965238437681966275e+02 3.984032569617084410e-12 6.719140665406600351e-12 2.501059700988691743e-12
2.050739677059069948e+02 3.937608521861451965e-12 6.181721866964565894e-12 2.405416145915646145e-12
2.139960801919201003e+02 3.912320306115748758e-12 5.690373114252749164e-12 2.318366453004164804e-12
2.233063652583127521e+02 3.907653078450230892e-12 5.241616530862797333e-12 2.238694436551810056e-12
2.330217110526390911e+02 3.922560805106752444e-12 4.832208576827696408e-12 2.165063537216419310e-12
2.431597404717432198e+02 3.954923347060243108e-12 4.459106120876634049e-12 2.095954497387616953e-12
2.537388431283509647e+02 4.001762803181324222e-12 4.119397997954424404e-12 2.029864213180979675e-12
2.647782087084258933e+02 4.058618220151243865e-12 3.810433632897359904e-12 1.965306069645846889e-12
2.762978617797970742e+02 4.116901494210791513e-12 3.529665096725774215e-12 1.900367091290079210e-12
2.883186981151989698e+02 4.165864317171711978e-12 3.274748340649947197e-12 1.833472307645270910e-12
3.008625225956113809e+02 4.191474092894436199e-12 3.043130165106158407e-12 1.763082097302326528e-12
3.139520887626504759e+02 4.177166546792141572e-12 2.832432453815467994e-12 1.687905697758283152e-12
3.276111400917600349e+02 4.106645196309846850e-12 2.640379848497903842e-12 1.607093963525698140e-12
3.418644530610662855e+02 3.972193162955458316e-12 2.464741186414154331e-12 1.520976843594471913e-12
3.567378820940206197e+02 3.772885193354698487e-12 2.303392006578732491e-12 1.430223360482579249e-12
3.722584064573538853e+02 3.521005021672180618e-12 2.154314993750135498e-12 1.336550871253989100e-12
3.884541791994093956e+02 3.236786347362645585e-12 2.015753025843415949e-12 1.242172863470117648e-12
4.053545782176276475e+02 2.944335224558120787e-12 1.886236600030593873e-12 1.149700918440164278e-12
4.229902595478124567e+02 2.662626726000886989e-12 1.764674460541072472e-12 1.061294270109925978e-12
4.413932129718455144e+02 2.409500116445621478e-12 1.650442354837076691e-12 9.795067477668741475e-13
4.605968200447100571e+02 2.191404527753891781e-12 1.543377068986884613e-12 9.055853493443619478e-13
4.806359146460892475e+02 2.012572088882977089e-12 1.443747274011454771e-12 8.406762113102469430e-13
5.015468461663685957e+02 1.871870096845300596e-12 1.352099508052615762e-12 7.850429586053970419e-13
5.233675454416602406e+02 1.765560888849323338e-12 1.269068597889732973e-12 7.383497364314741251e-13
5.461375935574483265e+02 1.689778539972699991e-12 1.195185199525553692e-12 7.000428718741934744e-13
5.698982936456619655e+02 1.637089732985192372e-12 1.130629585487726614e-12 6.687607640909602402e-13
5.946927458054085491e+02 1.598639102227883174e-12 1.075050565180982909e-12 6.427888364606117810e-13
6.205659252832682569e+02 1.562128472130749014e-12 1.027426025287513645e-12 6.197867041260875035e-13
6.475647640549660764e+02 1.515190213207361250e-12 9.861080627468944479e-13 5.973463061973061742e-13
6.757382359563951013e+02 1.447211444154459690e-12 9.489342129676176452e-13 5.731322921353086221e-13
7.051374455184256931e+02 1.356154933626246402e-12 9.136897509983391188e-13 5.458985242530249917e-13
7.358157206666278398e+02 1.249513850285867435e-12 8.788369157637379959e-13 5.159482712652219301e-13
7.678287094540650060e+02 1.142372509716918865e-12 8.441465256890033892e-13 4.854369718753360101e-13
8.012344810026208961e+02 1.048006917516490068e-12 8.110083630037693089e-13 4.572003164782013509e-13
8.360936308359608802e+02 9.747084540223934331e-13 7.819887113861462208e-13 4.338886764019417646e-13
8.724693907951938172e+02 9.244755563458608366e-13 7.596774205903051811e-13 4.170067776866982942e-13
9.104277437366123422e+02 8.931528827046198599e-13 7.455262638776384305e-13 4.063449108405997301e-13
9.500375432195683061e+02 8.715081415129109634e-13 7.386980712766390023e-13 3.998130041506777635e-13
9.913706384015775939e+02 8.475034142454140242e-13 7.358709937540640517e-13 3.938760008371567592e-13
1.034502004367218660e+03 8.119676120796083320e-13 7.324713940940771504e-13 3.850867832279454433e-13
1.079509878127221327e+03 7.663702421534958121e-13 7.254538051653314314e-13 3.726754568241055379e-13
1.126475900534442644e+03 7.206474725318967377e-13 7.164187991055447284e-13 3.592634571135502071e-13
1.175485264374150120e+03 6.865426036428230496e-13 7.108964722815612028e-13 3.492536622234042075e-13
1.226626868897243185e+03 6.677924893211064246e-13 7.142839226658736278e-13 3.451281236421115778e-13
1.279993481076717899e+03 6.584919153755127038e-13 7.272467364686473328e-13 3.455818280095760663e-13
1.335681903879886931e+03 6.447126233207979989e-13 7.441882170479119724e-13 3.454440545446124336e-13
1.393793151861582601e+03 6.179156298296958086e-13 7.580085008335855681e-13 3.404150634258137264e-13
1.454432634396866888e+03 5.849867465276445804e-13 7.691271555292324065e-13 3.322683503179992604e-13
1.517710346885595754e+03 5.622932859679954681e-13 7.870483247679196017e-13 3.279762405815062060e-13
1.583741070275696984e+03 5.592012606867353819e-13 8.190554383947672233e-13 3.323160584148888668e-13
1.652644579267060635e+03 5.724474449578625074e-13 8.596717411094627881e-13 3.436284469115785921e-13
1.724545859573716598e+03 5.890794614042670457e-13 8.953701337874819720e-13 3.553129441898399223e-13
1.799575334638394452e+03 6.009098617492642578e-13 9.254364301129753241e-13 3.643366385739624744e-13
1.877869102210708206e+03 6.169630582515963141e-13 9.634498294282358799e-13 3.761124436973348856e-13
1.959569181218102358e+03 6.433082841489897921e-13 1.008890162722603924e-12 3.928265401197988609e-13
2.044823769377360577e+03 6.528608043601758035e-13 1.043582314663689008e-12 4.016132234126534665e-13
2.133787512013977448e+03 6.296720012136195889e-13 1.065609923176399659e-12 3.957953678300454495e-13
2.226621782576980422e+03 6.273441011132891534e-13 1.082407242532966957e-12 3.971582190175195984e-13
2.323494975358078136e+03 6.600475112116818243e-13 1.084887889018635979e-12 4.103748201772566292e-13
2.424582810946065820e+03 6.183405375206147666e-13 1.074252101572212045e-12 3.924474244876956909e-13
2.530068654970585612e+03 5.019928945362766918e-13 1.057555480238622063e-12 3.404096629797165578e-13
2.640143850713400752e+03 4.414394097356162619e-13 1.043129975366240279e-12 3.101765974862855654e-13
2.755008066190528098e+03 4.422481453797350804e-13 1.042216618177353972e-12 3.104946495115297859e-13
2.874869656334801675e+03 4.473282798341896469e-13 1.069126363896600185e-12 3.153740596623805070e-13
2.999946040935837118e+03 4.529792665812741374e-13 1.122018974882681427e-12 3.226996189279628402e-13
3.130464099022974096e+03 4.874049913989853628e-13 1.233154600976660471e-12 3.493315258280362262e-13
3.266660580406526151e+03 5.498919793542013191e-13 1.412535327690381602e-12 3.958066851511423078e-13
3.408782535123903926e+03 6.664313869478681613e-13 1.698445616126500553e-12 4.786284724910554613e-13
3.557087761569554004e+03 7.861521385213799007e-13 2.178602617659612499e-12 5.776913261681003885e-13
3.711845274121596958e+03 9.694227645396334216e-13 2.895158483659069917e-12 7.262449307586251938e-13
3.873335791113409414e+03 1.214625260488823166e-12 4.264918997483538251e-12 9.453848904943551956e-13
4.041852244035283547e+03 1.646647106774050828e-12 6.757216420915918627e-12 1.324004231230750917e-12
4.217700308889829103e+03 2.279565635237710356e-12 1.234406875523037046e-11 1.924221720954417386e-12
4.401198960664939477e+03 3.424730631861097701e-12 2.473870045996465170e-11 3.008276405720593429e-12
4.592681051930127069e+03 6.146179706300796485e-12 6.782980109096544757e-11 5.635533891604957442e-12
4.792493916605692903e+03 1.667740167743479418e-11 4.140275791137391394e-10 1.603163313721594243e-11
5.001000000000000909e+03 0.000000000000000000e+00 0.000000000000000000e+00 0.000000000000000000e+00
