1.000000000000000000e+00 9.427374684974232052e-08 2.627631192900123187e-07 6.938124921726964957e-08
1.042343452601165010e+00 8.679337807169201807e-08 2.418488388115109053e-07 6.387151931435264747e-08
1.086479873180516975e+00 7.989267683766892067e-08 2.225996284299898653e-07 5.879184319285809375e-08
1.132485182192656037e+00 7.353962543229336118e-08 2.048831021155301805e-07 5.411564896186285466e-08
1.180438514826352314e+00 6.769068613104762340e-08 1.885771354932136749e-07 4.981084089784408845e-08
1.230422357127491484e+00 6.230329486695138347e-08 1.735670403672915329e-07 4.584636929628403931e-08
1.282522687885933044e+00 5.734711009129389853e-08 1.597537354132483504e-07 4.219889163005268735e-08
1.336829126530349798e+00 5.278289523695100821e-08 1.470378794955823617e-07 3.884023070007218454e-08
1.393435087285444407e+00 4.858330977481450283e-08 1.353358205319734546e-07 3.574974545370008965e-08
1.452437939856715765e+00 4.471654795495900070e-08 1.245637229019982919e-07 3.290436422624914902e-08
1.513939176919172347e+00 4.115750002390235966e-08 1.146488650624921153e-07 3.028541654208674935e-08
1.578044588698096051e+00 3.788236763254216481e-08 1.055244588887268135e-07 2.787535602606024326e-08
1.644864444942158777e+00 3.486721739646781665e-08 9.712519490533873163e-08 2.565666636727120171e-08
1.714513684601908450e+00 3.209201990314549506e-08 8.939434471161848160e-08 2.361454389396770785e-08
1.787112113539898184e+00 2.953796549672426563e-08 8.227971600247203427e-08 2.173516191514629846e-08
1.862784610612542746e+00 2.718690211203754330e-08 7.573060665365202175e-08 2.000515378452730096e-08
1.941661342478194330e+00 2.502294676103807068e-08 6.970268808583187878e-08 1.841282622061674060e-08
2.023877987500934061e+00 2.303313867400420951e-08 6.415459226905369940e-08 1.694827476669145393e-08
2.109575969135220941e+00 2.120108631253393209e-08 5.904815508936842151e-08 1.559996095634011839e-08
2.198902699192854637e+00 1.951480430342093632e-08 5.434869675893194681e-08 1.435897521972592672e-08
2.292011831410701195e+00 1.796245990940076042e-08 5.002295376872336714e-08 1.321658945659435910e-08
2.389063525755349193e+00 1.653345833090625567e-08 4.604152303056731448e-08 1.216501524978511582e-08
2.490224723919343131e+00 1.521767326232980557e-08 4.237674837238687357e-08 1.119683976932642350e-08
2.595669436482870740e+00 1.400689649764927451e-08 3.900392989597501744e-08 1.030589496941322276e-08
2.705579042234875775e+00 1.289216887169422997e-08 3.589953119068992998e-08 9.485687482364258887e-09
2.820142600168453750e+00 1.186629229915792754e-08 3.304222528625784304e-08 8.730831578121279410e-09
2.939557174687212449e+00 1.092186709760690109e-08 3.041217304971522920e-08 8.035936264989844778e-09
3.064028174581995057e+00 1.005427168695923045e-08 2.799145788914696125e-08 7.397248670671052278e-09
3.193769706361041738e+00 9.256045500311238198e-09 2.576377430571518686e-08 6.809591498595085756e-09
3.329004942541377243e+00 8.520157268987198932e-09 2.371322409474476171e-08 6.268048529010108358e-09
3.469966505534922252e+00 7.842194934784416412e-09 2.182572591011806333e-08 5.769248140950522438e-09
3.616896867789669567e+00 7.218628184659199934e-09 2.008877154969827882e-08 5.310405747691153991e-09
3.770048768874223466e+00 6.644488804667049079e-09 1.849001442894608051e-08 4.887969844853128353e-09
3.929685650223130100e+00 6.115739206333465907e-09 1.701828312625244270e-08 4.498974706750505664e-09
4.096082108290830526e+00 5.629823952511821530e-09 1.566367649815746672e-08 4.141345446607940521e-09
4.269524366893723055e+00 5.182317307111888716e-09 1.441714811037512977e-08 3.812054797419680145e-09
4.450310769552807244e+00 4.770206762632121231e-09 1.326963270360401212e-08 3.508838966047795776e-09
4.638752292683820500e+00 4.390773279158836166e-09 1.221353697158591321e-08 3.229695842165599170e-09
4.835173080517622068e+00 4.041563281215468272e-09 1.124141207562396198e-08 2.972777041973169654e-09
5.039911002670948825e+00 3.720685255030575033e-09 1.034669284927154882e-08 2.736600042821181383e-09
5.253318235326636554e+00 3.425069704239983011e-09 9.523132902097713147e-09 2.519067316452152582e-09
5.475761867023024365e+00 3.152952671715798057e-09 8.765257250984824214e-09 2.318841625295567689e-09
5.707624530094580706e+00 2.902428593385936866e-09 8.067661663892515286e-09 2.134514060129016390e-09
5.949305058849887473e+00 2.671709915067544057e-09 7.425549539291275253e-09 1.964782069691752210e-09
6.201219175619169022e+00 2.459567807201111956e-09 6.834553497500613000e-09 1.808675312914452806e-09
6.463800205851433667e+00 2.264198676978832012e-09 6.290655689588793938e-09 1.664937084768983120e-09
6.737499823491305051e+00 2.084229184217235199e-09 5.789941678917107257e-09 1.532550617946742420e-09
7.022788827917666232e+00 1.918680543146163430e-09 5.329149844489541859e-09 1.410758195387065850e-09
7.320157953780587867e+00 1.766540620871765289e-09 4.904983146389813565e-09 1.298781549023187599e-09
7.630118715129537321e+00 1.626291144087732703e-09 4.514599888366340033e-09 1.195600732653866133e-09
7.953204285284886765e+00 1.497145666487756264e-09 4.155308880041087891e-09 1.100601982990198186e-09
8.289970413966230467e+00 1.378437213120019214e-09 3.824621801648260486e-09 1.013250282677580952e-09
8.640996383255068025e+00 1.268960870953886979e-09 3.520200117308455224e-09 9.327304339402628501e-10
9.006886004036267934e+00 1.168276815768445826e-09 3.240064879351526280e-09 8.586658979548450795e-10
9.388268654632273780e+00 1.075740623684554774e-09 2.982184428281846420e-09 7.905658423306047108e-10
9.785800363416699454e+00 9.904092741712715999e-10 2.744838147093640983e-09 7.278000224306499594e-10
1.020016493726949491e+01 9.119051130962031451e-10 2.526362986884916222e-09 6.700476106822507941e-10
1.063207513781483016e+01 8.396320511182503294e-10 2.325296844881080515e-09 6.168839248787693957e-10
1.108227390746491814e+01 7.731510473073138865e-10 2.140256064442981908e-09 5.679745927220579692e-10
1.155153564737878646e+01 7.118959754078498295e-10 1.969913132311364273e-09 5.229206011565085885e-10
1.204066754953423946e+01 6.554919949135071754e-10 1.813106829198122946e-09 4.814378913471596359e-10
1.255051098520432262e+01 6.036486167385122857e-10 1.668841108097360701e-09 4.432995297842744856e-10
1.308194295222672210e+01 5.559209438168465026e-10 1.536010135577852489e-09 4.081875414986226221e-10
1.363587758355547841e+01 5.119206038651082335e-10 1.413736422412586301e-09 3.758305831160936777e-10
1.421326771969004987e+01 4.714785935559443339e-10 1.301251395259858520e-09 3.460832622962840929e-10
1.481510654768641366e+01 4.342011827283808494e-10 1.197661257785934465e-09 3.186702026640897508e-10
1.544242930956958304e+01 3.999841494417012983e-10 1.102366813322546340e-09 2.934928409725850804e-10
1.609631508308618564e+01 3.683868429693858133e-10 1.014616680203606014e-09 2.702606532677158562e-10
1.677788863786025431e+01 3.393155695934260330e-10 9.338664877247122153e-10 2.488846252467593491e-10
1.748832237014511648e+01 3.126011534398086472e-10 8.595364738631598011e-10 2.292325464983639396e-10
1.822883831949924982e+01 2.879735800095290823e-10 7.911268017347315930e-10 2.111236555850206321e-10
1.900071027085526509e+01 2.653054438780613440e-10 7.281632414048309799e-10 1.944557235053529537e-10
1.980526594559769649e+01 2.444252427210731755e-10 6.702080750448975141e-10 1.791054056685787785e-10
2.064388928541858093e+01 2.252355974449490597e-10 6.168684857247955399e-10 1.649923622317584788e-10
2.151802283287939943e+01 2.075801790403512940e-10 5.677745098809150726e-10 1.520062187017947414e-10
2.242917021277420631e+01 1.912903334207661475e-10 5.225763768345745685e-10 1.400314763616669699e-10
2.337889871856227231e+01 1.763196372826595404e-10 4.809988166588314004e-10 1.290235142161742020e-10
2.436884200831915237e+01 1.625201655461830510e-10 4.427066388404616693e-10 1.188789982718315930e-10
2.540070291484369136e+01 1.498293745081965573e-10 4.074686698433438932e-10 1.095478022094127114e-10
2.647625637475465155e+01 1.381413800166864003e-10 3.750420345831859608e-10 1.009557650299013101e-10
2.759735248161536703e+01 1.273808930528155037e-10 3.451911738950101443e-10 9.304561797037132908e-11
2.876591966833829161e+01 1.174689447783604326e-10 3.177108549824693705e-10 8.576031998712414560e-11
2.998396802434348274e+01 1.083570478446744575e-10 2.924275693403919347e-10 7.906138799605449983e-11
3.125359275317711649e+01 9.996336994727249952e-11 2.691514192693091414e-10 7.289137060413059361e-11
3.257697777653739024e+01 9.223223985742411393e-11 2.477344871716154646e-10 6.720983209576461210e-11
3.395639949090740828e+01 8.512782141601385180e-11 2.280216912164709999e-10 6.198633248915227258e-11
3.539423068325686472e+01 7.858219273452242563e-11 2.098754672907073567e-10 5.717468005337010841e-11
3.689294461254805668e+01 7.254439569343182737e-11 1.931696811117760440e-10 5.273856000041647191e-11
3.845511926406689440e+01 6.700108747034050753e-11 1.778008675881251948e-10 4.866322035185249291e-11
4.008344178389703671e+01 6.189707071809215223e-11 1.636561136945578713e-10 4.491106640404431698e-11
4.178071310116503412e+01 5.718896982792556407e-11 1.506317659226729068e-10 4.145147251724171705e-11
4.354985274600709744e+01 5.286542182182189148e-11 1.386479459848469535e-10 3.827243097002692481e-11
4.539390387154536199e+01 4.888676565162673875e-11 1.276204032906893629e-10 3.534671586102523380e-11
4.731603848851198535e+01 4.521288559978730786e-11 1.174657136301426069e-10 3.264697321834261620e-11
4.931956292152518984e+01 4.183734063394427154e-11 1.081254710483726646e-10 3.016535974958558501e-11
5.140792349640297232e+01 3.873080154435545905e-11 9.952769021791358701e-11 2.788101597857931146e-11
5.358471246829720513e+01 3.586949567049319863e-11 9.161431440174028798e-11 2.577707123693948502e-11
5.585367420084560308e+01 3.323775022611868660e-11 8.433064110616393631e-11 2.384110859842547340e-11
5.821871160697001812e+01 3.081443028032747668e-11 7.762765501541503213e-11 2.205833608579393075e-11
6.068389286240065417e+01 2.858966994842568472e-11 7.145895285524967530e-11 2.041995001770928022e-11
6.325345840347389270e+01 2.653744990393727402e-11 6.578163737429215685e-11 1.890916556787611676e-11
6.593182822124114750e+01 2.465179030518158506e-11 6.055529182684628732e-11 1.751962769563464118e-11
6.872360946443542673e+01 2.292049848238039083e-11 5.574819787720119453e-11 1.624250234171069591e-11
7.163360436437373835e+01 2.132616745885775205e-11 5.132147994632160528e-11 1.506573873572723124e-11
7.466681849542716520e+01 1.985580224625088299e-11 4.724684855874944147e-11 1.398043252370569325e-11
7.782846938526807890e+01 1.851095080363794887e-11 4.349770119510177510e-11 1.298502355623272187e-11
8.112399548970439866e+01 1.727393689864114585e-11 4.004733868727737263e-11 1.206838463330499408e-11
8.455906554753981652e+01 1.613665736345032805e-11 3.687008543239245280e-11 1.122423118649576679e-11
8.813958833155088257e+01 1.509425144548639514e-11 3.394619121070480427e-11 1.044836298365366895e-11
9.187172281235410765e+01 1.413890489208923586e-11 3.125478416991742934e-11 9.735018896516708941e-12
9.576188875264639933e+01 1.326284987654068620e-11 2.877788008538578715e-11 9.078736351229418248e-12
9.981677775004206410e+01 1.246161979332710275e-11 2.649725794982455466e-11 8.475571506791444100e-12
1.040433647475019967e+02 1.172732453340644304e-11 2.439724132888140357e-11 7.920216062231403893e-12
1.084489200311536194e+02 1.105996897789870016e-11 2.246419879698565333e-11 7.411171053562945602e-12
1.130410217361402516e+02 1.045178645655189468e-11 2.068473589537511064e-11 6.943371518664623891e-12
1.178275688820117182e+02 9.898927609619534503e-12 1.904592717288349381e-11 6.513567117857058362e-12
1.228167949600777575e+02 9.396645836851379704e-12 1.753642084863296953e-11 6.118261165164354093e-12
1.280172820960967499e+02 8.944660758568336648e-12 1.614688452199258550e-11 5.756058574395335816e-12
1.334379758126628701e+02 8.537552676219602321e-12 1.486743121089016525e-11 5.423267015917637323e-12
1.390882004166816728e+02 8.177296993797390809e-12 1.368979271438036523e-11 5.119359837223657068e-12
1.449776750384068578e+02 7.856159883528314357e-12 1.260558289439895343e-11 4.839835771481605126e-12
1.511165303496226784e+02 7.577143686258379960e-12 1.160754302366327630e-11 4.584490884036013259e-12
1.575153259897343503e+02 7.335807299708432240e-12 1.068894234019891225e-11 4.350241906927079179e-12
1.641850687297378215e+02 7.133298638136364756e-12 9.843593912520251284e-12 4.136051096573166579e-12
1.711372314053143953e+02 6.967460978829130569e-12 9.066121866373992973e-12 3.939721454844303819e-12
1.783837726516200348e+02 6.839700856814696087e-12 8.351285083734949756e-12 3.760143809379299934e-12
1.859371574737108119e+02 6.750005293880432955e-12 7.694560472996812261e-12 3.595699916844236322e-12
1.938103786879943584e+02 6.698191477028909859e-12 7.091380148481445137e-12 3.444590112071190087e-12
2.020169792715831818e+02 6.686791408402078212e-12 6.538088107136802624e-12 3.305801866157624824e-12
2.105710756579998986e+02 6.717439993696080887e-12 6.030917558804552964e-12 3.177846765072180702e-12
2.194873820193008669e+02 6.791229675717761487e-12 5.566591237142171199e-12 3.059115346373918213e-12
2.287812355763888092e+02 6.909003032372858582e-12 5.141798333849307041e-12 2.947911860865008828e-12
2.384686229810537270e+02 7.074262795437573644e-12 4.753739994864373535e-12 2.843185496407390569e-12
2.485662078151169396e+02 7.286228306167812836e-12 4.399635476409227619e-12 2.743207446318843642e-12
2.590913592539878323e+02 7.540921249410702533e-12 4.076810555486740084e-12 2.646205633248666262e-12
2.700621819439303408e+02 7.831518594359720092e-12 3.782819014717712083e-12 2.550745333053265188e-12
2.814975471444402046e+02 8.142984294097879892e-12 3.515397470208629712e-12 2.455385915999215688e-12
2.934171251892951773e+02 8.449401283614505936e-12 3.272319348569469046e-12 2.358795280300747551e-12
3.058414193221180426e+02 8.708787533269206926e-12 3.051078453640205261e-12 2.259481020418603801e-12
3.187918009646573410e+02 8.872085689661044841e-12 2.849538893274096054e-12 2.156813081520746491e-12
3.322905464784441847e+02 8.885624419480506083e-12 2.665503305628358817e-12 2.050419822751473852e-12
3.463608754830696057e+02 8.712579536076972834e-12 2.496865801573379962e-12 1.940697441473818209e-12
3.610269907969848191e+02 8.348057961272042615e-12 2.341665861072129644e-12 1.828706022629061982e-12
3.763141200695379780e+02 7.816997245968921421e-12 2.197847191720892602e-12 1.715509966394035337e-12
3.922485591758517671e+02 7.187419413958947225e-12 2.063819709937028754e-12 1.603410921656694958e-12
4.088577174491895221e+02 6.531955699587278384e-12 1.938167757166368825e-12 1.494668406289248489e-12
4.261701648286200452e+02 5.910061533472137753e-12 1.819838367229922052e-12 1.391396637662210993e-12
4.442156810030711540e+02 5.361720585645143436e-12 1.708316473185588939e-12 1.295539970279974075e-12
4.630253066363192147e+02 4.908407659929573756e-12 1.603485017330233961e-12 1.208643712623031514e-12
4.826313967610138320e+02 4.557843020726029289e-12 1.505590630815829548e-12 1.131742531228892384e-12
5.030676764335976827e+02 4.305860675122266804e-12 1.415252267221456611e-12 1.065156228205847636e-12
5.243692987458422294e+02 4.148313256647890215e-12 1.333278217414224612e-12 1.008987212978254718e-12
5.465729052927925977e+02 4.073761332665126660e-12 1.260289449361488421e-12 9.625177255669100520e-13
5.697166892011393884e+02 4.067683603145567485e-12 1.196641161880329542e-12 9.246309546416692917e-13
5.938404608264202125e+02 4.106430538523710940e-12 1.142145517263794106e-12 8.936026041498006820e-13
6.189857162320780617e+02 4.153442192553706977e-12 1.096082051854466113e-12 8.672240052081951039e-13
6.451957085681489161e+02 4.161785276207574520e-12 1.056961956299027506e-12 8.428936124434690121e-13
6.725155224723790752e+02 4.084236181765888061e-12 1.022831832066948132e-12 8.179814259521739734e-13
7.009921516217362978e+02 3.901095737032747534e-12 9.913604144461523814e-13 7.904806434473329258e-13
7.306745795677196611e+02 3.639420729197258892e-12 9.607425384584444968e-13 7.600917851050835891e-13
7.616138639945219211e+02 3.355031552815121180e-12 9.301631978917278326e-13 7.282578878543138702e-13
7.938632245449637139e+02 3.106304938561315362e-12 9.004867048874799998e-13 6.981112439610516720e-13
8.274781343652917940e+02 2.926859621725773260e-12 8.742002004058049588e-13 6.731441723107294868e-13
8.625164155262885970e+02 2.824432353754384237e-12 8.541992587374165266e-13 6.558493149295604068e-13
8.990383384848522610e+02 2.788322810730122261e-12 8.431158348662650746e-13 6.473685345878384176e-13
9.371067257571163509e+02 2.784569204648297085e-12 8.416251484855278671e-13 6.462873310430809919e-13
9.767870599814451680e+02 2.766874897290575058e-12 8.479802878506983789e-13 6.490592988331947626e-13
1.018147596557201382e+03 2.701593109706786546e-12 8.578173083049746650e-13 6.510834821904159826e-13
1.061259481053010859e+03 2.596700886519871490e-12 8.664999486748349138e-13 6.496998851546147811e-13
1.106196871586516636e+03 2.500674664101963243e-12 8.724094017468489159e-13 6.467707430599448747e-13
1.153037066386096740e+03 2.463215157837629712e-12 8.791041083410717019e-13 6.478802270313348454e-13
1.201860636754002144e+03 2.502932745919016086e-12 8.938924139898235913e-13 6.586599218323531423e-13
1.252751565659601965e+03 2.587362323843331017e-12 9.227219684914618881e-13 6.801591807555513083e-13
1.305797392201143793e+03 2.647731112965910191e-12 9.657076599361789303e-13 7.076179722256516849e-13
1.361089362184538686e+03 2.628876096356954181e-12 1.014716561991359227e-12 7.321246814691503464e-13
1.418722585078148768e+03 2.568962935393862926e-12 1.059884812922925648e-12 7.503221377774267038e-13
1.478796197613608456e+03 2.534708893562207159e-12 1.101223813164760596e-12 7.676934690972019096e-13
1.541413534314042636e+03 2.525753249057164427e-12 1.150917057878627774e-12 7.906426890788991574e-13
1.606682305243062729e+03 2.476264441616585820e-12 1.216570232277516918e-12 8.157824199969680751e-13
1.674714781280253874e+03 2.386352927106223071e-12 1.284705344232254399e-12 8.351162340879606807e-13
1.745627987241863821e+03 2.334550438364838569e-12 1.325793023362881611e-12 8.455847699089763110e-13
1.819543903178907613e+03 2.314582733436816517e-12 1.332293188382799818e-12 8.455738214881992442e-13
1.896589674198901548e+03 2.199424699563706877e-12 1.327131036398537942e-12 8.276984682948947809e-13
1.976897829172202819e+03 1.951071437477589492e-12 1.307599023487138605e-12 7.829018420119892068e-13
2.060606508699101141e+03 1.686738604021208432e-12 1.272324552870890639e-12 7.252562133298226187e-13
2.147859702729852415e+03 1.555977607761890907e-12 1.239122430092625553e-12 6.897952589845653376e-13
2.238807498246347677e+03 1.542118306063689005e-12 1.216441426574098280e-12 6.800275411764884182e-13
2.333606337431473548e+03 1.573105853993124718e-12 1.220872558049036738e-12 6.873932023843852658e-13
2.432419286770282724e+03 1.624469187148275553e-12 1.248035963304450809e-12 7.057936750858269210e-13
2.535416317545798393e+03 1.632400028723076531e-12 1.301571489157061807e-12 7.241669945795040433e-13
2.642774598212020919e+03 1.825923089078232057e-12 1.422415426087965957e-12 7.995537277376969042e-13
2.754678799146972779e+03 1.954056235871652257e-12 1.597908290157107919e-12 8.790635818155196557e-13
2.871321410310085412e+03 2.274673406226692114e-12 1.863305982822520798e-12 1.024271067663133393e-12
2.992903072350262391e+03 2.721313343604736861e-12 2.329131489500743352e-12 1.254997690468975666e-12
3.119632921734205411e+03 3.197498079461786533e-12 3.037571873546250897e-12 1.557741982863485171e-12
3.251728950488693499e+03 3.969004782557182743e-12 4.307552663424229416e-12 2.065677334306282531e-12
3.389418381175546074e+03 5.208450197009117055e-12 6.747595045084993386e-12 2.939476392927657314e-12
3.532938057744372145e+03 7.370291747625681340e-12 1.211974518025842105e-11 4.583165143088431985e-12
3.682534852935320941e+03 1.259077453831550504e-11 3.320144770368852552e-11 9.128885254216059989e-12
3.838466092932727861e+03 3.064393427111026790e-11 1.258147747920084593e-10 2.464202671840705820e-11
4.001000000000001819e+03 0.000000000000000000e+00 0.000000000000000000e+00 0.000000000000000000e+00
