1.000000000000000000e+00 3.020868343692270653e-08 3.338990290374962331e-08 1.585986520841739102e-08
1.044458330493748033e+00 2.769683397956774202e-08 3.060788025098261205e-08 1.453984277198906481e-08
1.090893204137787231e+00 2.539086845735348421e-08 2.805766755827922221e-08 1.332886921325695015e-08
1.139392494740728790e+00 2.327668111250768208e-08 2.571995509216289906e-08 1.221869987987513118e-08
1.190047982834008033e+00 2.133829947487612936e-08 2.357703306860651276e-08 1.120093660355151996e-08
1.242955529358260591e+00 1.956055794161775481e-08 2.161259522037912273e-08 1.026772031312778467e-08
1.298215257071501538e+00 1.793143709574782075e-08 1.981189870636413056e-08 9.412411697341746629e-09
1.355931740022412457e+00 1.643751039280343350e-08 1.816117202422857496e-08 8.628202955693842070e-09
1.416214201447291599e+00 1.506833102854016565e-08 1.664804189932036826e-08 7.909422899224555259e-09
1.479176720465174677e+00 1.381292117300935043e-08 1.526092787861502401e-08 7.250432972943867919e-09
1.544938447962273864e+00 1.266223959696202843e-08 1.398942734566483588e-08 6.646394060695158587e-09
1.613623832074278619e+00 1.160727636067762675e-08 1.282383661516103651e-08 6.092633427857218876e-09
1.685362853693225027e+00 1.064019771477099213e-08 1.175535523563701613e-08 5.585006281895239428e-09
1.760291272444604704e+00 9.753684126830335464e-09 1.077589956917273990e-08 5.119671306370471893e-09
1.838550883600207131e+00 8.941081679594314584e-09 9.878076754085226330e-09 4.693126496959371776e-09
1.920289786412877620e+00 8.196122726174291305e-09 9.055040558689062041e-09 4.302099660410770031e-09
2.005662664380989835e+00 7.513347358800549791e-09 8.300574897179290454e-09 3.943683386749012873e-09
2.094831077973011269e+00 6.887918213712700525e-09 7.608974325943197007e-09 3.615257042429624499e-09
2.187963770366109895e+00 6.314312944275787732e-09 6.975013278363953401e-09 3.314119609392852581e-09
2.285236986777393398e+00 5.788439455899019255e-09 6.393864891281818259e-09 3.038054111736909069e-09
2.386834807992079366e+00 5.306330618265543381e-09 5.861136723541167395e-09 2.784976065032793348e-09
2.492949498719772894e+00 4.864272201845687763e-09 5.372787230449521253e-09 2.552949872407601816e-09
2.603781871438080042e+00 4.459103364473030565e-09 4.925135281293235550e-09 2.340273743273524610e-09
2.719541666412103709e+00 4.087617626288649024e-09 4.514779561383149485e-09 2.145296492513173538e-09
2.840447948608971096e+00 3.747109608694677993e-09 4.138614546113736989e-09 1.966571747627039993e-09
2.966729522258517271e+00 3.434925796499858187e-09 3.793786869132377185e-09 1.802724355770957785e-09
3.098625363844645264e+00 3.149360723047267897e-09 3.477697614194002987e-09 1.652697730338243573e-09
3.236385074346761037e+00 2.887199828347817553e-09 3.187940553267910005e-09 1.515063165623545159e-09
3.380269351587102289e+00 2.646838648817243307e-09 2.922328974912453130e-09 1.388884982093004062e-09
3.530550483577849175e+00 2.426457951516889683e-09 2.678846922900502241e-09 1.273206904751257853e-09
3.687512863801615026e+00 2.224343257263567666e-09 2.455650407479655802e-09 1.167140346198224833e-09
3.851453529400454379e+00 2.039111260415053828e-09 2.251053800579209617e-09 1.069923671304475173e-09
4.022682723291851836e+00 1.869274314158763509e-09 2.063498487557205632e-09 9.807952085137304859e-10
4.201524481275451528e+00 1.713744408919032226e-09 1.891574392981520227e-09 8.991368636575593325e-10
4.388317245241568187e+00 1.571066355736759463e-09 1.733973096772089907e-09 8.242524282193925997e-10
4.583414503641932036e+00 1.440257482090597349e-09 1.589500595026945000e-09 7.556016244547827770e-10
4.787185460434682405e+00 1.320345174691070797e-09 1.457070094264958544e-09 6.926711643205339582e-10
5.000015733769552995e+00 1.210409700006436363e-09 1.335667673060062199e-09 6.349787813045772089e-10
5.222308085735419603e+00 1.109794170572366504e-09 1.224383880890472111e-09 5.821381503880745218e-10
5.454483184551217612e+00 1.017450896403427914e-09 1.122374229303165626e-09 5.336700891983052010e-10
5.696980400642586595e+00 9.327858530670618020e-10 1.028862446210828362e-09 4.892356774304106242e-10
5.950258638110759613e+00 8.551432425927715376e-10 9.431405769392768553e-10 4.484944380996233679e-10
6.214797203167166550e+00 7.840172298009174929e-10 8.645615940229619010e-10 4.111609200256001217e-10
6.491096711177193335e+00 7.187936691175303953e-10 7.925310494431269940e-10 3.769317698061115898e-10
6.779680034029589741e+00 6.589700292810286524e-10 7.264993104371448439e-10 3.455444722932634700e-10
7.081093289624342368e+00 6.041999670442733740e-10 6.659708892929900788e-10 3.167917035378961198e-10
7.395906875351522913e+00 5.539853569662395987e-10 6.104847562454475200e-10 2.904321989667082375e-10
7.724716547516883303e+00 5.079176639937746754e-10 5.596239114990850751e-10 2.662592974071718707e-10
8.068144548756912116e+00 4.656699880342975697e-10 5.129972719000477482e-10 2.440946409950900798e-10
8.426840785576876769e+00 4.269600072310422490e-10 4.702575845477739308e-10 2.237820385363855029e-10
8.801484058240248487e+00 3.914592532017861737e-10 4.310786888494397242e-10 2.051573951560005453e-10
9.192783345336948742e+00 3.589427320717203367e-10 3.951638571971636744e-10 1.880917055185341052e-10
9.601479145461361497e+00 3.291395543509041826e-10 3.622413079893600662e-10 1.724490062908746675e-10
1.002834487853911227e+01 3.017887844820667164e-10 3.320617457713875976e-10 1.581011703015672963e-10
1.047418834945448829e+01 2.767203487721415357e-10 3.043956792751354683e-10 1.449495014219357222e-10
1.093985327674830188e+01 2.537357530708282883e-10 2.790366735283758193e-10 1.328927267201914721e-10
1.142622088927908841e+01 2.327028527795949541e-10 2.557905551149182833e-10 1.218505530010577319e-10
1.193421159386922703e+01 2.133809343829337265e-10 2.344796166672927383e-10 1.117166483649682230e-10
1.246478671709178343e+01 1.956859822948148917e-10 2.149452634788579882e-10 1.024319884480034618e-10
1.301895032449433032e+01 1.794523987628483072e-10 1.970384953405924082e-10 9.391735946680488144e-11
1.359775112070238734e+01 1.645801323697413721e-10 1.806224235770411455e-10 8.611425920564651923e-11
1.420228443399830631e+01 1.509450355772191065e-10 1.655759367049933358e-10 7.896116796451256245e-11
1.483369428913121624e+01 1.384355824965386707e-10 1.517814180798638707e-10 7.240082070417860835e-11
1.549317557228063258e+01 1.269880602812298379e-10 1.391378272223247871e-10 6.639279987547968510e-11
1.618197629227075041e+01 1.164714015587874264e-10 1.275463431482543183e-10 6.087877489405602341e-11
1.690139994231451581e+01 1.068365125159191064e-10 1.169213616402599461e-10 5.582583658056702972e-11
1.765280796675694930e+01 9.801192194313437403e-11 1.071815832937515856e-10 5.119593314321103280e-11
1.843762233748569912e+01 8.991172356054724845e-11 9.825269052262498811e-11 4.694866876074364051e-11
1.925732824488454753e+01 8.249239522926676546e-11 9.006848148191789441e-11 4.305706434571380653e-11
2.011347690842221425e+01 7.568747993214014962e-11 8.256646510049401794e-11 3.948873229714879811e-11
2.100768851219521594e+01 6.944533150871730727e-11 7.568845768821759802e-11 3.621630817072886356e-11
2.194165527098010315e+01 6.372416670456463343e-11 6.938391129474169332e-11 3.321685653055471482e-11
2.291714463259722478e+01 5.847971406906428618e-11 6.360462443192469906e-11 3.046730068672194983e-11
2.393600262264625655e+01 5.367686926198331670e-11 5.830727897095810526e-11 2.794817159153472627e-11
2.500015733794308304e+01 4.926840405725018908e-11 5.345087914978303841e-11 2.563724579209726954e-11
2.611162259526905771e+01 4.522774158572391298e-11 4.899932613675990073e-11 2.351902605008249990e-11
2.727250174233754620e+01 4.152536089080476788e-11 4.491863189208006260e-11 2.157769834538627643e-11
2.848499163818970814e+01 3.812886500881221923e-11 4.117807794840912872e-11 1.979742651616449169e-11
2.975138681055199186e+01 3.501793967092533369e-11 3.774916913019928563e-11 1.816614881376797884e-11
3.107408379802284770e+01 3.216027576908738765e-11 3.460577639429056226e-11 1.666911964961463699e-11
3.245558568530577048e+01 2.954370345287949264e-11 3.172442818947599284e-11 1.529762820438465732e-11
3.389850684007124926e+01 2.714583910875436591e-11 2.908341891775896741e-11 1.404062294938561008e-11
3.540557786041171795e+01 2.494616252323683125e-11 2.666224178029623138e-11 1.288783533730709716e-11
3.697965074225202642e+01 2.292818842548130175e-11 2.444273326334698030e-11 1.183062465149305918e-11
3.862370427649444338e+01 2.107977261874055654e-11 2.240833005885508854e-11 1.086187884323837920e-11
4.034084968611161770e+01 1.938491483494034373e-11 2.054351124127228840e-11 9.973701819915985634e-12
4.213433651385538070e+01 1.783054914867547715e-11 1.883389098435379309e-11 9.159245787986083484e-12
4.400755877172315422e+01 1.640507396247392519e-11 1.726695692098046042e-11 8.412492444425897266e-12
4.596406136381946084e+01 1.509921404262286903e-11 1.583053908327956456e-11 7.728115289364142082e-12
4.800754679476705888e+01 1.390260375215624892e-11 1.451396477344819990e-11 7.100853888680863133e-12
5.014188217636289124e+01 1.280460366784777585e-11 1.330681000238766080e-11 6.525438657430997368e-12
5.237110654573820057e+01 1.179885609046618227e-11 1.220046463729117986e-11 5.998150036210296041e-12
5.469943850887192127e+01 1.087642173160482919e-11 1.118641149448308200e-11 5.514619443046188110e-12
5.713128422392179573e+01 1.003084099752260444e-11 1.025675536175300194e-11 5.071270167359806613e-12
5.967124573948116506e+01 9.256277536116285978e-12 9.404555159245398204e-12 4.664913623030715034e-12
6.232412970354067028e+01 8.545604556346449202e-12 8.623445738412167703e-12 4.292174344441073616e-12
6.509495645963586696e+01 7.895250440240775877e-12 7.907409669881617953e-12 3.950662688575251580e-12
6.798896954739448972e+01 7.298693912315650310e-12 7.250957813345248514e-12 3.637373776953182279e-12
7.101164562546192371e+01 6.752718030624470716e-12 6.649265170052253943e-12 3.350296156314232488e-12
7.416870483558362537e+01 6.252211579935239610e-12 6.097688906879595534e-12 3.086991772535961606e-12
7.746612162745724106e+01 5.794085452729925234e-12 5.592069255949025604e-12 2.845642620845061161e-12
8.091013606483961951e+01 5.374297812579939030e-12 5.128567319048021395e-12 2.624278973308735953e-12
8.450726563430438887e+01 4.990141376572721130e-12 4.703614619167735932e-12 2.421321718936910516e-12
8.826431757899723607e+01 4.638779159340674600e-12 4.314041851133816143e-12 2.235260529407411982e-12
9.218840178072943559e+01 4.317634997350867765e-12 3.956881760782934815e-12 2.064697150312963308e-12
9.628694421478752474e+01 4.023913762555461205e-12 3.629468573378401133e-12 1.908263288325295696e-12
1.005677010029216234e+02 3.755467543081827439e-12 3.329272496598061645e-12 1.764775381033451182e-12
1.050387730911060089e+02 3.510722164492492147e-12 3.054019079689039523e-12 1.633242206362702023e-12
1.097086215798481419e+02 3.287590893173658314e-12 2.801603193642063556e-12 1.512601670169529770e-12
1.145860837360586260e+02 3.084047913993800518e-12 2.570181781588701257e-12 1.401882164123313797e-12
1.196803897167805388e+02 2.899391792442577078e-12 2.357921650789291315e-12 1.300386358040399712e-12
1.250011800364298011e+02 2.731427657352037084e-12 2.163280254275455652e-12 1.207190219276400853e-12
1.305585238105978192e+02 2.579446985960713571e-12 1.984773425890750121e-12 1.121685056649588026e-12
1.363629378109453114e+02 2.442428993993299495e-12 1.821065419126526733e-12 1.043234152235813419e-12
1.424254063672426582e+02 2.318925163192851136e-12 1.670935881846363690e-12 9.711554409427524327e-13
1.487574021542239677e+02 2.208359370447807930e-12 1.533249246046778772e-12 9.049490972446126915e-13
1.553709079025877600e+02 2.109881177889458368e-12 1.406962344885153359e-12 8.440874182341746485e-13
1.622784390752347861e+02 2.022868183908780433e-12 1.291153193338112151e-12 7.881158321089821275e-13
1.694930675516510235e+02 1.946548861959667459e-12 1.184948607657677950e-12 7.365678516734028699e-13
1.770284463652615727e+02 1.880638907397345480e-12 1.087573300704114945e-12 6.890789878055771480e-13
1.848988355405630273e+02 1.824109434235572979e-12 9.983024039712830837e-13 6.451974189780189614e-13
1.931191290789346340e+02 1.777381070679164778e-12 9.164898836337642805e-13 6.046881228782047353e-13
2.017048831441905747e+02 1.739294707689329853e-12 8.415312630457337941e-13 5.671327275715857643e-13
2.106723455012179329e+02 1.709690041337943740e-12 7.728744387112069410e-13 5.322624011131594958e-13
2.200384862634040246e+02 1.688100249362131454e-12 7.100273749374983400e-13 4.998055051536213722e-13
2.298210300070466019e+02 1.673459724752911763e-12 6.525107314891762969e-13 4.694601456290153643e-13
2.400384893135133382e+02 1.665038306485306402e-12 5.999026502266413420e-13 4.410096827598883289e-13
2.507101998026336389e+02 1.661643369662147876e-12 5.518118476863084830e-13 4.142457867782679707e-13
2.618563567236125778e+02 1.660770880646206120e-12 5.078664375983512893e-13 3.889307740510575660e-13
2.734980531727196080e+02 1.659810749734741799e-12 4.677273678738350511e-13 3.649001193993921228e-13
2.856573200100691565e+02 1.655032541276033369e-12 4.310843410126253455e-13 3.420031823086062756e-13
2.983571675510349905e+02 1.641889796221453977e-12 3.976309848661565185e-13 3.201076756693193793e-13
3.116216291111976489e+02 1.615750326973478097e-12 3.670820974331933173e-13 2.991241275123242756e-13
3.254758064872232239e+02 1.572049687657359775e-12 3.391680407048267536e-13 2.789786870124403280e-13
3.399459174597515698e+02 1.508456367395105360e-12 3.136406681610396761e-13 2.596531654073904793e-13
3.550593454081774212e+02 1.425243287740233337e-12 2.902626526752449109e-13 2.411503729954294178e-13
3.708446911312281600e+02 1.325515602029101583e-12 2.688176307020671162e-13 2.234927782228378395e-13
3.873318269713919904e+02 1.216079749110098116e-12 2.491077078497514764e-13 2.067550042312563392e-13
4.045519533456335921e+02 1.103485114728006317e-12 2.309556893434697804e-13 1.909834925421043683e-13
4.225376577893648573e+02 9.951842584104986629e-13 2.142166340361649762e-13 1.762732468728319541e-13
4.413229766254188462e+02 8.961813232089996668e-13 1.987680220731461724e-13 1.626853240295301512e-13
4.609434593747161557e+02 8.093685893595572560e-13 1.845148582636537831e-13 1.502596012700155746e-13
4.814362360305290167e+02 7.364065236743204885e-13 1.713833995856471281e-13 1.390275990849599900e-13
5.028400873236400912e+02 6.768682972388185590e-13 1.593270899491759461e-13 1.289692071138743334e-13
5.251955181113798972e+02 6.297373000828909866e-13 1.482988752963903811e-13 1.200321222711171080e-13
5.485448340294104810e+02 5.932848331356994030e-13 1.382613025645560833e-13 1.121300897073530204e-13
5.729322215513284391e+02 5.652513761163261049e-13 1.291608410946980142e-13 1.051368932740619582e-13
5.984038316075743751e+02 5.427506146164011062e-13 1.209295370743946290e-13 9.889489749722584814e-14
6.250078669219093399e+02 5.222598612511350497e-13 1.134788759427415347e-13 9.322298380996281325e-14
6.527946732307157163e+02 5.002684741357170009e-13 1.067057701162851766e-13 8.794694882537347792e-14
6.818168345577655600e+02 4.738197817948982305e-13 1.004976038781626956e-13 8.291191234731018142e-14
7.121292727247354151e+02 4.419535763895495240e-13 9.476055369619458828e-14 7.802992926606299555e-14
7.437893512858045142e+02 4.062867112880581219e-13 8.942568662581653104e-14 7.329344248152514698e-14
7.768569840829987925e+02 3.705470257773077109e-13 8.447168143660835778e-14 6.878998560388454575e-14
8.113947486277374992e+02 3.385561024771303696e-13 7.991795177901074452e-14 6.465564590462317032e-14
8.474680045231206122e+02 3.127858714974477508e-13 7.579781069302163154e-14 6.101255755663541082e-14
8.851450171510871314e+02 2.937843844561105448e-13 7.213763882787577418e-14 5.791646982318202725e-14
9.244970868584839536e+02 2.801171346663103366e-13 6.891338731367204406e-14 5.530696996053139197e-14
9.655986838865461550e+02 2.688379922533821748e-13 6.605538648368568017e-14 5.302642156367507225e-14
1.008527589299101805e+03 2.562841589359029277e-13 6.346911196591126495e-14 5.087087282239879912e-14
1.053365042176224733e+03 2.401005649730738168e-13 6.106871189355975884e-14 4.868568394615698639e-14
1.100195893351855602e+03 2.212336308798347406e-13 5.883356615459195019e-14 4.647443040746172846e-14
1.149108765986357412e+03 2.034651513350471859e-13 5.681058025469834927e-14 4.441049205145889568e-14
1.200196223277841000e+03 1.899439793042135359e-13 5.505444626532139115e-14 4.268297062609974323e-14
1.253554943629676245e+03 1.810870809560830689e-13 5.358800652993938972e-14 4.135119658723992333e-14
1.309285903605635212e+03 1.743033563470904943e-13 5.238116518439428500e-14 4.027717834163268309e-14
1.367494569018940865e+03 1.661573952557614954e-13 5.139656179222804254e-14 3.925425649975473094e-14
1.428291094516789599e+03 1.557512154449508795e-13 5.062333349661259885e-14 3.820551401522434841e-14
1.491790532038094852e+03 1.463823149254425185e-13 5.006969385598896710e-14 3.730843853270200906e-14
1.558113048538887824e+03 1.409751878704351414e-13 4.972956649764506624e-14 3.676172103286711213e-14
1.627384153397451882e+03 1.385246099960854980e-13 4.960750654658968368e-14 3.652678034739382822e-14
1.699734935929483299e+03 1.348044331289466426e-13 4.980546558552427017e-14 3.636856745891044079e-14
1.775302313462806751e+03 1.288186658937639133e-13 5.035195088398922257e-14 3.620164541862084721e-14
1.854229290441050580e+03 1.245632567882203207e-13 5.108282464039716110e-14 3.622650133379354160e-14
1.936665229046667719e+03 1.235627808444544045e-13 5.191822183735844507e-14 3.655757471568268938e-14
2.022766131855373487e+03 1.225471742791462283e-13 5.328703356973904656e-14 3.713825352630850695e-14
2.112694937056960953e+03 1.222715040866411863e-13 5.537599337553913529e-14 3.811427741480297590e-14
2.206621826801106636e+03 1.286726805035864797e-13 5.737683026468210118e-14 3.968207451054001780e-14
2.304724549251749067e+03 1.387220639279474852e-13 5.909151978908474134e-14 4.143950800419769761e-14
2.407188754959436665e+03 1.457060930669529424e-13 6.112101027326325125e-14 4.305868750950410903e-14
2.514208348188258242e+03 1.546920465051471366e-13 6.188904550896677380e-14 4.420396543853590210e-14
2.625985853862151089e+03 1.572955448938560104e-13 6.086686871048593909e-14 4.388513640650395747e-14
2.742732800825062895e+03 1.580156074237864349e-13 5.888368536713826013e-14 4.289797901558113563e-14
2.864670122140184958e+03 1.633474372136308855e-13 5.526067752461574557e-14 4.129165133299421712e-14
2.992028573185860296e+03 1.352707954461373720e-13 5.138261004456959486e-14 3.723782330440078195e-14
3.125049168339293374e+03 1.072239292956148096e-13 4.797833557407158501e-14 3.314658884414466720e-14
3.263983637074535636e+03 1.025911057225988402e-13 4.556930740288438490e-14 3.155367574141050181e-14
3.409094900337779109e+03 1.042732092786038139e-13 4.510767815910360600e-14 3.148677481727713948e-14
3.560657568101548804e+03 1.092179685020868309e-13 4.654503704003742203e-14 3.263646827867921206e-14
3.718958459039270565e+03 1.201815602410529167e-13 5.137083735238966363e-14 3.598799824722204107e-14
3.884297143303760095e+03 1.426171717048009603e-13 5.934468899054925478e-14 4.190678215378529714e-14
4.056986509436678261e+03 1.813550679922846385e-13 7.357188800282539371e-14 5.233905021534516364e-14
4.237353356481889023e+03 2.197855049204392360e-13 9.525338747180314227e-14 6.645310901743131325e-14
4.425739012423155145e+03 2.933066217915129778e-13 1.320787326794885135e-13 9.106934802891989418e-14
4.622499980116535880e+03 3.975773071336512578e-13 1.991457881525191153e-13 1.326844005303947434e-13
4.828008611939902949e+03 5.576597871239587127e-13 3.182114403371589059e-13 2.026025270783381245e-13
5.042653814436185712e+03 8.137968222732388044e-13 5.814154282253879869e-13 3.391269161673124400e-13
5.266841784283951711e+03 1.272140935089549858e-12 1.237998724667681246e-12 6.274188167644552174e-13
5.500996776987925841e+03 2.276274120804102424e-12 3.403192760128984256e-12 1.363965979623212602e-12
5.745561909744300465e+03 6.048882732747619922e-12 1.792235187220424518e-11 4.522512359359595105e-12
6.001000000000000000e+03 0.000000000000000000e+00 0.000000000000000000e+00 0.000000000000000000e+00
