1.000000000000000000e+00 8.033120292543120468e-08 3.766119751626198435e-08 2.564037420010448298e-08
1.042343452601165010e+00 7.396076579426287822e-08 3.466384722054628249e-08 2.360206047829516415e-08
1.086479873180516975e+00 6.808147408012706508e-08 3.190524456813600559e-08 2.172444611095755712e-08
1.132485182192656037e+00 6.266850976172417868e-08 2.936645387986354578e-08 1.999622566054727327e-08
1.180438514826352314e+00 5.768482005872073666e-08 2.702992006291464153e-08 1.840548731887836909e-08
1.230422357127491484e+00 5.309378731556888795e-08 2.487843616622115282e-08 1.694052496607063293e-08
1.282522687885933044e+00 4.887059482846619444e-08 2.289913988023143755e-08 1.559284831620732927e-08
1.336829126530349798e+00 4.498102518179455444e-08 2.107645144608934028e-08 1.435175004609897881e-08
1.393435087285444407e+00 4.140239799184527326e-08 1.939968190305476925e-08 1.320996506129130333e-08
1.452437939856715765e+00 3.810717043059246738e-08 1.785554998253494828e-08 1.215853127391590431e-08
1.513939176919172347e+00 3.507417324719361449e-08 1.643431312929989436e-08 1.119077624767380242e-08
1.578044588698096051e+00 3.228322352802515252e-08 1.512684099607588098e-08 1.030041182291497935e-08
1.644864444942158777e+00 2.971372275310078981e-08 1.392280881279906183e-08 9.480553704942671177e-09
1.714513684601908450e+00 2.734870793475066828e-08 1.281460387775427484e-08 8.725945220560909776e-09
1.787112113539898184e+00 2.517218817515051083e-08 1.179504973718172059e-08 8.031630932873941133e-09
1.862784610612542746e+00 2.316861445569552652e-08 1.085621304815547887e-08 7.392349440511856058e-09
1.941661342478194330e+00 2.132449318616342030e-08 9.992097875034839610e-09 6.803946912206016608e-09
2.023877987500934061e+00 1.962906942545669732e-08 9.196773185664647375e-09 6.262578401851872936e-09
2.109575969135220941e+00 1.806794018059142208e-08 8.464776220943473437e-09 5.764244719144243891e-09
2.198902699192854637e+00 1.663100525904202147e-08 7.791305481755901138e-09 5.305691333515961011e-09
2.292011831410701195e+00 1.530816154545918032e-08 7.171241351217345327e-09 4.883515882983810823e-09
2.389063525755349193e+00 1.409039629151039858e-08 6.600550597693650576e-09 4.494930761829774781e-09
2.490224723919343131e+00 1.296903844072079050e-08 6.075170858984183668e-09 4.137169633256088844e-09
2.595669436482870740e+00 1.193721623984776905e-08 5.591724276369404865e-09 3.807966703913075718e-09
2.705579042234875775e+00 1.098720336433449128e-08 5.146749127710195617e-09 3.504930323753332848e-09
2.820142600168453750e+00 1.011293514898167876e-08 4.737189335150057068e-09 3.226026056954040674e-09
2.939557174687212449e+00 9.308055271464544402e-09 4.360128136394188502e-09 2.969254397105194608e-09
3.064028174581995057e+00 8.568899508735300132e-09 4.013086716099858418e-09 2.733092865912016217e-09
3.193769706361041738e+00 7.888873133822683637e-09 3.693827869327177986e-09 2.515832829611688725e-09
3.329004942541377243e+00 7.261774257109151609e-09 3.399899822533730565e-09 2.315706222455864263e-09
3.469966505534922252e+00 6.683943868911780679e-09 3.129281939614529421e-09 2.131403601882868020e-09
3.616896867789669567e+00 6.152541027976109248e-09 2.880356336432628512e-09 1.961885519137933080e-09
3.770048768874223466e+00 5.663234400122475103e-09 2.651228159247954919e-09 1.805832476460547349e-09
3.929685650223130100e+00 5.212568856291854170e-09 2.440203132978884590e-09 1.662107125604255102e-09
4.096082108290830526e+00 4.798521217859326623e-09 2.245983061657374764e-09 1.529901459163421117e-09
4.269524366893723055e+00 4.417150429238332346e-09 2.067348495065836046e-09 1.408249025709443313e-09
4.450310769552807244e+00 4.065913913661042991e-09 1.902821020643542221e-09 1.296205401679926478e-09
4.638752292683820500e+00 3.742512197497839044e-09 1.751438211646617151e-09 1.193090286971120932e-09
4.835173080517622068e+00 3.444876538396412043e-09 1.612058379077807287e-09 1.098163646405836531e-09
5.039911002670948825e+00 3.171469244792463958e-09 1.483779506585795176e-09 1.010850616693033396e-09
5.253318235326636554e+00 2.919539250811012334e-09 1.365687664857414852e-09 9.304475166346522216e-10
5.475761867023024365e+00 2.687630004833441884e-09 1.257064702223964049e-09 8.564730765272313080e-10
5.707624530094580706e+00 2.474115221252693424e-09 1.157062511195878532e-09 7.883684528325776029e-10
5.949305058849887473e+00 2.277464865290913809e-09 1.065001476176416058e-09 7.256627877993707401e-10
6.201219175619169022e+00 2.096675051949418944e-09 9.802631347697260393e-10 6.679670290058437003e-10
6.463800205851433667e+00 1.930160111985649289e-09 9.023087328903854589e-10 6.148700728242460422e-10
6.737499823491305051e+00 1.776752097042970488e-09 8.304999142551385513e-10 5.659569761007302185e-10
7.022788827917666232e+00 1.635652644200708948e-09 7.644421681866496443e-10 5.209635249739529251e-10
7.320157953780587867e+00 1.506008812285137238e-09 7.036163944062484790e-10 4.795620937139791711e-10
7.630118715129537321e+00 1.386467758432239436e-09 6.476395892945766333e-10 4.414375724293491797e-10
7.953204285284886765e+00 1.276384945242319971e-09 5.961310785457310158e-10 4.063477825453113970e-10
8.289970413966230467e+00 1.175218181583368408e-09 5.487264379238127367e-10 3.740684470176833854e-10
8.640996383255068025e+00 1.081889332314370277e-09 5.050627364349126844e-10 3.443216701113635336e-10
9.006886004036267934e+00 9.960684803782640132e-10 4.649047059366126143e-10 3.169646974363981320e-10
9.388268654632273780e+00 9.172081131672416200e-10 4.279215322319054998e-10 2.917883064316782381e-10
9.785800363416699454e+00 8.444670366156447331e-10 3.938850678493375228e-10 2.686012764984872340e-10
1.020016493726949491e+01 7.775512028001118784e-10 3.625507414283025268e-10 2.472601388855900553e-10
1.063207513781483016e+01 7.159429882221055468e-10 3.337189939040064523e-10 2.276197269126237897e-10
1.108227390746491814e+01 6.592780742136714894e-10 3.071904989870637854e-10 2.095504874185536674e-10
1.155153564737878646e+01 6.070576017965679764e-10 2.827574149745415797e-10 1.929053061472398040e-10
1.204066754953423946e+01 5.589710802366125711e-10 2.602604108175671248e-10 1.775786753391525943e-10
1.255051098520432262e+01 5.147801288823765408e-10 2.395827222164711718e-10 1.634921767965278693e-10
1.308194295222672210e+01 4.740964728270340227e-10 2.205268929911583405e-10 1.505146922425550239e-10
1.363587758355547841e+01 4.365807448326318582e-10 2.029826700206548129e-10 1.385606543583524132e-10
1.421326771969004987e+01 4.021059699717260440e-10 1.868569144691969062e-10 1.275738808395097873e-10
1.481510654768641366e+01 3.703219335489822127e-10 1.719917399696499307e-10 1.174455242604652357e-10
1.544242930956958304e+01 3.411580834936464999e-10 1.583301767616082306e-10 1.081419203638476169e-10
1.609631508308618564e+01 3.142150961687882603e-10 1.457380767134188828e-10 9.956036068412698048e-11
1.677788863786025431e+01 2.894268075662499790e-10 1.341536191524669373e-10 9.166536333025830617e-11
1.748832237014511648e+01 2.666532089666802238e-10 1.234899116476690670e-10 8.440231155174612551e-11
1.822883831949924982e+01 2.456536905402992513e-10 1.136750160965625514e-10 7.771348826457455211e-11
1.900071027085526509e+01 2.263250935998174970e-10 1.046433092661992360e-10 7.155790872838925952e-11
1.980526594559769649e+01 2.085188931613510345e-10 9.632517472443854864e-11 6.588817344032682907e-11
2.064388928541858093e+01 1.921572260642131262e-10 8.867430877135771629e-11 6.067484268332733740e-11
2.151802283287939943e+01 1.771042327257073954e-10 8.162931299993638885e-11 5.587561831703944805e-11
2.242917021277420631e+01 1.632114150199929494e-10 7.514138431412185957e-11 5.145285347908908416e-11
2.337889871856227231e+01 1.504457691063385543e-10 6.917781244712776664e-11 4.738794042555270525e-11
2.436884200831915237e+01 1.386766456468565589e-10 6.367913911402132278e-11 4.364001464276057124e-11
2.540070291484369136e+01 1.278538694193269143e-10 5.862160349147595401e-11 4.019294720617666174e-11
2.647625637475465155e+01 1.178855431111465386e-10 5.396738830226958665e-11 3.701987989368986271e-11
2.759735248161536703e+01 1.087078615154731647e-10 4.968260747099323752e-11 3.409857958780223117e-11
2.876591966833829161e+01 1.002529700283274704e-10 4.573413027149820245e-11 3.140676389875255427e-11
2.998396802434348274e+01 9.248147788358475932e-11 4.210570209116360535e-11 2.893290101960200736e-11
3.125359275317711649e+01 8.532171433006610889e-11 3.876183231662665823e-11 2.665321932847325325e-11
3.257697777653739024e+01 7.872666597167981447e-11 3.568803201162927699e-11 2.455628363216080212e-11
3.395639949090740828e+01 7.266692082612166498e-11 3.285721961795252802e-11 2.262641483262920420e-11
3.539423068325686472e+01 6.708307171125842110e-11 3.025041126535960222e-11 2.084884303068313266e-11
3.689294461254805668e+01 6.193144217614625518e-11 2.784971449638432837e-11 1.921085723194652749e-11
3.845511926406689440e+01 5.720255493826740275e-11 2.564215012297727947e-11 1.770537417038962374e-11
4.008344178389703671e+01 5.284816550705466277e-11 2.361001843933311414e-11 1.631932773843287071e-11
4.178071310116503412e+01 4.883070707741867245e-11 2.173750031856532123e-11 1.504158246070971218e-11
4.354985274600709744e+01 4.514188600131773924e-11 2.001447210067012014e-11 1.386650580639865931e-11
4.539390387154536199e+01 4.174729632791832585e-11 1.843024077521444544e-11 1.278571307627852377e-11
4.731603848851198535e+01 3.861184726641683524e-11 1.696884373545038130e-11 1.178823779968646079e-11
4.931956292152518984e+01 3.573130721546869180e-11 1.562623155250129990e-11 1.087173750177249785e-11
5.140792349640297232e+01 3.308020395903167512e-11 1.438955144504451548e-11 1.002763322939256129e-11
5.358471246829720513e+01 3.063815730427155709e-11 1.325094218192606538e-11 9.250234243865801329e-12
5.585367420084560308e+01 2.839201108479813219e-11 1.220227579644778836e-11 8.534381960840998156e-12
5.821871160697001812e+01 2.632364366495827294e-11 1.123779493026843685e-11 7.875622457172168981e-12
6.068389286240065417e+01 2.442488079014674216e-11 1.034980392410246787e-11 7.269446987797184594e-12
6.325345840347389270e+01 2.267309339642674113e-11 9.532087520610713717e-12 6.710780826677047581e-12
6.593182822124114750e+01 2.106350682228052455e-11 8.779234307140659258e-12 6.196530704766502317e-12
6.872360946443542673e+01 1.958579851716979277e-11 8.086924294483976475e-12 5.723646022597623829e-12
7.163360436437373835e+01 1.822484180203666039e-11 7.448749137922121867e-12 5.287623183650583615e-12
7.466681849542716520e+01 1.696951593806031091e-11 6.861022198685163134e-12 4.885673369349854424e-12
7.782846938526807890e+01 1.582160355969299287e-11 6.320527898328190361e-12 4.516317089206963753e-12
8.112399548970439866e+01 1.476567860031373828e-11 5.822715537470504126e-12 4.175961739995883509e-12
8.455906554753981652e+01 1.379486204384487194e-11 5.364101748659008490e-12 3.862267522048874479e-12
8.813958833155088257e+01 1.290512110957100321e-11 4.941920895822162883e-12 3.573482241776102417e-12
9.187172281235410765e+01 1.208978336286217842e-11 4.553396436533226528e-12 3.307635749084144859e-12
9.576188875264639933e+01 1.134216366944292866e-11 4.195604167970693069e-12 3.062681181960675482e-12
9.981677775004206410e+01 1.065850261095204272e-11 3.866025399562925526e-12 2.836996960274194692e-12
1.040433647475019967e+02 1.003197555211443004e-11 3.562223368531560369e-12 2.628778492420439009e-12
1.084489200311536194e+02 9.462818227463012312e-12 3.282819847679648779e-12 2.437283038240722091e-12
1.130410217361402516e+02 8.944264082790952896e-12 3.025458304847602863e-12 2.260745669254292759e-12
1.178275688820117182e+02 8.473018709091374329e-12 2.788178877340984643e-12 2.097848973049403715e-12
1.228167949600777575e+02 8.045000803013900627e-12 2.569601951416502967e-12 1.947548131647548382e-12
1.280172820960967499e+02 7.660107290227896471e-12 2.368290156535036512e-12 1.808998575271350836e-12
1.334379758126628701e+02 7.313589464955387737e-12 2.182781310152862153e-12 1.681059719791060668e-12
1.390882004166816728e+02 7.007379006085668946e-12 2.012009575257876972e-12 1.563178427290377196e-12
1.449776750384068578e+02 6.734562161933968111e-12 1.854593488211357627e-12 1.454144695965081825e-12
1.511165303496226784e+02 6.497955580718277140e-12 1.709614366249664159e-12 1.353506370804924729e-12
1.575153259897343503e+02 6.293583328394951009e-12 1.575988572807834676e-12 1.260375473035372880e-12
1.641850687297378215e+02 6.122540536707315191e-12 1.452910030278122894e-12 1.174253660281796304e-12
1.711372314053143953e+02 5.982882690008761639e-12 1.339531926159804304e-12 1.094483554105138878e-12
1.783837726516200348e+02 5.875900973762897869e-12 1.235114652390854321e-12 1.020587180542827002e-12
1.859371574737108119e+02 5.801612153959932892e-12 1.139012286871695456e-12 9.520912107200457861e-13
1.938103786879943584e+02 5.759792592511434075e-12 1.050507833542142008e-12 8.884640705222927839e-13
2.020169792715831818e+02 5.752793358056577286e-12 9.691005338521652932e-13 8.293845758476765180e-13
2.105710756579998986e+02 5.782173635910338868e-12 8.942537743919421868e-13 7.744756709439443780e-13
2.194873820193008669e+02 5.849225098670369069e-12 8.254831684225198257e-13 7.233929445383724863e-13
2.287812355763888092e+02 5.955003631818031395e-12 7.622705035788607643e-13 6.757687010747058423e-13
2.384686229810537270e+02 6.103323798880331535e-12 7.042725871431053580e-13 6.314128215407303224e-13
2.485662078151169396e+02 6.294615876258135788e-12 6.510936435312686756e-13 5.900598598063661385e-13
2.590913592539878323e+02 6.527031003830740544e-12 6.023355089509764026e-13 5.514462658895094822e-13
2.700621819439303408e+02 6.796738110245506010e-12 5.576910783575382578e-13 5.154010064969549943e-13
2.814975471444402046e+02 7.093179733717243003e-12 5.168381786292000113e-13 4.817368548260887771e-13
2.934171251892951773e+02 7.396372888969341327e-12 4.795139264931454074e-13 4.503192959596730460e-13
3.058414193221180426e+02 7.671514962043050093e-12 4.453516265358476546e-13 4.209163263995607045e-13
3.187918009646573410e+02 7.874680115908599046e-12 4.141153200874117871e-13 3.934257639685144797e-13
3.322905464784441847e+02 7.953202111265772700e-12 3.855282623723032667e-13 3.677039612583482870e-13
3.463608754830696057e+02 7.864973550507028787e-12 3.593448052119246409e-13 3.436439673494161175e-13
3.610269907969848191e+02 7.593909036305379692e-12 3.353539299097988084e-13 3.211707380059456026e-13
3.763141200695379780e+02 7.152353059967571271e-12 3.132602376276749598e-13 3.001157078259295516e-13
3.922485591758517671e+02 6.599582821936497879e-12 2.928988548576572611e-13 2.804519970784386932e-13
4.088577174491895221e+02 6.005116547763170126e-12 2.740767676388560502e-13 2.621137541136777585e-13
4.261701648286200452e+02 5.429414756681686199e-12 2.566175911391370215e-13 2.450361255311737664e-13
4.442156810030711540e+02 4.915370689731109958e-12 2.404169533675236178e-13 2.292061907318880141e-13
4.630253066363192147e+02 4.487135200634703861e-12 2.253736398127805667e-13 2.145952457042110117e-13
4.826313967610138320e+02 4.154248813739043569e-12 2.113935514287661161e-13 2.011574326980581491e-13
5.030676764335976827e+02 3.914393299484368939e-12 1.984419234597740849e-13 1.888672152957486081e-13
5.243692987458422294e+02 3.764469412721968422e-12 1.865350438443820928e-13 1.777283408997175587e-13
5.465729052927925977e+02 3.695014651236850174e-12 1.756588650473145663e-13 1.676871162702871263e-13
5.697166892011393884e+02 3.694313006436613800e-12 1.658147149882958718e-13 1.586920181008206959e-13
5.938404608264202125e+02 3.742783641250238595e-12 1.569662338828788393e-13 1.506482905869556412e-13
6.189857162320780617e+02 3.808219782302859332e-12 1.490891073637900240e-13 1.434722696201980591e-13
6.451957085681489161e+02 3.845619156231253579e-12 1.420914375021956589e-13 1.370283878808996083e-13
6.725155224723790752e+02 3.804136243118678669e-12 1.358955956970042483e-13 1.312084221701540885e-13
7.009921516217362978e+02 3.655116171967882317e-12 1.303515183036769272e-13 1.258629003271608262e-13
7.306745795677196611e+02 3.417631891828769965e-12 1.253658861750677441e-13 1.209299236367804787e-13
7.616138639945219211e+02 3.146012147967505225e-12 1.208248661108777238e-13 1.163561251826346339e-13
7.938632245449637139e+02 2.902174051265131002e-12 1.166849489439481383e-13 1.121748418773018393e-13
8.274781343652917940e+02 2.724416445231658579e-12 1.130119628192086647e-13 1.085108082864592271e-13
8.625164155262885970e+02 2.624690651828261175e-12 1.098412912931619958e-13 1.054291617134368709e-13
8.990383384848522610e+02 2.596395118271716670e-12 1.073395020615538711e-13 1.030780746950610213e-13
9.371067257571163509e+02 2.609861454175664255e-12 1.055920462631809289e-13 1.014860358924477003e-13
9.767870599814451680e+02 2.618976846476398416e-12 1.046835843255223168e-13 1.006600824589507248e-13
1.018147596557201382e+03 2.582172612938897253e-12 1.045664456080133364e-13 1.004967755325698241e-13
1.061259481053010859e+03 2.496496037279434238e-12 1.051773199775104743e-13 1.009253378419379082e-13
1.106196871586516636e+03 2.406830418645855006e-12 1.064105250812122816e-13 1.019051075340720056e-13
1.153037066386096740e+03 2.367770461003017946e-12 1.081483061464780664e-13 1.034243805163096862e-13
1.201860636754002144e+03 2.405745298799020221e-12 1.104826007565966570e-13 1.056315278183714311e-13
1.252751565659601965e+03 2.495590338585159247e-12 1.137323764163227563e-13 1.087751308556498305e-13
1.305797392201143793e+03 2.569251867341603284e-12 1.184891548357882804e-13 1.132655563946238797e-13
1.361089362184538686e+03 2.561453796230925617e-12 1.249984179050217701e-13 1.191823440524727657e-13
1.418722585078148768e+03 2.501842340309802392e-12 1.328014807491070974e-13 1.261075082477056808e-13
1.478796197613608456e+03 2.460869880355860093e-12 1.408028434262162865e-13 1.331825764588603045e-13
1.541413534314042636e+03 2.446782503764235657e-12 1.485747947231791848e-13 1.400694264488764890e-13
1.606682305243062729e+03 2.398939747909340313e-12 1.563707643768741529e-13 1.468017449429380664e-13
1.674714781280253874e+03 2.311622997387794639e-12 1.639373762548635900e-13 1.530810612081887935e-13
1.745627987241863821e+03 2.255788751320936867e-12 1.678308046080620732e-13 1.562088572168211540e-13
1.819543903178907613e+03 2.222858013574375688e-12 1.649022771119189373e-13 1.535138805870398443e-13
1.896589674198901548e+03 2.095437202332923376e-12 1.579901238305578971e-13 1.469132726101142568e-13
1.976897829172202819e+03 1.849609109886123122e-12 1.476996866009677784e-13 1.367773908295812505e-13
2.060606508699101141e+03 1.595962634276910034e-12 1.355466350801459902e-13 1.249357243523203842e-13
2.147859702729852415e+03 1.467801903174916446e-12 1.236680603839832463e-13 1.140582094227146969e-13
2.238807498246347677e+03 1.448074568921053438e-12 1.127657422692411601e-13 1.046187764724418600e-13
2.333606337431473548e+03 1.473506159997657534e-12 1.057895415182574033e-13 9.870320101603173264e-14
2.432419286770282724e+03 1.523439246657128269e-12 1.012335786879811842e-13 9.492570100694791141e-14
2.535416317545798393e+03 1.522107094261127141e-12 9.873562250724543496e-14 9.272102093545921951e-14
2.642774598212020919e+03 1.708685986829741940e-12 1.019986416721362046e-13 9.625290177950306641e-14
2.754678799146972779e+03 1.818026386764329488e-12 1.082514456615035068e-13 1.021680161112355335e-13
2.871321410310085412e+03 2.095814491976102394e-12 1.191411074010071737e-13 1.127325800803104757e-13
2.992903072350262391e+03 2.520138320609230843e-12 1.411439933426903651e-13 1.336582686030484341e-13
3.119632921734205411e+03 2.942202751790123552e-12 1.740373789923279121e-13 1.643176500833384791e-13
3.251728950488693499e+03 3.626968775539671477e-12 2.324054450907978369e-13 2.184103547419203994e-13
3.389418381175546074e+03 4.716061495005764228e-12 3.421797689516454993e-13 3.190320011466364606e-13
3.532938057744372145e+03 6.474443816254352077e-12 5.751525592370505592e-13 5.282278207446472085e-13
3.682534852935320941e+03 1.080093187992947944e-11 1.465011307590834309e-12 1.290034292080713135e-12
3.838466092932727861e+03 2.484462865678757567e-11 5.277890211367929784e-12 4.353129396869711988e-12
4.001000000000001819e+03 0.000000000000000000e+00 0.000000000000000000e+00 0.000000000000000000e+00
