1.000000000000000000e+00 2.014500717455124752e-08 3.320324055058232127e-08 1.253798480047747640e-08
1.047129071589127935e+00 1.837260275953602934e-08 3.028168843938398078e-08 1.143482761490081910e-08
1.096479292567109187e+00 1.675614672660396491e-08 2.761720608577352869e-08 1.042873544644567885e-08
1.148155343642500714e+00 1.528192272784343308e-08 2.518717474780671185e-08 9.511169811984743084e-09
1.202266839028468093e+00 1.393739957226331983e-08 2.297096426842154423e-08 8.674334873014888200e-09
1.258928558954275356e+00 1.271115801275268110e-08 2.094974762636003385e-08 7.911122631725253298e-09
1.318260693134829076e+00 1.159279525881596861e-08 1.910638895879405478e-08 7.215059975683136305e-09
1.380389095714713799e+00 1.057282157276712725e-08 1.742521679901547820e-08 6.580236287855513822e-09
1.445445552227504260e+00 9.642581118536690236e-09 1.589198087196340449e-08 6.001266626353411885e-09
1.513568059136620958e+00 8.794177351799942021e-09 1.449364484065135434e-08 5.473233269704542684e-09
1.584901116550688105e+00 8.020417546960197218e-09 1.321835624651314574e-08 4.991659942914586862e-09
1.659596034734294401e+00 7.314729698055539438e-09 1.205527268723030366e-08 4.552454841741622558e-09
1.737811255064319882e+00 6.671126722065960681e-09 1.099452877926721313e-08 4.151892055766487863e-09
1.819712686112638478e+00 6.084149426583456283e-09 1.002711976285465341e-08 3.786572878780347098e-09
1.905474055568085578e+00 5.548814190414909911e-09 9.144837834444008900e-09 3.453396463925943566e-09
1.995277278744179705e+00 5.060578082055199344e-09 8.340183095900535273e-09 3.149533613424189970e-09
2.089312844454274565e+00 4.615340892240710624e-09 7.606330494112120014e-09 2.872422851147315197e-09
2.187780219072644972e+00 4.209290145027740095e-09 6.937050009152069965e-09 2.619699007493375457e-09
2.290888269638597485e+00 3.838967361798163117e-09 6.326662664763549522e-09 2.389212613057201753e-09
2.398855706901088514e+00 3.501222992719085274e-09 5.769981087654714310e-09 2.179003965020738871e-09
2.511911549243617703e+00 3.193186568248531116e-09 5.262280359745046495e-09 1.987287408985616743e-09
2.630295608473477653e+00 2.912250966363325384e-09 4.799253898400578818e-09 1.812438953037987968e-09
2.754258998505793254e+00 2.656025101627692165e-09 4.376967512419185143e-09 1.652971390695788265e-09
2.884064668021372402e+00 2.422341119078803856e-09 3.991839612772425959e-09 1.507534264940405710e-09
3.019987958228226521e+00 2.209218069229323922e-09 3.640597777395685593e-09 1.374893604088224067e-09
3.162317186909868738e+00 2.014866817407287561e-09 3.320262986659817546e-09 1.253931574783168372e-09
3.311354259999273797e+00 1.837622416500908068e-09 3.028115031249396831e-09 1.143615355518211401e-09
3.467415311975743819e+00 1.675965970645775966e-09 2.761672574986493414e-09 1.043002761524733242e-09
3.630831376443087510e+00 1.528530645667097975e-09 2.518674732933527518e-09 9.512419449016037587e-10
3.801949088311525671e+00 1.394060920730614106e-09 2.297056729118991889e-09 8.675521407172023875e-10
3.981131419072778677e+00 1.271417253787811701e-09 2.094941068705072548e-09 7.912242147912158321e-10
4.168758446727986566e+00 1.159577172273409184e-09 1.910607534494699520e-09 7.216168060799901388e-10
4.365228162001612233e+00 1.057581849080850916e-09 1.742495068410424481e-09 6.581359051075076525e-10
4.570957312551463758e+00 9.645578061844623253e-10 1.589173588344640647e-09 6.002392394532343524e-10
4.786382286965549682e+00 8.797146220876268074e-10 1.449342484754573742e-09 5.474351712999010094e-10
5.011960040420881946e+00 8.023304898824445763e-10 1.321816856654229953e-09 4.992751410882176362e-10
5.248169063967726977e+00 7.317676393542577113e-10 1.205511231270231376e-09 4.553573165422983623e-10
5.495510399495309173e+00 6.674121697564420691e-10 1.099438969752501608e-09 4.153032091437208616e-10
5.754508702531921038e+00 6.087169493153472627e-10 1.002700448457782752e-09 3.787726003863613585e-10
6.025713355133808236e+00 5.551806208099532435e-10 9.144742794660486967e-10 3.454541594039183000e-10
6.309699631223472771e+00 5.063622223510354444e-10 8.340106393651091581e-10 3.150701516536366407e-10
6.607069916849297897e+00 4.618387272708301254e-10 7.606265738307774463e-10 2.873593291112812255e-10
6.918454987954862467e+00 4.212287033225222541e-10 6.937005624657588240e-10 2.620853155334110755e-10
7.244515348368347318e+00 3.841954183575390552e-10 6.326624111784007232e-10 2.390363654402920304e-10
7.585942630850135870e+00 3.504209844708243960e-10 5.769959195080092000e-10 2.180157351911495364e-10
7.943461064170490360e+00 3.196152895064253987e-10 5.262269306794695489e-10 1.988434353137779444e-10
8.317829009329230416e+00 2.915222954849313046e-10 4.799249370415147300e-10 1.813588971582800902e-10
8.709840568176032249e+00 2.659009375907451470e-10 4.376977011794353100e-10 1.654128116682453554e-10
9.120327267843492791e+00 2.425326002521184888e-10 3.991856969826873530e-10 1.508692295199437667e-10
9.550159824565964684e+00 2.212230744321691094e-10 3.640625314579596813e-10 1.376063782949193244e-10
1.000024999062554620e+01 2.017854517531550042e-10 3.320295103535414699e-10 1.255092672518175453e-10
1.047155248834291719e+01 1.840603201046181198e-10 3.028150297779346093e-10 1.144774146542049537e-10
1.096506703521533943e+01 1.678933258542957237e-10 2.761708904393837345e-10 1.044156398977793883e-10
1.148184046449759421e+01 1.531510898465959738e-10 2.518722928679863983e-10 9.524022019754932555e-11
1.202296894572384467e+01 1.397035152720608017e-10 2.297109235500275676e-10 8.687105901614700847e-11
1.258960030988072276e+01 1.274409324139241478e-10 2.094996668384793324e-10 7.923899031918701449e-11
1.318293648416360320e+01 1.162563325962999342e-10 1.910668341772802506e-10 7.227808321590402065e-11
1.380423604148067440e+01 1.060561473802776998e-10 1.742556863035367744e-10 6.592974155099482668e-11
1.445481687011284144e+01 9.675411576672238795e-11 1.589241807719984777e-10 6.014029658640492008e-11
1.513605896919212235e+01 8.826897118065622299e-11 1.449415204199112757e-10 5.485961974102931058e-11
1.584940737592843618e+01 8.053211251914704052e-11 1.321892607274772736e-10 5.004424452631722960e-11
1.659637523079382504e+01 7.347532452486769893e-11 1.205588103790821080e-10 4.565226485185173343e-11
1.737854698716593305e+01 6.703904693695862143e-11 1.099519963675745535e-10 4.164661051585169291e-11
1.819758177223910778e+01 6.116977364963946301e-11 1.002785602522400787e-10 3.799368308296829898e-11
1.905521690633197096e+01 5.581633786991234246e-11 9.145604566440167669e-11 3.466190620769702698e-11
1.995327158805684675e+01 5.093415397729941033e-11 8.341023881373244695e-11 3.162342587405379981e-11
2.089365075316769804e+01 4.648164525447879087e-11 7.607212224601131981e-11 2.885229456516138440e-11
2.187834911527197335e+01 4.242113282768178197e-11 6.937973702191516206e-11 2.632508176113179334e-11
2.290945539697756672e+01 3.871766265585945943e-11 6.327638562207868589e-11 2.402016386212652989e-11
2.398915676044964940e+01 3.534014936623277475e-11 5.770999091593312536e-11 2.191807226414147068e-11
2.511974344677568993e+01 3.225964247765393939e-11 5.263329736498736441e-11 2.000085470666755176e-11
2.630361363397931740e+01 2.945029311296317095e-11 4.800372950961468213e-11 1.825242713941950247e-11
2.754327852398788679e+01 2.688821602280569707e-11 4.378117713635233316e-11 1.665781600704760458e-11
2.884136766934421203e+01 2.455164451984524021e-11 3.993039945439163199e-11 1.520356540390278331e-11
3.020063455096109095e+01 2.242060764221601272e-11 3.641846065032501440e-11 1.387724246609000158e-11
3.162396241875041980e+01 2.047708471719003826e-11 3.321561805720129696e-11 1.266762501692388487e-11
3.311437040751560801e+01 1.870469356199720543e-11 3.029459621934476570e-11 1.156447657498605754e-11
3.467501994108030772e+01 1.708821244169788520e-11 2.763060407496198175e-11 1.055836601018930498e-11
3.630922143823793391e+01 1.561395812376441630e-11 2.520112306127060535e-11 9.640781513250719829e-12
3.802044133474613830e+01 1.426948865963622120e-11 2.298551035685846230e-11 8.803958878858758518e-12
3.981230943626162144e+01 1.304335212291461120e-11 2.096485639471824493e-11 8.040764747159984496e-12
4.168862661781172108e+01 1.192523654043833436e-11 1.912208068485578675e-11 7.344767783236126634e-12
4.365337288613498856e+01 1.090549568196030748e-11 1.744151554485758700e-11 6.709997429335335594e-12
4.571071582199255801e+01 9.975540964585176792e-12 1.590878652582822723e-11 6.131074942704859187e-12
4.786501942035751966e+01 9.127418197729377170e-12 1.451107931858830216e-11 5.603092554835510015e-12
5.012085334723456498e+01 8.353968669187467912e-12 1.323627713120845071e-11 5.121546344264883815e-12
5.248300263274455801e+01 7.648744341251456394e-12 1.207384244382792883e-11 4.682435173222579129e-12
5.495647782103555556e+01 7.005595496070027533e-12 1.101370915308710090e-11 4.281940548771472953e-12
5.754652559854947924e+01 6.419201560514098126e-12 1.004683347919773835e-11 3.916707877297220879e-12
6.025863992318909368e+01 5.884416810355840274e-12 9.165070151849994215e-12 3.583583480624635860e-12
6.309857367799257588e+01 5.396888664602693596e-12 8.360948303788844715e-12 3.279811152706411972e-12
6.607235087403454088e+01 4.952343578718313697e-12 7.627530521398887594e-12 3.002744820695447558e-12
6.918627942843887979e+01 4.547063057510521230e-12 6.958738309126234949e-12 2.750075451855319393e-12
7.244696454460721213e+01 4.177562734527833620e-12 6.348775607082502380e-12 2.519623398497919237e-12
7.586132272304500646e+01 3.840776768048651886e-12 5.792528376191365485e-12 2.309467839170533471e-12
7.943659643250535396e+01 3.533804736480073841e-12 5.285169040923810047e-12 2.117792371462571969e-12
8.318036947256955216e+01 3.254032651238032432e-12 4.822435354545481401e-12 1.942973350595636750e-12
8.710058306025237584e+01 2.999098327267098754e-12 4.400378666958302272e-12 1.783527174922717541e-12
9.120555267475383232e+01 2.766825728293603171e-12 4.015437497875772595e-12 1.638098582875633709e-12
9.550398569608826449e+01 2.555244915667688896e-12 3.664349150616217392e-12 1.505453480814980346e-12
1.000049998750062343e+02 2.362568831133931001e-12 3.344072131634221483e-12 1.384457273343201037e-12
1.047181426733861684e+02 2.187151959146903377e-12 3.051931208583877973e-12 1.274085008451389559e-12
1.096534115161207410e+02 2.027485009040463931e-12 2.785415144380451257e-12 1.173385540768302237e-12
1.148212749974560154e+02 1.882212218063406349e-12 2.542283733544329096e-12 1.081505680510842062e-12
1.202326950867661139e+02 1.750121058096035919e-12 2.320442372968621639e-12 9.976641145151127071e-13
1.258991503808641426e+02 1.630028199995210636e-12 2.118050497973994495e-12 9.211338178630409642e-13
1.318326604521743093e+02 1.520931026875452152e-12 1.933393950900708368e-12 8.512687329700192329e-13
1.380458113444099411e+02 1.421882468386146763e-12 1.764900067889203787e-12 7.874652369339927329e-13
1.445517822698399470e+02 1.332015713765844591e-12 1.611172742488322433e-12 7.291777072668442994e-13
1.513643735647713129e+02 1.250521006677214131e-12 1.470899035947579872e-12 6.758935093972595263e-13
1.584980359625488120e+02 1.176679624100697130e-12 1.342913493736307270e-12 6.271563983179666626e-13
1.659679012461640184e+02 1.109804250870670609e-12 1.226139479308748433e-12 5.825374938259669537e-13
1.737898143454918340e+02 1.049237943349072166e-12 1.119603438227914658e-12 5.416396140683412882e-13
1.819803669472416630e+02 9.943718903012005064e-13 1.022437382902076721e-12 5.041046799314658429e-13
1.905569326889140314e+02 9.446413736556102578e-13 9.338340663406837893e-13 4.696033157591925191e-13
1.995377040114145757e+02 8.994240396335410639e-13 8.530629184780395045e-13 4.378151247561208208e-13
2.089417307484988271e+02 8.581251700478712589e-13 7.794609982595222902e-13 4.084518510366292656e-13
2.187889605349009798e+02 8.201463782611719057e-13 7.124184813964684625e-13 3.812480976851848663e-13
2.291002811188612895e+02 7.848274313855442573e-13 6.513868765043001684e-13 3.559540427335256622e-13
2.398975646688014933e+02 7.514797660193568534e-13 5.958525333602503063e-13 3.323390395656532833e-13
2.512037141681347236e+02 7.193723180347335507e-13 5.453463797116050386e-13 3.101931599525315262e-13
2.630427119966196869e+02 6.877382043661911013e-13 4.994367887376647545e-13 2.893269840386622904e-13
2.754396708013068178e+02 6.558210454421474082e-13 4.577211463191425529e-13 2.695750218724971551e-13
2.884208867649872445e+02 6.229380618105660243e-13 4.198390619112587129e-13 2.508050143696223752e-13
3.020138953851341626e+02 5.885640340609974884e-13 3.854304324302944448e-13 2.329073705913882660e-13
3.162475298816517011e+02 5.524003310714880607e-13 3.541650736580138385e-13 2.158045110942872315e-13
3.311519823573290182e+02 5.145154375533392195e-13 3.257336637463508642e-13 1.994587060778422531e-13
3.467588678407289535e+02 4.753213912951905102e-13 2.998471805506046741e-13 1.838616582401975211e-13
3.631012913473597905e+02 4.355812185987219185e-13 2.762380601135942166e-13 1.690374431348546149e-13
3.802139181013744178e+02 3.962476513113616857e-13 2.546624412861738774e-13 1.550281603933544714e-13
3.981330470667566601e+02 3.583668215799680407e-13 2.349037251030835653e-13 1.418942872069794120e-13
4.168966879439635704e+02 3.228560026918634265e-13 2.167760910691460332e-13 1.296947736261729150e-13
4.365446417953451146e+02 2.904151844939138121e-13 2.001267953302081924e-13 1.184809100514421535e-13
4.571185854703683162e+02 2.614279026691829706e-13 1.848365797752532078e-13 1.082798234860781486e-13
4.786621600097219016e+02 2.360101810457831469e-13 1.708169826044523612e-13 9.909502263430745530e-14
5.012210632158268595e+02 2.140225029785845502e-13 1.580032805793620907e-13 9.089761807639722415e-14
5.248431465861045808e+02 1.951221633187660712e-13 1.463436737375318080e-13 8.362445407086219570e-14
5.495785168146238675e+02 1.788185825995046316e-13 1.357864405592667932e-13 7.717975572432623196e-14
5.754796420774272292e+02 1.645320279742648280e-13 1.262669851494355823e-13 7.144096848772915701e-14
6.026014633269801379e+02 1.516330351741821249e-13 1.176986407917499393e-13 6.626402956548759429e-14
6.310015108318302737e+02 1.395268956361453070e-13 1.099700555619241454e-13 6.149886959263338163e-14
6.607400262086716793e+02 1.277667616307849091e-13 1.029521896386524326e-13 5.701251587940761881e-14
6.918800902056626683e+02 1.161526281982892851e-13 9.651604874674552117e-14 5.271388756580323710e-14
7.244877565080579416e+02 1.047847553992025610e-13 9.055763381082730954e-14 4.857655087957161292e-14
7.586321918499722869e+02 9.398796986671159852e-14 8.502113797218064707e-14 4.463998648021133473e-14
7.943858227294870176e+02 8.414048063600636679e-14 7.990664872134846730e-14 4.098446498738046910e-14
8.318244890382935637e+02 7.550138008367210114e-14 7.525257821647494121e-14 3.768838692040364593e-14
8.710276049317684510e+02 6.810262918094307824e-14 7.109607849678560366e-14 3.478358348911946838e-14
9.120783272807046842e+02 6.174063109860054870e-14 6.742957152074853217e-14 3.222991228609884964e-14
9.550637320620094215e+02 5.605622558770981309e-14 6.417797626815893503e-14 2.992139557563838632e-14
1.000074999062538950e+03 5.069172782285475927e-14 6.121677005047933966e-14 2.772965328428933795e-14
1.047207605287854676e+03 4.546804980525501128e-14 5.843196736053591665e-14 2.557061754791152488e-14
1.096561527486145678e+03 4.048150084361725801e-14 5.578675249479097700e-14 2.345873525140130166e-14
1.148241454216924012e+03 3.597089872468674200e-14 5.333441057888872485e-14 2.148233622877400702e-14
1.202357007914316910e+03 3.208313832461233446e-14 5.115192797615400497e-14 1.971662249777587850e-14
1.259022977416000913e+03 2.874389796165490820e-14 4.924907895448646195e-14 1.815048682774758065e-14
1.318359561450997035e+03 2.570170399590803608e-14 4.754216079050530256e-14 1.668282452771520555e-14
1.380492623602831372e+03 2.277211566070842050e-14 4.592827758048334194e-14 1.522384370476632225e-14
1.445553959288872875e+03 2.001106183277231702e-14 4.438510089907964780e-14 1.379263858071465935e-14
1.513681575322146045e+03 1.759727861062084429e-14 4.296508679045566022e-14 1.248413264201392078e-14
1.585019982648646192e+03 1.556770246742435540e-14 4.168841980766793381e-14 1.133490865456638019e-14
1.659720502881093125e+03 1.375706850361143243e-14 4.049159837990431333e-14 1.026837569905947014e-14
1.737941589279320169e+03 1.203235748436817389e-14 3.930278794138883083e-14 9.212113664449242411e-15
1.819849162858188720e+03 1.046905254843671939e-14 3.811552140434763756e-14 8.213170643031059962e-15
1.905616964335945568e+03 9.150433592646475312e-15 3.694941560860645433e-14 7.334149236315924522e-15
1.995426922669591704e+03 7.984211414179238512e-15 3.579658249815988049e-14 6.528147551245416356e-15
2.089469540958960806e+03 6.887118566667687493e-15 3.463293947509937593e-14 5.744721267906106543e-15
2.187944300538116295e+03 5.942552336656433434e-15 3.344219033431827107e-14 5.045912524409391203e-15
2.291060084111202286e+03 5.163805443173582511e-15 3.223589959438535818e-14 4.450834936369566351e-15
2.399035618830273506e+03 4.448864804013228289e-15 3.104484809998202099e-14 3.891233707544879527e-15
2.512099940254994181e+03 3.821151181894650586e-15 2.986333684252627065e-14 3.387681736127531849e-15
2.630492878178314186e+03 3.301663552769512990e-15 2.871150473958584996e-14 2.961147983796924774e-15
2.754465565348672044e+03 2.823788380549785933e-15 2.765615883574786256e-14 2.562180945289386505e-15
2.884280970167778378e+03 2.440506990528684363e-15 2.670169035928343440e-14 2.236127262420852807e-15
3.020214454493972880e+03 2.123953056156524097e-15 2.588172522080333914e-14 1.962872273175882484e-15
3.162554357734339192e+03 1.842893076320867608e-15 2.527155391265222166e-14 1.717636791649726299e-15
3.311602608464510467e+03 1.624639316952574543e-15 2.485281429705123247e-14 1.524952506103356873e-15
3.467675364873574836e+03 1.434374149279742302e-15 2.477714279633921802e-14 1.355880821160254554e-15
3.631103685392558418e+03 1.326045442845260312e-15 2.501725877069733411e-14 1.259296165600581177e-15
3.802234230928971556e+03 1.227115763543905634e-15 2.577261346734215868e-14 1.171344348791516985e-15
3.981430000197057325e+03 1.190755888372546028e-15 2.698728493258005330e-14 1.140436577860383881e-15
4.169071099703442997e+03 1.192340071308313931e-15 2.905652498493290714e-14 1.145340792393081190e-15
4.365555550021532326e+03 1.312581218447050689e-15 3.150808201399157252e-14 1.260087780309666299e-15
4.571300130064813857e+03 1.390583530854047009e-15 3.398948418211303996e-14 1.335927825501233930e-15
4.786741261150024911e+03 1.435871521953994186e-15 3.565456344702932837e-14 1.380285033704865026e-15
5.012335932725398379e+03 1.245063679399366325e-15 3.628843754383666258e-14 1.203762348182234552e-15
5.248562671727574525e+03 1.154085079734866692e-15 3.730016178005731106e-14 1.119448791677453647e-15
5.495922557623443936e+03 1.231515498634864926e-15 4.101280996003161670e-14 1.195614098697450591e-15
5.754940285289983876e+03 1.581292444355227554e-15 5.063170615283826317e-14 1.533402343005841871e-15
6.026165277986574438e+03 2.293651700590695689e-15 7.089651201462311105e-14 2.221772668538072442e-15
6.310172852780722678e+03 3.444427631526948627e-15 1.122338416393669308e-13 3.341866607891271289e-15
6.607565440899192254e+03 5.959930881813882739e-15 1.992377356207688103e-13 5.786825715846746123e-15
6.918973865593180562e+03 1.065818628056801340e-14 4.072192159622045965e-13 1.038634354826996100e-14
7.245058680228029516e+03 2.139179642893028024e-14 9.458738822928725076e-13 2.091870101727305725e-14
7.586511569435923775e+03 4.433407507956825057e-14 2.739524444571590241e-12 4.362803696761452031e-14
7.944056816303618689e+03 1.039436101309580953e-13 9.789422629033199789e-12 1.028515375415206928e-13
8.318452838707295086e+03 2.592818210381931371e-13 4.630313837117493995e-11 2.578380158742140649e-13
8.710493798053517821e+03 7.455050332404553309e-13 3.012718438594498020e-10 7.436648152641551168e-13
9.121011283838632153e+03 2.704168447141866106e-12 2.322780559863609631e-09 2.701023929828338033e-12
9.550876077599908967e+03 1.406031826129505495e-11 3.647708986292642358e-08 1.405490071351628572e-11
1.000099999999999818e+04 0.000000000000000000e+00 0.000000000000000000e+00 0.000000000000000000e+00
