1.000000000000000000e+00 3.806739535557594391e-08 3.323193585405990464e-08 1.774284862319536547e-08
1.045961553325497784e+00 3.479732584802562839e-08 3.037555698900882890e-08 1.621822003799990709e-08
1.094035571035088195e+00 3.180708206577150074e-08 2.776469454972867339e-08 1.482436764936968986e-08
1.144319145273208882e+00 2.907376033070016737e-08 2.537824656224712598e-08 1.355030053556675338e-08
1.196913830690071512e+00 2.657525554958012905e-08 2.319692311846158882e-08 1.238571781132229461e-08
1.251925849545358904e+00 2.429123619134911829e-08 2.120307959229786347e-08 1.132117288695694806e-08
1.309466306238806999e+00 2.220365600942097609e-08 1.938062435496378364e-08 1.034815831017660811e-08
1.369651411700944621e+00 2.029533117879941759e-08 1.771480314490455362e-08 9.458735229169284019e-09
1.432602718097180983e+00 1.855108889950798175e-08 1.619217449760282864e-08 8.645775877413844784e-09
1.498447364319257513e+00 1.695666634001868245e-08 1.480041007527406954e-08 7.902667489284991442e-09
1.567318332759868760e+00 1.549930318328013150e-08 1.352827219151506866e-08 7.223434597444704219e-09
1.639354717889041746e+00 1.416715429695744934e-08 1.236548526303971675e-08 6.602574812886646515e-09
1.714702007174705223e+00 1.294948966057874545e-08 1.130263592506238483e-08 6.035073772483599002e-09
1.793512374914803642e+00 1.183648553626597553e-08 1.033114172619612228e-08 5.516350855569759178e-09
1.875944989574390709e+00 1.081912562643620712e-08 9.443155009128696117e-09 5.042210311427035903e-09
1.962166335248414217e+00 9.889199883319680541e-09 8.631488348211927336e-09 4.608819742491484438e-09
2.052350547899430833e+00 9.039418239697711202e-09 7.889587341013800818e-09 4.212727048498669752e-09
2.146679767049325172e+00 8.262619320050817036e-09 7.211455357329929063e-09 3.850667106334794604e-09
2.245344503635329669e+00 7.552577569479871851e-09 6.591611256725642331e-09 3.519725021772963569e-09
2.348544024773278505e+00 6.903543383326282345e-09 6.025045746360249673e-09 3.217223803718477278e-09
2.456486756205174871e+00 6.310254834614563128e-09 5.507177239602045589e-09 2.940714326346726143e-09
2.569390703243878082e+00 5.767963475934700315e-09 5.033821225587394469e-09 2.687972198657282433e-09
2.687483891065059805e+00 5.272250112535350909e-09 4.601149860663977645e-09 2.456946232961844919e-09
2.811004825235662974e+00 4.819141981714083766e-09 4.205667982040030993e-09 2.245777054010006136e-09
2.940202973408962972e+00 4.404957585576523744e-09 3.844180138299319203e-09 2.052754000156036045e-09
3.075339269159086619e+00 4.026546470644834549e-09 3.513762933340633110e-09 1.876359308339150731e-09
3.216686638972539480e+00 3.680596236208584667e-09 3.211746475913064203e-09 1.715112333301682650e-09
3.364530553461092310e+00 3.364362605802683736e-09 2.935690140619352751e-09 1.567721180895290379e-09
3.519169603909261035e+00 3.075288229999919981e-09 2.683359300847687154e-09 1.432993290621329485e-09
3.680916105320806597e+00 2.811027193207072763e-09 2.452718620371954004e-09 1.309838845440552901e-09
3.850096727182192424e+00 2.569480457332748344e-09 2.241900689038603393e-09 1.197269522517455202e-09
4.027053153216901826e+00 2.348698757443474471e-09 2.049205228490468845e-09 1.094377182697895838e-09
4.212142771463094348e+00 2.146920382489398712e-09 1.873070513891954702e-09 1.000333923077881867e-09
4.405739396068305780e+00 1.962479003929442216e-09 1.712076618799907532e-09 9.143729915884866281e-10
4.608234022258945295e+00 1.793879764037664176e-09 1.564919382372129354e-09 8.357978819270481538e-10
4.820035616009373136e+00 1.639762936813976763e-09 1.430410922645567399e-09 7.639745899539971512e-10
5.041571940005385777e+00 1.498912921609791624e-09 1.307464614200832204e-09 6.983292802787869615e-10
5.273290417570277278e+00 1.370171164731326727e-09 1.195085250190859510e-09 6.383265780691594172e-10
5.515659036298269591e+00 1.252509376810413043e-09 1.092365160729851616e-09 5.834843548390312711e-10
5.769167293220356818e+00 1.144918663824654271e-09 9.984741929242793191e-10 5.333468081815910546e-10
6.034327183411422268e+00 1.046577024539786280e-09 9.126539270262729578e-10 4.875191618518603869e-10
6.311674234035287157e+00 9.567145125979986607e-10 8.342096879708043839e-10 4.456361217175118197e-10
6.601768585916069298e+00 8.745592064545660901e-10 7.625075148688384994e-10 4.073492903088560944e-10
6.905196124820247583e+00 7.994571807133026562e-10 6.969693509597516322e-10 3.723518265470063380e-10
7.222569664734193928e+00 7.308399454293772491e-10 6.370634070643359664e-10 3.403686267784713632e-10
7.554530185526997954e+00 6.681031888004832069e-10 5.823074712234109085e-10 3.111309674689371534e-10
7.901748127498179564e+00 6.107497295354701766e-10 5.322569708787232976e-10 2.844041079459556260e-10
8.264924745424840680e+00 5.583372223776450371e-10 4.865090568517774290e-10 2.599771094218009739e-10
8.644793524842908639e+00 5.104178748085576563e-10 4.446934228153741756e-10 2.376471437197240219e-10
9.042121663422893363e+00 4.666165178692268874e-10 4.064717247882657259e-10 2.172362558172762951e-10
9.457711620431943800e+00 4.265948250327243609e-10 3.715352585423032091e-10 1.985829401410386291e-10
9.892402737411607916e+00 3.899993555359471920e-10 3.396019965864277154e-10 1.815300361247316118e-10
1.034707293334445133e+01 3.565566646563535417e-10 3.104130456039243430e-10 1.659443277613974405e-10
1.082264047773317550e+01 3.259831039259544397e-10 2.837327087067197974e-10 1.516970154836010567e-10
1.132006584517320391e+01 2.980443566950255266e-10 2.593465354218964513e-10 1.386760573308551826e-10
1.184035365516427518e+01 2.724983491178855281e-10 2.370556950715449285e-10 1.267721967720745832e-10
1.238455470107886391e+01 2.491521184030088649e-10 2.166809169275615201e-10 1.158924021601382023e-10
1.295376807238504213e+01 2.278058097816866002e-10 1.980579781232661397e-10 1.059464537054372372e-10
1.354914337441009486e+01 2.083016445367756583e-10 1.810350652771655698e-10 9.685678454024325826e-11
1.417188305012786387e+01 1.904700641893316391e-10 1.654760094104241659e-10 8.854775616836459153e-11
1.482324480865903027e+01 1.741699329191601409e-10 1.512535183667523119e-10 8.095241766881422986e-11
1.550454416538912561e+01 1.592761676218626834e-10 1.382540844650659816e-10 7.401123273081929137e-11
1.621715709883418910e+01 1.456548806317867308e-10 1.263716775843936718e-10 6.766490645066233486e-11
1.696252282962023727e+01 1.332081380246717434e-10 1.155109421313703285e-10 6.186496634332160162e-11
1.774214672718879626e+01 1.218316279652812042e-10 1.055836582147742962e-10 5.656360741138219067e-11
1.855760335009928852e+01 1.114305116621759303e-10 9.650928397974014799e-11 5.171727163054352005e-11
1.941053962606831718e+01 1.019248661296517849e-10 8.821523430645920661e-11 4.728789943130852904e-11
2.030267817816854148e+01 9.323636282363746145e-11 8.063427435720560018e-11 4.323931045452843108e-11
2.123582080390486126e+01 8.529336115558297177e-11 7.370477433302493518e-11 3.953837519388938321e-11
2.221185211419424377e+01 7.803467135515649966e-11 6.737069977672899808e-11 3.615581993374601091e-11
2.323274333959886206e+01 7.139728761838735101e-11 6.158138757027681103e-11 3.306352717122903036e-11
2.430055631149943096e+01 6.533109298861352260e-11 5.628964669356014678e-11 3.023714665807280087e-11
2.541744762624967180e+01 5.978666100950912554e-11 5.145256609358112259e-11 2.765370820363099117e-11
2.658567300072159867e+01 5.471831073793317500e-11 4.703154516196439843e-11 2.529228842534504676e-11
2.780759182803850749e+01 5.008633224705584366e-11 4.299044007182116548e-11 2.313395072948483152e-11
2.908567194269658174e+01 4.585078912060649910e-11 3.929675455155465198e-11 2.116076551785083584e-11
3.042249460469875899e+01 4.198093497560019806e-11 3.592056980877334553e-11 1.935750932671470744e-11
3.182075971276728410e+01 3.844342448034920773e-11 3.283468592118453994e-11 1.770919236545701049e-11
3.328329125716349779e+01 3.520952628169974209e-11 3.001405033056534822e-11 1.620243091262148102e-11
3.481304302312768328e+01 3.225414708347070002e-11 2.743592178074291133e-11 1.482528456282654270e-11
3.641310455645803046e+01 2.955279737993313791e-11 2.507938294732950212e-11 1.356647159634449517e-11
3.808670740327659132e+01 2.708218143840755410e-11 2.292557735393205780e-11 1.241556631357259483e-11
3.983723163658493149e+01 2.482515419926829160e-11 2.095687938062632450e-11 1.136379757468851714e-11
4.166821268279002766e+01 2.276235872578559341e-11 1.915743632878496917e-11 1.040244680143433576e-11
4.358334846198825829e+01 2.087687821479660434e-11 1.751273390547872504e-11 9.523701667194560625e-12
4.558650685642769673e+01 1.915402167416218455e-11 1.600938240673745754e-11 8.720545283474575774e-12
4.768173352223256245e+01 1.757892576231857489e-11 1.463539503098716637e-11 7.986340125022664413e-12
4.987326006016684232e+01 1.613888704357229048e-11 1.337944511020656815e-11 7.315093285568869679e-12
5.216551256193860553e+01 1.482322150941997682e-11 1.223157272658066148e-11 6.701633372373689761e-12
5.456312054930609179e+01 1.362125532041033404e-11 1.118238180463053171e-11 6.140957347638683899e-12
5.707092632403857380e+01 1.252280032723702363e-11 1.022344397643370411e-11 5.628452146401718233e-12
5.969399474761641500e+01 1.151925418556192290e-11 9.346919757588392753e-12 5.160004169094733991e-12
6.243762347042098781e+01 1.060218915580823083e-11 8.545788855605627945e-12 4.731782639332514206e-12
6.530735363107407920e+01 9.764040628096396357e-12 7.813521625306108263e-12 4.340280039869055959e-12
6.830898104753585187e+01 8.998625393062186764e-12 7.144167172810432548e-12 3.982438842052859321e-12
7.144856792256257449e+01 8.300084777879856202e-12 6.532438974041627851e-12 3.655466743065090325e-12
7.473245508716587437e+01 7.661806328777417953e-12 5.973265698077992930e-12 3.356491615069070805e-12
7.816727480680003737e+01 7.079107195448263906e-12 5.462115734144932936e-12 3.083184392226637958e-12
8.175996417614160805e+01 6.547113483463187311e-12 4.994900363749091858e-12 2.833316607738722899e-12
8.551777912951415317e+01 6.061954155618770528e-12 4.567832558942848514e-12 2.604943288741826993e-12
8.944830909525343543e+01 5.619162789333025021e-12 4.177408880115858265e-12 2.396097464195544165e-12
9.355949232361055579e+01 5.215765271960222520e-12 3.820530022769993864e-12 2.205216536567385958e-12
9.785963191914866854e+01 4.847952958628402399e-12 3.494277505590775730e-12 2.030643128855712700e-12
1.023574126100142365e+02 4.513358713525672183e-12 3.196035495274187922e-12 1.871074984707345027e-12
1.070619182879493678e+02 4.208728124420955909e-12 2.923349071935694810e-12 1.725104919341144950e-12
1.119826503544710050e+02 3.931939612320315292e-12 2.674029442574270548e-12 1.591609376670984974e-12
1.171295469102685729e+02 3.680798739432187187e-12 2.446053856891245585e-12 1.469503600989399502e-12
1.225130028265763826e+02 3.453092896839958256e-12 2.237607623425214152e-12 1.357770798665135708e-12
1.281438907390569000e+02 3.247344787847169189e-12 2.047001106860456560e-12 1.255550450854662248e-12
1.340335830065968139e+02 3.061648118235339279e-12 1.872693077795124805e-12 1.161964081907478898e-12
1.401939746793620145e+02 2.894558257708710938e-12 1.713299063684340322e-12 1.076258140565174341e-12
1.466375075225009539e+02 2.744704806195102304e-12 1.567548212326288939e-12 9.977283554177338129e-13
1.533771951440145926e+02 2.610983414458525188e-12 1.434256071276381188e-12 9.257347624027621091e-13
1.604266492775414576e+02 2.492379370975438730e-12 1.312363206143478996e-12 8.596920595600552296e-13
1.678001072731420891e+02 2.387912206062630194e-12 1.200915701000644222e-12 7.990578916385857677e-13
1.755124608516008209e+02 2.296697541725344279e-12 1.099015519295559475e-12 7.433214161874014481e-13
1.835792861803209632e+02 2.217861489354993371e-12 1.005870450293779669e-12 6.920182498889146654e-13
1.920168753315547576e+02 2.150600492429637814e-12 9.207499963701019472e-13 6.447214027898072766e-13
2.008422691865014258e+02 2.094321526791108941e-12 8.429870113592230374e-13 6.010556336743143769e-13
2.100732918517307724e+02 2.047939891206957602e-12 7.719653437513180459e-13 5.606353726000327696e-13
2.197285866574368924e+02 2.010585149957605626e-12 7.071344617782250259e-13 5.231422850742416983e-13
2.298276538102291227e+02 1.980785948345497985e-12 6.479844204210333349e-13 4.882581034717899154e-13
2.403908897765019788e+02 1.956996386758003821e-12 5.940372904385252093e-13 4.557089313949298516e-13
2.514396284759284868e+02 1.936860292013974739e-12 5.448641067057062498e-13 4.252388594665825975e-13
2.629961843682681319e+02 1.917501309732786621e-12 5.000658757622266896e-13 3.966288827379190539e-13
2.750838975205127213e+02 1.895155681514627019e-12 4.592640375502761751e-13 3.696778628852282440e-13
2.877271807453877273e+02 1.865344115697717233e-12 4.221253326512681112e-13 3.442271134665026246e-13
3.009515689064119783e+02 1.823423980389943800e-12 3.883140631807550139e-13 3.201379009529213416e-13
3.147837704890961845e+02 1.765056007373412115e-12 3.575216650449488119e-13 2.973016115517455481e-13
3.292517215424319375e+02 1.687587262442928492e-12 3.294588109986822968e-13 2.756459062892413507e-13
3.443846420996163147e+02 1.590915445617176506e-12 3.038545459927025340e-13 2.551269508073967391e-13
3.602130951919605764e+02 1.478115242689169589e-12 2.804571376924888383e-13 2.357298310657390560e-13
3.767690485751684264e+02 1.354917294443471692e-12 2.590361052671271222e-13 2.174613585340467762e-13
3.940859392926529949e+02 1.228671558241879737e-12 2.393849300410396435e-13 2.003502299541382230e-13
4.121987412062810563e+02 1.106138982522829608e-12 2.213245458911180473e-13 1.844236792643442460e-13
4.311440356309365143e+02 9.930494911906973333e-13 2.047055830383295391e-13 1.697198195640770692e-13
4.509600852155584789e+02 8.926214929371794743e-13 1.894091738814542316e-13 1.562531495185436911e-13
4.716869112198643279e+02 8.067112019767819186e-13 1.753454864719987263e-13 1.440376811408552090e-13
4.933663743428353428e+02 7.350864587754171705e-13 1.624486323144182962e-13 1.330463745054434349e-13
5.160422592662009720e+02 6.766773078175113608e-13 1.506678734586887912e-13 1.232297392840908231e-13
5.397603630836752018e+02 6.295136024742943831e-13 1.399566339827023923e-13 1.145003415002798591e-13
5.645685877945354605e+02 5.912169446404726843e-13 1.302608477461041368e-13 1.067426069428693795e-13
5.905170370483549505e+02 5.587182352241472024e-13 1.215090692859417207e-13 9.980389247101013588e-14
6.176581173362676509e+02 5.288080289481057162e-13 1.136074183323813351e-13 9.351661018823425952e-14
6.460466438331450263e+02 4.983246447386473344e-13 1.064418838480183361e-13 8.770758870838345323e-14
6.757399511044415021e+02 4.651058851418282058e-13 9.988980429046459470e-14 8.222954034895880712e-14
7.067980089012974076e+02 4.286333698150100718e-13 9.383964725927380421e-14 7.698541917481574801e-14
7.392835432777699225e+02 3.904605766234006818e-13 8.821374789765610580e-14 7.195704700621542736e-14
7.732621632747939202e+02 3.533812825607857066e-13 8.298391715701226052e-14 6.720279961790663237e-14
8.088024934267380104e+02 3.201643666564736925e-13 7.816915184443783899e-14 6.282920173661181472e-14
8.459763123581672062e+02 2.924186785653219365e-13 7.381005636060061898e-14 5.893431368831414024e-14
8.848586977507249003e+02 2.701845473070453250e-13 6.993014559704611091e-14 5.555198033323888836e-14
9.255281779729251639e+02 2.522110117425283589e-13 6.650127592484631143e-14 5.262537634155814690e-14
9.680668906790783694e+02 2.363575863462963892e-13 6.343483716133582004e-14 5.001228792342037897e-14
1.012560748697673489e+03 2.205079102312866176e-13 6.061109009134755522e-14 4.754294372683566150e-14
1.059099613544248314e+03 2.036274455121651392e-13 5.793933885184755750e-14 4.510526668648634567e-14
1.107777476909176357e+03 1.863882944227969246e-13 5.540930225444614479e-14 4.271194372601241907e-14
1.158692650486922503e+03 1.706090905864918215e-13 5.308337405257290085e-14 4.048641596839220643e-14
1.211947964530139416e+03 1.576849968560523914e-13 5.102656699838344505e-14 3.855140514555744925e-14
1.267650975529620837e+03 1.475431752194019688e-13 4.923193118348664357e-14 3.691440234377166078e-14
1.325914183439544558e+03 1.387884690561160297e-13 4.761364463227525817e-14 3.545144802243187297e-14
1.386855258886734646e+03 1.297477857960876195e-13 4.608567224185494537e-14 3.400669017733016452e-14
1.450597280822804123e+03 1.199326147926110831e-13 4.463968051529059540e-14 3.253131760536684545e-14
1.517268985099163046e+03 1.106662809911305189e-13 4.332529104115843810e-14 3.113578729735940952e-14
1.587005024466923487e+03 1.034725214840760193e-13 4.215498338862479722e-14 2.995232547693001737e-14
1.659946240526792508e+03 9.842343584381879214e-14 4.107505017864396536e-14 2.898058381356496396e-14
1.736239948178224040e+03 9.394195072583210927e-14 4.003480059992896577e-14 2.807164099786531255e-14
1.816040233142276520e+03 8.856901683086917034e-14 3.903181484835042736e-14 2.709237409152332644e-14
1.899508263159094213e+03 8.351699388092690405e-14 3.806884494734075959e-14 2.614938977401561631e-14
1.986812613488506258e+03 8.080267962384921270e-14 3.714941850462980450e-14 2.544908152775904603e-14
2.078129607371129623e+03 7.941232261785398369e-14 3.629134483089526411e-14 2.490828551500677940e-14
2.173643672137613066e+03 7.680818569183102169e-14 3.547785145550936449e-14 2.426828367774937679e-14
2.273547711685196191e+03 7.577372680789013604e-14 3.467156255411823576e-14 2.378728440257177989e-14
2.378043496073878487e+03 7.972578166436689145e-14 3.398627579362523760e-14 2.382845288423794258e-14
2.487342069029033155e+03 8.320231667918158605e-14 3.348450021333593701e-14 2.387577332887851159e-14
2.601664174173464289e+03 8.622204467525352045e-14 3.304429852285593485e-14 2.388894391410553084e-14
2.721240700849774839e+03 1.001033397741445306e-13 3.286351375051802754e-14 2.474110950162626783e-14
2.846313150433396004e+03 1.111863368651874206e-13 3.301294845931481319e-14 2.545497226321372696e-14
2.977134124078108471e+03 1.308819909623364431e-13 3.330844152099313985e-14 2.655133478963677274e-14
3.113967832879082835e+03 1.708923908770330152e-13 3.426210208987291368e-14 2.854011363794933000e-14
3.257090631483838933e+03 1.871249273311656681e-13 3.533412599125287171e-14 2.972185514446368013e-14
3.406791576228762096e+03 2.368664265270601136e-13 3.664434347018105732e-14 3.173481867021012677e-14
3.563373008928456329e+03 2.335742619196195276e-13 3.750063795357088763e-14 3.231278084255591672e-14
3.727151167496963808e+03 2.014797714528068037e-13 3.772259103482919002e-14 3.177367874323538072e-14
3.898456824634066379e+03 1.503557876138698570e-13 3.707004377013840099e-14 2.973814007803490496e-14
4.077635955866634504e+03 1.248785557748767949e-13 3.634120099594431892e-14 2.814938309297467231e-14
4.265050438294165360e+03 1.089986296444434357e-13 3.628310166055670657e-14 2.722164944433450293e-14
4.461078781449758935e+03 1.060315781989920916e-13 3.819594206762149365e-14 2.808046627121194751e-14
4.666116891752612901e+03 1.074387371952478714e-13 4.345180837062865413e-14 3.093903201610526058e-14
4.880578872095905353e+03 1.179637986357806866e-13 5.366702265234813405e-14 3.688594977306302995e-14
5.104897858185037876e+03 1.477579370313505239e-13 7.266822395969132720e-14 4.871158129207955012e-14
5.339526893315228335e+03 1.892052470600805677e-13 1.064895380007516554e-13 6.813910953012242002e-14
5.584939843355264202e+03 2.482055341721054867e-13 1.716680584500997970e-13 1.014804524423473858e-13
5.841632353785339546e+03 3.889663470418963296e-13 3.027894823185044157e-13 1.702550435592722295e-13
6.110122850721796567e+03 6.667246305993400110e-13 5.916490167174751111e-13 3.134736435052728898e-13
6.390953587950587462e+03 1.249632129006066819e-12 1.310649667979720250e-12 6.397069013679685528e-13
6.684691742083958161e+03 2.468866044778251032e-12 3.427480646972563613e-12 1.435124328812578357e-12
6.991930558052270499e+03 5.822710068778785497e-12 1.157983459193754991e-11 3.874491965848643512e-12
7.313290547244365371e+03 1.739458514007013914e-11 5.462955597491286434e-11 1.319361047364394506e-11
7.649420740716394903e+03 8.454456923104920722e-11 5.170375196648978849e-10 7.266292528187240449e-11
8.000999999999998181e+03 0.000000000000000000e+00 0.000000000000000000e+00 0.000000000000000000e+00
