1.000000000000000000e+00 2.663725889664810902e-08 3.320965326264153369e-08 1.478128277479699883e-08
1.047129071589127935e+00 2.429480134743878631e-08 3.028753689736998842e-08 1.348109509205223091e-08
1.096479292567109187e+00 2.215759968280247375e-08 2.762253993908475295e-08 1.229504751978153516e-08
1.148155343642500714e+00 2.020837678988382831e-08 2.519203927743695388e-08 1.121333824494268756e-08
1.202266839028468093e+00 1.843057793878799200e-08 2.297540077085367335e-08 1.022678192324687497e-08
1.258928558954275356e+00 1.680912151763560235e-08 2.095379375951865499e-08 9.327004098444325779e-09
1.318260693134829076e+00 1.533021057776694016e-08 1.911007907672205640e-08 8.506360990077855525e-09
1.380389095714713799e+00 1.398146283680228773e-08 1.742858222230768395e-08 7.757934577323165826e-09
1.445445552227504260e+00 1.275131748431215221e-08 1.589505017535567617e-08 7.075341405339695000e-09
1.513568059136620958e+00 1.162939213038790126e-08 1.449644407602992102e-08 6.452801407940303901e-09
1.584901116550688105e+00 1.060619901461845828e-08 1.322090917939228784e-08 5.885044579017677434e-09
1.659596034734294401e+00 9.672997934170241477e-09 1.205760098759298370e-08 5.367231242173805448e-09
1.737811255064319882e+00 8.821897466235776077e-09 1.099665221248535906e-08 4.894976668981997753e-09
1.819712686112638478e+00 8.045686806713382104e-09 1.002905635466081262e-08 4.464276237623988226e-09
1.905474055568085578e+00 7.337758207107841353e-09 9.146604027369179974e-09 4.071468936093973362e-09
1.995277278744179705e+00 6.692113190305426005e-09 8.341793881477278724e-09 3.713221626187930027e-09
2.089312844454274565e+00 6.103463568116673852e-09 7.607799546788774840e-09 3.386553593073546029e-09
2.187780219072644972e+00 5.566539656257576649e-09 6.938389799846667187e-09 3.088607745209304336e-09
2.290888269638597485e+00 5.076848188264570424e-09 6.327884568699840573e-09 2.816875238793582501e-09
2.398855706901088514e+00 4.630226959530837372e-09 5.771095476798915443e-09 2.569046582900649439e-09
2.511911549243617703e+00 4.222896920778238711e-09 5.263296693848325608e-09 2.343021901569035711e-09
2.630295608473477653e+00 3.851360737391587902e-09 4.800180805832460952e-09 2.136870960579642286e-09
2.754258998505793254e+00 3.512531007144757214e-09 4.377812861208180958e-09 1.948863531809639609e-09
2.884064668021372402e+00 3.203485758220644134e-09 3.992610579844966529e-09 1.777390202935024028e-09
3.019987958228226521e+00 2.921715413099811517e-09 3.641300907185948047e-09 1.621029792562863443e-09
3.162317186909868738e+00 2.664737364761807335e-09 3.320904248536254368e-09 1.478427578458852096e-09
3.311354259999273797e+00 2.430396192413988880e-09 3.028699869148760152e-09 1.348380857734295388e-09
3.467415311975743819e+00 2.216601553497445418e-09 2.762205953591028925e-09 1.229754313476206038e-09
3.630831376443087510e+00 2.021632817663081104e-09 2.519161180091525982e-09 1.121570130064092275e-09
3.801949088311525671e+00 1.843800935299922363e-09 2.297500373747918309e-09 1.022899089402962471e-09
3.981131419072778677e+00 1.681595732479820958e-09 2.095345678001843069e-09 9.329041590159562443e-10
4.168758446727986566e+00 1.533720420933566961e-09 1.910976542264083339e-09 8.508451623200947535e-10
4.365228162001612233e+00 1.398834442340403676e-09 1.742831607902785925e-09 7.760000080674416512e-10
4.570957312551463758e+00 1.275809342081525274e-09 1.589480515993693615e-09 7.077378526455812817e-10
4.786382286965549682e+00 1.163602957739421210e-09 1.449622405866282129e-09 6.454800808851526072e-10
5.011960040420881946e+00 1.061259969604424224e-09 1.322072148321289502e-09 5.886977469021124982e-10
5.248169063967726977e+00 9.679706656710844792e-10 1.205744060208606169e-09 5.369264267723776925e-10
5.495510399495309173e+00 8.828638793169239754e-10 1.099651312267035775e-09 4.897023879390061653e-10
5.754508702531921038e+00 8.052394783743009578e-10 1.002894107349980853e-09 4.466317833168679108e-10
6.025713355133808236e+00 7.344346758027589916e-10 9.146508988562128210e-10 4.073477730305668258e-10
6.309699631223472771e+00 6.698790477044630343e-10 8.341717183294993803e-10 3.715261272530362577e-10
6.607069916849297897e+00 6.109901346762440498e-10 7.607734796485876641e-10 3.388521797302428214e-10
6.918454987954862467e+00 5.572773825685789967e-10 6.938345426005460701e-10 3.090517243561811494e-10
7.244515348368347318e+00 5.083157972076412871e-10 6.327846026028545734e-10 2.818809017911203297e-10
7.585942630850135870e+00 4.636460496598895214e-10 5.771073598689954894e-10 2.570960087020323142e-10
7.943461064170490360e+00 4.228997784645318326e-10 5.263285657181292552e-10 2.344896622671009187e-10
8.317829009329230416e+00 3.857490683832255827e-10 4.800176294581801057e-10 2.138755785278966719e-10
8.709840568176032249e+00 3.518563640546968092e-10 4.377822381229787241e-10 1.950721078337292847e-10
9.120327267843492791e+00 3.209546286317189421e-10 3.992627958839099165e-10 1.779257735475703358e-10
9.550159824565964684e+00 2.927737983949693293e-10 3.641328468741899219e-10 1.622887475221822376e-10
1.000024999062554620e+01 2.670620099246163070e-10 3.320936390303023925e-10 1.480242986564676296e-10
1.047155248834291719e+01 2.436159053365409033e-10 3.028735160889556208e-10 1.350159818867261809e-10
1.096506703521533943e+01 2.222296061016408355e-10 2.762242307200476203e-10 1.231512277647573242e-10
1.148184046449759421e+01 2.027367217702528310e-10 2.519209403719894230e-10 1.123342458491721165e-10
1.202296894572384467e+01 1.849469227319976492e-10 2.297552909057029021e-10 1.024651729289483598e-10
1.258960030988072276e+01 1.687278992622603571e-10 2.095401306746306118e-10 9.346617546761354663e-11
1.318293648416360320e+01 1.539345828554099610e-10 1.911037380058188963e-10 8.525857104395867235e-11
1.380423604148067440e+01 1.404440876667539951e-10 1.742893432813030222e-10 7.777345969713680187e-11
1.445481687011284144e+01 1.281385260388608662e-10 1.589548767419951764e-10 7.094640077102553159e-11
1.513605896919212235e+01 1.169143821062878196e-10 1.449695158721764744e-10 6.471960095017747018e-11
1.584940737592843618e+01 1.066795832349731886e-10 1.322147932955186967e-10 5.904123508936504484e-11
1.659637523079382504e+01 9.734440553918683842e-11 1.205820966693083914e-10 5.386216178385034161e-11
1.737854698716593305e+01 8.882841565599397042e-11 1.099732341500063495e-10 4.913816441485019060e-11
1.819758177223910778e+01 8.106550879392376678e-11 1.002979297975290104e-10 4.483099114772252020e-11
1.905521690633197096e+01 7.398240663551048813e-11 9.147371126614415865e-11 4.090175322119941742e-11
1.995327158805684675e+01 6.752316229081892502e-11 8.342635056433596227e-11 3.731851068570068050e-11
2.089365075316769804e+01 6.163141899355200733e-11 7.608681677150440670e-11 3.405023639955780942e-11
2.187834911527197335e+01 5.626030062040217115e-11 6.939313904109302899e-11 3.107021084311480024e-11
2.290945539697756672e+01 5.135976798786987396e-11 6.328860893388523754e-11 2.835180364862694814e-11
2.398915676044964940e+01 4.689185085385741426e-11 5.772113919571719534e-11 2.587299195824219273e-11
2.511974344677568993e+01 4.281569136037399161e-11 5.264346517863398506e-11 2.361184027755302495e-11
2.630361363397931740e+01 3.909869715516986446e-11 4.801300329435242051e-11 2.154987063309418979e-11
2.754327852398788679e+01 3.570966893784303947e-11 4.378963542536721345e-11 1.966952285273509128e-11
2.884136766934421203e+01 3.261755502857736164e-11 3.993811409684149494e-11 1.795426394648122309e-11
3.020063455096109095e+01 2.979761712361397161e-11 3.642549707699123352e-11 1.638994222092299721e-11
3.162396241875041980e+01 2.722540139395385972e-11 3.322203598030743575e-11 1.496313663535683731e-11
3.311437040751560801e+01 2.488003602142747116e-11 3.030045006209006641e-11 1.366200884619334149e-11
3.467501994108030772e+01 2.274051318896809193e-11 2.763594347461747043e-11 1.247518342290223212e-11
3.630922143823793391e+01 2.078989519803655530e-11 2.520599332526837085e-11 1.139297394655667968e-11
3.802044133474613830e+01 1.901080976990880403e-11 2.298995280291658209e-11 1.040594485868231183e-11
3.981230943626162144e+01 1.738798088170435631e-11 2.096890867049016021e-11 9.505645200363419508e-12
4.168862661781172108e+01 1.590837790247586195e-11 1.912577715023594649e-11 8.684670434514735301e-12
4.365337288613498856e+01 1.455887116150555443e-11 1.744488753606902701e-11 7.935876297049785818e-12
4.571071582199255801e+01 1.332834509749351213e-11 1.591186257737694215e-11 7.252985270601777563e-12
4.786501942035751966e+01 1.220609545811229321e-11 1.451388553223415965e-11 6.630164607473699137e-12
5.012085334723456498e+01 1.118245610098701202e-11 1.323883722057914389e-11 6.062034229632892587e-12
5.248300263274455801e+01 1.024950894149083122e-11 1.207617814126609323e-11 5.544057630976093915e-12
5.495647782103555556e+01 9.398345602051631798e-12 1.101584021076896641e-11 5.071506370475196431e-12
5.754652559854947924e+01 8.622877432221313643e-12 1.004877789483495574e-11 4.640690855363903750e-12
6.025863992318909368e+01 7.915229429600213173e-12 9.166844362733349992e-12 4.247591782974015343e-12
6.309857367799257588e+01 7.270653049581117098e-12 8.362567307999036489e-12 3.889238692317768222e-12
6.607235087403454088e+01 6.682814273784290796e-12 7.629007956433388784e-12 3.562316694964393653e-12
6.918627942843887979e+01 6.147227833653534031e-12 6.960086667847480094e-12 3.264226129947004444e-12
7.244696454460721213e+01 5.659048479542034741e-12 6.350006240789362233e-12 2.992324874761651929e-12
7.586132272304500646e+01 5.214597166130633430e-12 5.793651661574383488e-12 2.744447369318074747e-12
7.943659643250535396e+01 4.809375134757021299e-12 5.286194401851789841e-12 2.518262275502850603e-12
8.318036947256955216e+01 4.440404533681202094e-12 4.823371401635289497e-12 2.311985996746570454e-12
8.710058306025237584e+01 4.104721400048886761e-12 4.401233244463728705e-12 2.123904610379217259e-12
9.120555267475383232e+01 3.799208936108721102e-12 4.016217766637097736e-12 1.952350269372428985e-12
9.550398569608826449e+01 3.521077334825580742e-12 3.665061642523426533e-12 1.795813512778532278e-12
1.000049998750062343e+02 3.268684570183593035e-12 3.344722779689980682e-12 1.653133273534589685e-12
1.047181426733861684e+02 3.039238019727668263e-12 3.052525437413237631e-12 1.522933618621881237e-12
1.096534115161207410e+02 2.831121894895327524e-12 2.785957887672793070e-12 1.404179160588792633e-12
1.148212749974560154e+02 2.642286714616144257e-12 2.542779496464961570e-12 1.295789139075778847e-12
1.202326950867661139e+02 2.471528482829144944e-12 2.320895249673913952e-12 1.196922274699606224e-12
1.258991503808641426e+02 2.317186367831062791e-12 2.118464235255309158e-12 1.106686907047099828e-12
1.318326604521743093e+02 2.178009262402266171e-12 1.933771964638624250e-12 1.024318420118820858e-12
1.380458113444099411e+02 2.052843550905332615e-12 1.765245468790332108e-12 9.491064136215296133e-13
1.445517822698399470e+02 1.940567092281429092e-12 1.611488377509012780e-12 8.803920269782487876e-13
1.513643735647713129e+02 1.840395194914155704e-12 1.471187496256071986e-12 8.176049494843440675e-13
1.584980359625488120e+02 1.751329644500467453e-12 1.343177149606190648e-12 7.601682970613904971e-13
1.659679012461640184e+02 1.672924066566972449e-12 1.226380494234026021e-12 7.076322616502173016e-13
1.737898143454918340e+02 1.604030099967447776e-12 1.119823790474437009e-12 6.594447201752215557e-13
1.819803669472416630e+02 1.544361618447508189e-12 1.022638889586323924e-12 6.152411133796638166e-13
1.905569326889140314e+02 1.493275096878215595e-12 9.340183913520045899e-13 5.746097085479071805e-13
1.995377040114145757e+02 1.450054421811745416e-12 8.532315886437383497e-13 5.371596199195624894e-13
2.089417307484988271e+02 1.413983337208530418e-12 7.796154164642864525e-13 5.025363943454408301e-13
2.187889605349009798e+02 1.384635250599372860e-12 7.125599356292076637e-13 4.704548301063496390e-13
2.291002811188612895e+02 1.360739509111766466e-12 6.515165532100740559e-13 4.405723165124063018e-13
2.398975646688014933e+02 1.341172445140192157e-12 5.959715210799247430e-13 4.126180583884687811e-13
2.512037141681347236e+02 1.324406185285119329e-12 5.454556777544971092e-13 3.863413055778427928e-13
2.630427119966196869e+02 1.308072281469261027e-12 4.995373137149637052e-13 3.614889605427013081e-13
2.754396708013068178e+02 1.289565595438833016e-12 4.578137359538792575e-13 3.378664451380972891e-13
2.884208867649872445e+02 1.265514619819052755e-12 4.199244851514323506e-13 3.153009643670469399e-13
3.020138953851341626e+02 1.232760658389829271e-12 3.855093829439439040e-13 2.936721243024069589e-13
3.162475298816517011e+02 1.188163720783032215e-12 3.542381757543198237e-13 2.728815037718372190e-13
3.311519823573290182e+02 1.130113494767735193e-12 3.258014750117575145e-13 2.528943318590818748e-13
3.467588678407289535e+02 1.058860621306942852e-12 2.999101946298239056e-13 2.337135087811600277e-13
3.631012913473597905e+02 9.773446626096493124e-13 2.762967104319706827e-13 2.154022043657658757e-13
3.802139181013744178e+02 8.898788091954114959e-13 2.547171054647762810e-13 1.980326433018862140e-13
3.981330470667566601e+02 8.018781119381277068e-13 2.349547319256375078e-13 1.817120840089963653e-13
4.168966879439635704e+02 7.180493551640714827e-13 2.168237289603088691e-13 1.665361228257432138e-13
4.365446417953451146e+02 6.420426059711005354e-13 2.001713226583825250e-13 1.525960486659314666e-13
4.571185854703683162e+02 5.757955201672752958e-13 1.848782365361225741e-13 1.399444366731756187e-13
4.786621600097219016e+02 5.199542777640061089e-13 1.708560010377269108e-13 1.285987069782938943e-13
5.012210632158268595e+02 4.740283960142873051e-13 1.580398940579711109e-13 1.185242143345042313e-13
5.248431465861045808e+02 4.370036048594953221e-13 1.463781211494035730e-13 1.096499320478775631e-13
5.495785168146238675e+02 4.073137491726089593e-13 1.358189653892800862e-13 1.018552749967867420e-13
5.754796420774272292e+02 3.828791485497370530e-13 1.262978284560781166e-13 9.497052539041187992e-14
6.026014633269801379e+02 3.613895428166823578e-13 1.177280292429088665e-13 8.880007986747800294e-14
6.310015108318302737e+02 3.402856876234064632e-13 1.099981877154603039e-13 8.312713600040625035e-14
6.607400262086716793e+02 3.175189442163092775e-13 1.029792231667170319e-13 7.775980195016554794e-14
6.918800902056626683e+02 2.922710008319039808e-13 9.654209637016175839e-14 7.257074242499923472e-14
7.244877565080579416e+02 2.653355347416803256e-13 9.058277106130328055e-14 6.752905823067848779e-14
7.586321918499722869e+02 2.387903672373050629e-13 8.504542537356934590e-14 6.271088255278149106e-14
7.943858227294870176e+02 2.148324019395952808e-13 7.993016240812746578e-14 5.825566355605166974e-14
8.318244890382935637e+02 1.949362543043831095e-13 7.527543309068813517e-14 5.430524160261253946e-14
8.710276049317684510e+02 1.792445458042950736e-13 7.111843083679804758e-14 5.091643742489249006e-14
9.120783272807046842e+02 1.668085222154258964e-13 6.745159523519807334e-14 4.802994655984488000e-14
9.550637320620094215e+02 1.557919772483200357e-13 6.419981808772580232e-14 4.546449827181558134e-14
1.000074999062538950e+03 1.443000522041865522e-13 6.123850950827943569e-14 4.299300357717423123e-14
1.047207605287854676e+03 1.316142275724776304e-13 5.845361691184882490e-14 4.047674481469122229e-14
1.096561527486145678e+03 1.186911569390936874e-13 5.580830569115739605e-14 3.795972932781831342e-14
1.148241454216924012e+03 1.072963038745431373e-13 5.335591158564503834e-14 3.563531375274020591e-14
1.202357007914316910e+03 9.835371927206371023e-14 5.117349438861273604e-14 3.366011696499484294e-14
1.259022977416000913e+03 9.130005210230887577e-14 4.927084789799499000e-14 3.200115372528847605e-14
1.318359561450997035e+03 8.456679937878998045e-14 4.756420124143164593e-14 3.044215396171724718e-14
1.380492623602831372e+03 7.714999114738188559e-14 4.595057259633033923e-14 2.879829434741391872e-14
1.445553959288872875e+03 6.986123802610514558e-14 4.440762547908388180e-14 2.714975539795693827e-14
1.513681575322146045e+03 6.407222604244585550e-14 4.298787681072954220e-14 2.572694109848958351e-14
1.585019982648646192e+03 5.983587745664482429e-14 4.171152443976554718e-14 2.457813413536366816e-14
1.659720502881093125e+03 5.576526320965756286e-14 4.051494615404237894e-14 2.346615832201440423e-14
1.737941589279320169e+03 5.119087408977831071e-14 3.932621470837456437e-14 2.224047781798602317e-14
1.819849162858188720e+03 4.717866961694583702e-14 3.813887670497415849e-14 2.108993449994607100e-14
1.905616964335945568e+03 4.432498253969412689e-14 3.697256230755148953e-14 2.015815092336698557e-14
1.995426922669591704e+03 4.164174773688435034e-14 3.581928532493189050e-14 1.925584496692644963e-14
2.089469540958960806e+03 3.896870437044861094e-14 3.465492301507414083e-14 1.834271819946529777e-14
2.187944300538116295e+03 3.740719601484079134e-14 3.346323717590682591e-14 1.766273770277555657e-14
2.291060084111202286e+03 3.655530361557712901e-14 3.225577736346225627e-14 1.713560836570777970e-14
2.399035618830273506e+03 3.551877162950872741e-14 3.106342978870176057e-14 1.657101815790083044e-14
2.512099940254994181e+03 3.487028719942212406e-14 2.988042394585337689e-14 1.609154472905618029e-14
2.630492878178314186e+03 3.426515466986391065e-14 2.872692309577321033e-14 1.562628981263607593e-14
2.754465565348672044e+03 3.425362141908063033e-14 2.766987657874915109e-14 1.530587753738292612e-14
2.884280970167778378e+03 3.447543153539367149e-14 2.671361568197413347e-14 1.505111568799380277e-14
3.020214454493972880e+03 3.336710249545476819e-14 2.589181706590004697e-14 1.457898524351191955e-14
3.162554357734339192e+03 3.264297663570198995e-14 2.528003844997350528e-14 1.424676707957163975e-14
3.311602608464510467e+03 3.379447818981577610e-14 2.485986781030636301e-14 1.432334205065302712e-14
3.467675364873574836e+03 3.681924592258800456e-14 2.478310899846496650e-14 1.481267049141549342e-14
3.631103685392558418e+03 4.052965400861884602e-14 2.502246278684258446e-14 1.547092311845048192e-14
3.802234230928971556e+03 4.555837885621261131e-14 2.577748656745408527e-14 1.646269365383471225e-14
3.981430000197057325e+03 5.162840704630736542e-14 2.699231117020684799e-14 1.772522637580421150e-14
4.169071099703442997e+03 5.847338169208649694e-14 2.906248271670623985e-14 1.941354730762140744e-14
4.365555550021532326e+03 6.253578501476750077e-14 3.151580226268138501e-14 2.095515335698676109e-14
4.571300130064813857e+03 6.134507644316701299e-14 3.399977872096708892e-14 2.187552774712352236e-14
4.786741261150024911e+03 5.869707009377251651e-14 3.566773847701949843e-14 2.218614944681796734e-14
5.012335932725398379e+03 5.487149234166120550e-14 3.630409082100515322e-14 2.184860872128147702e-14
5.248562671727574525e+03 5.351223448000078788e-14 3.731871070398763586e-14 2.198598279075413391e-14
5.495922557623443936e+03 5.748396314818041304e-14 4.103736592397630904e-14 2.394395663039148888e-14
5.754940285289983876e+03 6.714576304560470108e-14 5.067157657569269671e-14 2.887844594721810692e-14
6.026165277986574438e+03 8.478485220770888439e-14 7.097786332374629786e-14 3.863471198091387549e-14
6.310172852780722678e+03 1.174583909835574169e-13 1.124417676077542713e-13 5.744767286582039562e-14
6.607565440899192254e+03 1.824847349436751879e-13 1.998876953183533246e-13 9.539509183147847466e-14
6.918973865593180562e+03 3.208937626685632024e-13 4.098091673660868216e-13 1.799708202702000247e-13
7.245058680228029516e+03 6.420665627911029969e-13 9.586556499178669728e-13 3.845268923965039653e-13
7.586511569435923775e+03 1.540543204809759051e-12 2.827150343084371761e-12 9.971732682834682662e-13
7.944056816303618689e+03 4.685282813495279235e-12 1.047228353824812418e-11 3.237037459787204088e-12
8.318452838707295086e+03 1.979664157932854855e-11 5.413836649081694827e-11 1.449594535909442148e-11
8.710493798053517821e+03 1.197235285872317460e-10 4.088754155711006787e-10 9.260708528785904189e-11
9.121011283838632153e+03 8.572773521794032042e-10 3.943204677667635588e-09 7.041834641093450322e-10
9.550876077599908967e+03 8.577287420901783976e-09 6.912323883032804742e-08 7.630448795087515253e-09
1.000099999999999818e+04 0.000000000000000000e+00 0.000000000000000000e+00 0.000000000000000000e+00
