1.000000000000000000e+00 2.008356697070490626e-08 3.320323039884701966e-08 1.251415611890424730e-08
1.059253778139711555e+00 1.595304740642590217e-08 2.637426676832852900e-08 9.940388051264992874e-09
1.122018566503253378e+00 1.267208669924553064e-08 2.094982756438030940e-08 7.895982041607928529e-09
1.188502405711474585e+00 1.006590475173341076e-08 1.664104399419431778e-08 6.272044231204314804e-09
1.258925663578015941e+00 7.995713938125646848e-09 1.321844859803045190e-08 4.982093142519127721e-09
1.333521765542056814e+00 6.351282464540837555e-09 1.049979102857282768e-08 3.957441564086114499e-09
1.412537968381962550e+00 5.045045055323575748e-09 8.340284104583793378e-09 3.143524419844410387e-09
1.496236179774386388e+00 4.007450072441526099e-09 6.624922144234365608e-09 2.497001062960508495e-09
1.584893826415347595e+00 3.183249500003897251e-09 5.262364993808956732e-09 1.983446053292184414e-09
1.678804773580761189e+00 2.528556729861145652e-09 4.180044499562512610e-09 1.575511688506769373e-09
1.778280299174404444e+00 2.008510541561417610e-09 3.320326842776151142e-09 1.251475881914954504e-09
1.883650125491904692e+00 1.595420477088864109e-09 2.637430329873794658e-09 9.940842583571385472e-10
1.995263512120642124e+00 1.267288835879925118e-09 2.094985028656457689e-09 7.896296509796651380e-10
2.113490413598100748e+00 1.006653324087283802e-09 1.664105588601955945e-09 6.272289926429995966e-10
2.238722705665849855e+00 7.996258963183731501e-10 1.321846292543430619e-09 4.982306777432907897e-10
2.371375484183709137e+00 6.351755754056493811e-10 1.049980410803666033e-09 3.957627169560073523e-10
2.511888441009481721e+00 5.045451445438259841e-10 8.340289869171635270e-10 3.143683012150938853e-10
2.660727321404763757e+00 4.007797487169088754e-10 6.624929247896274522e-10 2.497136948401831513e-10
2.818385467797550614e+00 3.183540184107267854e-10 5.262367868288063612e-10 1.983559312784451863e-10
2.985385455018614298e+00 2.528795772723575578e-10 4.180048438093394011e-10 1.575605050268880460e-10
3.162280822431809302e+00 2.008731767272011255e-10 3.320331689870818202e-10 1.251562455009571043e-10
3.349657908699648967e+00 1.595635635868557559e-10 2.637435924976983066e-10 9.941685815423860419e-11
3.548137795265668082e+00 1.267491306537442354e-10 2.094989715173091464e-10 7.897089185402813292e-11
3.758378364995465848e+00 1.006827507039797692e-10 1.664110508811257090e-10 6.272973109378964686e-11
3.981076482800000260e+00 7.997675747631008723e-11 1.321851355643077069e-10 4.982863971229687087e-11
4.216970305469054381e+00 6.352986951275816710e-11 1.049983958431518515e-10 3.958110156107674804e-11
4.466841728371069742e+00 5.046571548247518977e-11 8.340327675972950896e-11 3.144123194449264322e-11
4.731518977129175241e+00 4.008794013878363346e-11 6.624960239858422275e-11 2.497528184121227151e-11
5.011879352863823023e+00 3.184407191574014677e-11 5.262400771890231608e-11 1.983900537982537229e-11
5.308852140101416595e+00 2.529604118486756919e-11 4.180076908563151905e-11 1.575922867400726102e-11
5.623421686987520651e+00 2.009458889529444543e-11 3.320357754531763223e-11 1.251848394014894417e-11
5.956630668014320840e+00 1.596258310024866208e-11 2.637455945637268864e-11 9.944131125329209201e-12
6.309583540077044361e+00 1.268043240013216885e-11 2.095009749466630784e-11 7.899259865613435457e-12
6.683450203314746929e+00 1.007327191204469386e-11 1.664128175783288195e-11 6.274937555876744363e-12
7.079469878869768529e+00 8.002118650716684009e-12 1.321865794358551138e-11 4.984608777051599166e-12
7.498955216419090242e+00 6.356984772815793817e-12 1.049997245322576805e-11 3.959680510847191596e-12
7.943296645092419617e+00 5.050076346612249629e-12 8.340447465765065871e-12 3.145500284917113230e-12
8.413966982198642697e+00 4.011926766777779482e-12 6.625067032091375428e-12 2.498758978365684782e-12
8.912526315036698676e+00 3.187226742332154955e-12 5.262492392718393588e-12 1.985007574490374402e-12
9.440627171972225895e+00 2.532106559747341070e-12 4.180161645808248489e-12 1.576905808888069204e-12
1.000001999992000101e+01 2.011666866895121450e-12 3.320433519432992723e-12 1.252715742542712836e-12
1.059255896638794070e+01 1.598248030747920609e-12 2.637521765764434826e-12 9.951943024993167107e-13
1.122020810531410717e+01 1.269810039660351039e-12 2.095071004308272932e-12 7.906199833840979166e-13
1.188504782706778506e+01 1.008901138147795029e-12 1.664182602034665357e-12 6.281119053770935522e-13
1.258928181419271652e+01 8.016218147662460784e-13 1.321914188762193163e-12 4.990144971406451178e-13
1.333524432574919949e+01 6.369495016687087912e-13 1.050040218264295298e-12 3.964591993969626664e-13
1.412540793446599174e+01 5.061228165093292588e-13 8.340846687926660258e-13 3.149880047726119707e-13
1.496239172234776404e+01 4.021858998077747487e-13 6.625414621151529662e-13 2.502657897506254078e-13
1.584896996190321872e+01 3.196105062664586199e-13 5.262812819540902280e-13 1.988493437414143971e-13
1.678808131176878149e+01 2.540016820377503802e-13 4.180450672849664036e-13 1.580011366247623936e-13
1.778283855720776785e+01 2.018725236544906639e-13 3.320693583660991073e-13 1.255486442607003760e-13
1.883653892777087080e+01 1.604527663758710745e-13 2.637756304298161573e-13 9.976590422443877153e-14
1.995267502631704915e+01 1.275409618313018513e-13 2.095284191594926096e-13 7.928176695267285937e-14
2.113494640562019811e+01 1.013887131409946958e-13 1.664375267001794334e-13 6.300684600772595323e-14
2.238727183093351414e+01 8.060755770565413005e-14 1.322090373999717292e-13 5.007620578713734646e-14
2.371380226915706757e+01 6.409234148260186148e-14 1.050203841381525513e-13 3.980186764839436006e-14
2.511893464766269446e+01 5.096636539892617171e-14 8.342303196041809892e-14 3.163767985514620453e-14
2.660732642838122075e+01 4.053444492007737771e-14 6.626791434098505185e-14 2.515050362564756851e-14
2.818391104545939641e+01 3.224259498650607024e-14 5.264086288284195611e-14 1.999539208551224417e-14
2.985391425765641671e+01 2.565123276242772772e-14 4.181609391683795039e-14 1.589857507435513360e-14
3.162287146968157003e+01 2.041116636984973913e-14 3.321769897260277275e-14 1.264266875355031684e-14
3.349664607988670184e+01 1.624515383062798713e-14 2.638749251765735635e-14 1.005494408327128321e-14
3.548144891512873755e+01 1.293246291921551232e-14 2.096208748284640525e-14 7.998082755650636192e-15
3.758385881722129085e+01 1.029802094654071149e-14 1.665234637776651149e-14 6.363038015167351826e-15
3.981084444921117438e+01 8.202645521063558935e-15 1.322881390908915100e-14 5.063176939210445810e-15
4.216978739375930729e+01 6.535831774880096318e-15 1.050931481174274628e-14 4.029716807053594378e-15
4.466850662018793372e+01 5.209753790775754778e-15 8.349087642739927488e-15 3.207994666031362899e-15
4.731528440129277158e+01 4.154372380160511168e-15 6.633048101647346991e-15 2.554470911394540130e-15
5.011889376582433897e+01 3.314398352465992875e-15 5.269830679037926301e-15 2.034698521704985959e-15
5.308862757763228046e+01 2.645653309961874454e-15 4.186963501394860560e-15 1.621231535733567512e-15
5.623432933785908716e+01 2.113067414208138969e-15 3.326685491414961316e-15 1.292248164794673489e-15
5.956642581228004474e+01 1.688826357549785541e-15 2.643262840243371639e-15 1.030452456244197496e-15
6.309596159193648646e+01 1.350745177136098257e-15 2.100332834454458740e-15 8.220661593252156450e-16
6.683463570161686107e+01 1.081235587405910981e-15 1.668992438518731309e-15 6.561543270693403534e-16
7.079484037752892789e+01 8.662913329328514084e-16 1.326294579207887080e-15 5.240193748038029933e-16
7.498970214269533585e+01 6.947913403629032820e-16 1.054038285173785050e-15 4.187581581739087460e-16
7.943312531622163419e+01 5.578807238744966210e-16 8.377090589853647668e-16 3.348704196338380620e-16
8.413983810065295188e+01 4.485194549512219087e-16 6.658191251996460023e-16 2.679911083130706914e-16
8.912544140018032124e+01 3.611064846713458607e-16 5.292315177339434521e-16 2.146476197016141334e-16
9.440646053151047568e+01 2.911868477308866004e-16 4.206906897366411657e-16 1.720795914560414235e-16
1.000003999988000061e+02 2.352152356481582682e-16 3.344349720515319691e-16 1.380921128384047434e-16
1.059258015142113862e+02 1.903693952191516096e-16 2.658812958193927873e-16 1.109382681043349878e-16
1.122023054564055542e+02 1.544014018048098914e-16 2.113930322688413124e-16 8.922875110643893902e-17
1.188507159706835239e+02 1.255214953830745469e-16 1.680817351256990885e-16 7.185844209888261512e-17
1.258930699265563788e+02 1.023051560302494846e-16 1.336515703115658168e-16 5.794810330859164165e-17
1.333527099613116889e+02 8.361593139791500298e-17 1.062808632768270573e-16 4.679791140175772439e-17
1.412543618516886568e+02 6.854696510867277943e-17 8.452153577860757272e-17 3.785033975222719759e-17
1.496242164701151012e+02 5.637577293540721648e-17 6.722181916481626133e-17 3.066145504248730740e-17
1.584900165971634465e+02 4.652513152652917794e-17 5.346720416245945659e-17 2.487759375629977117e-17
1.678811488779710714e+02 3.853354200513267439e-17 4.253086954375441449e-17 2.021682532156218778e-17
1.778287412274262067e+02 3.203207434030665772e-17 3.383640320677934796e-17 1.645476293502240934e-17
1.883657660069804365e+02 2.672488715577009252e-17 2.692433407773676608e-17 1.341211994187107160e-17
1.995271493150748086e+02 2.237443465842574869e-17 2.142998993339713577e-17 1.094601547591205320e-17
2.113498867534393071e+02 1.878972482732503428e-17 1.706309293624710748e-17 8.942416272254888997e-18
2.238731660529809062e+02 1.581694894795416543e-17 1.359275010588490156e-17 7.310371795831587869e-18
2.371384969657189856e+02 1.333199981636675793e-17 1.083516774934615669e-17 5.977301810474896743e-18
2.511898488533105365e+02 1.123528795456503569e-17 8.643985479445743536e-18 4.885373012199555470e-18
2.660737964282121766e+02 9.447752936715895434e-18 6.902727087650578017e-18 3.988583822402240464e-18
2.818396741305601836e+02 7.908289756404430169e-18 5.518701911790406677e-18 3.250429796649243189e-18
2.985397396524612077e+02 6.571982201502651901e-18 4.418091260999192032e-18 2.641985718382200990e-18
3.162293471517152739e+02 5.408312089217688037e-18 3.541985438944187641e-18 2.140282220674844538e-18
3.349671307291087601e+02 4.398750834966716482e-18 2.843663377873564613e-18 1.727126658346718501e-18
3.548151987774273834e+02 3.532977985352292383e-18 2.286082370418486190e-18 1.387969567866886113e-18
3.758393398463825861e+02 2.804149402300297643e-18 1.839967554481822063e-18 1.110984922681008153e-18
3.981092407058160916e+02 2.204528436833424843e-18 1.482280748655163911e-18 8.863301292193118976e-19
4.216987173299673941e+02 1.722909468446465588e-18 1.194976889767150587e-18 7.055919063328395223e-19
4.466859595684380793e+02 1.344389909001106680e-18 9.639635345015172607e-19 5.614143934831992365e-19
4.731537903148308146e+02 1.051860135713500867e-18 7.782250840288261931e-19 4.472928001776152400e-19
5.011899400321092344e+02 8.280104836389897946e-19 6.290805572598885365e-19 3.574830136511660727e-19
5.308873375446275986e+02 6.569374140533497056e-19 5.095695941333454094e-19 2.869724134538577888e-19
5.623444180606788905e+02 5.250471630775590125e-19 4.139841232747925163e-19 2.314738525155168696e-19
5.956654494465514063e+02 4.214002308214055919e-19 3.375501183266741912e-19 1.874216118832035959e-19
6.309608778335493753e+02 3.378086658573486636e-19 2.762545208208229241e-19 1.519732384876747957e-19
6.683476937035359242e+02 2.688392795123847916e-19 2.267851687689770040e-19 1.230140312637178713e-19
7.079498196664336547e+02 2.115588006811910182e-19 1.865352926430090242e-19 9.913028969292426476e-20
7.498985212149971176e+02 1.647353607709702868e-19 1.535955378349405832e-19 7.948526658536667413e-20
7.943328418183681379e+02 1.276452852119797172e-19 1.266527591384204145e-19 6.357354262949686167e-20
8.414000637965608576e+02 9.915931309620731333e-20 1.047694270946003523e-19 5.094360125239489163e-20
8.912561965035012008e+02 7.756310087870127575e-20 8.712874774745768946e-20 4.103406396458148014e-20
9.440664934367624710e+02 6.093048057097288765e-20 7.288835625142208371e-20 3.318757418525243312e-20
1.000005999988000553e+03 4.765769461133546396e-20 6.121969752346246039e-20 2.679701994661408986e-20
1.059260133649669569e+03 3.684648340329618345e-20 5.147805901808289734e-20 2.147518000370159097e-20
1.122025298601189206e+03 2.822326129976975863e-20 4.331715386666126781e-20 1.708896082720487044e-20
1.188509536711647343e+03 2.163145379107004180e-20 3.658040003046308348e-20 1.359323197889833524e-20
1.258933217116890319e+03 1.666856346579470887e-20 3.107429192933689230e-20 1.084903286349315709e-20
1.333529766656648690e+03 1.280414229293997338e-20 2.650438162121710818e-20 8.633391434528612998e-21
1.412546443592822698e+03 9.707169836326200995e-21 2.262536237882038735e-20 6.792794135584198301e-21
1.496245157173511416e+03 7.304558837839160786e-21 1.934243013197827779e-20 5.302209533912543405e-21
1.584903335759287984e+03 5.514373139964713122e-21 1.659401874893657148e-20 4.138953739061580262e-21
1.678814846389257127e+03 4.147904911748918285e-21 1.425832088732590500e-20 3.213160584219501227e-21
1.778290968834861360e+03 3.080112825952647839e-21 1.223541897468423800e-20 2.460670083507133021e-21
1.883661427370054525e+03 2.281136701356568325e-21 1.048848297166297587e-20 1.873639470936277293e-21
1.995275483677773536e+03 1.686905889853606372e-21 8.982500514725605646e-21 1.420194568406383316e-21
2.113503094515221164e+03 1.231888372634789424e-21 7.674378396200116581e-21 1.061497230979001066e-21
2.238736137975219208e+03 8.965808788400367214e-22 6.534474219687350524e-21 7.884054903328416705e-22
2.371389712408159539e+03 6.495215975102828867e-22 5.549727186204507408e-21 5.814684639208438038e-22
2.511903512309986127e+03 4.666059795648043135e-22 4.700943233930457535e-21 4.244736009128423134e-22
2.660743285736766211e+03 3.344903536777077882e-22 3.975284182129898901e-21 3.085298780718830436e-22
2.818402378076538753e+03 2.379682794849848033e-22 3.363913973951827976e-21 2.222462491529243475e-22
2.985403367295520638e+03 1.691680959985507377e-22 2.851502742755541148e-21 1.596940929603452898e-22
3.162299796078799318e+03 1.199442938017802967e-22 2.428122210477668532e-21 1.142981956361925476e-22
3.349678006606906365e+03 8.520462703285645340e-23 2.079858553477647007e-21 8.185145538726209058e-23
3.548159084049862486e+03 6.074896377566496244e-23 1.795464495597483950e-21 5.876081064533299187e-23
3.758400915220557636e+03 4.369259601553429824e-23 1.563944384119342317e-21 4.250511216802008868e-23
3.981100369211124416e+03 3.179327675462837988e-23 1.375403155267151879e-21 3.107496023264564897e-23
4.216995607240287427e+03 2.349219791997687398e-23 1.221647365861250230e-21 2.304896779608986853e-23
4.466868529367839983e+03 1.765151309036671814e-23 1.095720338343960484e-21 1.737166416659700578e-23
4.731547366186259751e+03 1.346995625899240744e-23 9.920070377758852273e-22 1.328950486856220991e-23
5.011909424079800374e+03 1.042368632434972646e-23 9.061077015911927378e-22 1.030513802581786157e-23
5.308883993150553579e+03 8.167510184138635972e-24 8.346342801582210360e-22 8.088359637269353839e-24
5.623455427450166098e+03 6.511804148517780798e-24 7.750549953532208233e-22 6.457549549556199277e-24
5.956666407726853322e+03 5.321959118780149767e-24 7.255376242511037411e-22 5.283205780236824222e-24
6.309621397502571199e+03 4.471383139947262303e-24 6.848011973594168248e-22 4.442376811029143442e-24
6.683490303935769589e+03 3.877917252675595872e-24 6.519930812603718570e-22 3.854988594063318954e-24
7.079512355604090772e+03 3.482263421137832854e-24 6.266010319227820123e-22 3.463018094966194007e-24
7.499000210060407881e+03 3.216250717835858282e-24 6.084039116284117892e-22 3.199337821046619392e-24
7.943344304776975150e+03 3.046529185646694569e-24 5.974600390799059321e-22 3.031073334587805545e-24
8.414017465899569288e+03 2.950688345060926502e-24 5.941317525484197930e-22 2.936106503235784670e-24
8.912579790087645961e+03 2.914701193370507881e-24 5.991488565057995768e-22 2.900590585050180983e-24
9.440683815621974645e+03 2.930410911210463307e-24 6.137212199284576819e-22 2.916485207167731165e-24
1.000007999992000077e+04 3.008972835837363609e-24 6.397222207496742308e-22 2.994886204260794992e-24
1.059262252161462311e+04 3.161244159874575783e-24 6.799827955851763681e-22 3.146615525125642224e-24
1.122027542642810840e+04 3.397747036462054913e-24 7.387666653934596961e-22 3.382191608674850218e-24
1.188511913721213386e+04 3.740417386915108346e-24 8.225530518521043324e-22 3.723485482272050063e-24
1.258935734973253784e+04 4.226932568316928934e-24 9.413585012100460014e-22 4.208037439120927638e-24
1.333532433705513176e+04 4.931387637329892365e-24 1.111035592463528447e-21 4.909596146664629305e-24
1.412549268674408813e+04 5.955378089664020388e-24 1.357404957544488109e-21 5.929364036545514365e-24
1.496248149651856693e+04 7.458427027708729912e-24 1.723961273886342525e-21 7.426298403032524934e-24
1.584906505553281204e+04 9.735608202846069434e-24 2.286842483702752992e-21 9.694337206047230168e-24
1.678818204005520238e+04 1.334739287640266235e-23 3.185249323584108494e-21 1.329169567153771704e-23
1.778294525402571890e+04 1.931277651720644633e-23 4.686425501968753853e-21 1.923351513148323451e-23
1.883665194677839099e+04 2.967748039197843361e-23 7.332359847814517606e-21 2.955784600231814163e-23
1.995279474212779678e+04 4.886808680578482055e-23 1.229197563775133792e-20 4.867457573301224494e-23
2.113507321504503489e+04 8.685541924892585134e-23 2.226646891333501828e-20 8.651793638773413431e-23
2.238740615429586614e+04 1.682851142811047618e-22 4.400096592026993490e-20 1.676439469752237501e-22
2.371394455168611967e+04 3.595150635105424823e-22 9.587232854667494387e-20 3.581719417740977688e-22
2.511908536096914395e+04 8.567354992919782793e-22 2.331073329416959461e-19 8.535982837330334425e-22
2.660748607202053245e+04 2.309329667906624242e-21 6.410685908291162281e-19 2.301040599623158862e-21
2.818408014858749084e+04 7.146483909093542184e-21 2.024488670614463070e-18 7.121345422909535502e-21
2.985409338078373548e+04 2.583566462919952626e-20 7.467508730149398175e-18 2.574658803913947838e-20
3.162306120653091421e+04 1.112051119303601234e-19 3.279316563046370817e-17 1.108292780626876313e-19
3.349684705936120736e+04 5.822823375718675672e-19 1.751692525900369166e-16 5.803531782004412287e-19
3.548166180339650600e+04 3.799142761848149609e-18 1.165913043755774354e-15 3.786803413851892848e-18
3.758408431992323312e+04 3.173125326867831428e-17 9.934870729541973474e-15 3.163022862299289896e-17
3.981108331380016170e+04 3.496516609149544229e-16 1.117234076176706307e-13 3.485607985367205503e-16
4.217004041197763581e+04 5.257920939166150240e-15 1.715654212472748754e-12 5.241856358025850546e-15
4.466877463069161604e+04 1.120617838133802723e-13 3.738111130539738862e-11 1.117268470140446402e-13
4.731556829243147513e+04 3.531610159935003622e-12 1.206377313074742353e-09 3.521301722595429314e-12
5.011919447858556669e+04 1.888432991623110749e-10 6.213863064281289928e-08 1.882711310736170582e-10
5.308894610876071238e+04 1.364307779897346501e-07 1.239875692322235494e-04 1.362808202282916417e-07
5.623466674316030549e+04 2.829068909316118292e-04 1.533907140879251230e-01 2.823860708427326977e-04
5.956678321012012748e+04 1.285493149298786060e-02 6.335077016642988390e+00 1.282889950886460101e-02
6.309634016694899037e+04 8.683407085584673446e-01 4.192736728217529958e+02 8.665460401800205714e-01
6.683503670862913714e+04 9.871498912224940625e+01 4.786479921115288744e+04 9.851182116760963936e+01
7.079526514572169981e+04 2.352874991580910137e+04 1.147378245181373693e+07 2.348059934713375696e+04
7.499015208000832354e+04 1.495669700371989980e+07 5.632315119795188904e+09 1.491708446291822754e+07
7.943360191402034252e+04 5.298221607195980072e+10 2.949974323078752500e+15 5.298126451628610992e+10
8.414034293867184897e+04 0.000000000000000000e+00 0.000000000000000000e+00 0.000000000000000000e+00
8.912597615175931423e+04 0.000000000000000000e+00 0.000000000000000000e+00 0.000000000000000000e+00
9.440702696914084663e+04 0.000000000000000000e+00 0.000000000000000000e+00 0.000000000000000000e+00
1.000010000000000582e+05 0.000000000000000000e+00 0.000000000000000000e+00 0.000000000000000000e+00
