1.000000000000000000e+00 6.326899156226867873e-07 4.049601287701508047e-05 6.229571377291351245e-07
1.042343452601165010e+00 5.823459068517739978e-07 3.727291973619659105e-05 5.733873973956585215e-07
1.086479873180516975e+00 5.360009813989253009e-07 3.430649698204559108e-05 5.277553885495827243e-07
1.132485182192656037e+00 4.933441171850131198e-07 3.157636408097545491e-05 4.857547616331275656e-07
1.180438514826352314e+00 4.540813865651813034e-07 2.906367018298990339e-05 4.470961016209979878e-07
1.230422357127491484e+00 4.179414173380188744e-07 2.675029873167261794e-05 4.115120340813756498e-07
1.282522687885933044e+00 3.846789259733824621e-07 2.462174784447274307e-05 3.787613321705396541e-07
1.336829126530349798e+00 3.540623440702520273e-07 2.266193771716963206e-05 3.486156920388404286e-07
1.393435087285444407e+00 3.258830207215057353e-07 2.085874404223310449e-05 3.208699637118648179e-07
1.452437939856715765e+00 2.999457056788577517e-07 1.919845569251608179e-05 2.953316132454381854e-07
1.513939176919172347e+00 2.760725338355493377e-07 1.767032017920319354e-05 2.718256612101103899e-07
1.578044588698096051e+00 2.540996712202611803e-07 1.626429294046845123e-05 2.501908984702687424e-07
1.644864444942158777e+00 2.338752271604048504e-07 1.496970632505090581e-05 2.302775471209029057e-07
1.714513684601908450e+00 2.152603443401839300e-07 1.377816400812749577e-05 2.119490021927357511e-07
1.787112113539898184e+00 1.981270620285499580e-07 1.268146747582930996e-05 1.950792694452755514e-07
1.862784610612542746e+00 1.823573360630807646e-07 1.167235907882670695e-05 1.795521911020207742e-07
1.941661342478194330e+00 1.678426422880148143e-07 1.074327359458165059e-05 1.652607659741112435e-07
2.023877987500934061e+00 1.544844553441383211e-07 9.888147491040798020e-06 1.521080417634767380e-07
2.109575969135220941e+00 1.421899918394738649e-07 9.101103396432534012e-06 1.400026768933787543e-07
2.198902699192854637e+00 1.308743639835110029e-07 8.376899558513596403e-06 1.288611347529132547e-07
2.292011831410701195e+00 1.204592340762592319e-07 7.710189819435180026e-06 1.186062041453964568e-07
2.389063525755349193e+00 1.108728307819752930e-07 7.096564106222225002e-06 1.091672612829907906e-07
2.490224723919343131e+00 1.020489555829377077e-07 6.531695246350236672e-06 1.004791046784464472e-07
2.595669436482870740e+00 9.392749437534954463e-08 6.011874037176665383e-06 9.248257774089275330e-08
2.705579042234875775e+00 8.645207778093207122e-08 5.533343339925986381e-06 8.512214293506717101e-08
2.820142600168453750e+00 7.957165449256155201e-08 5.093050780189619507e-06 7.834758521655365883e-08
2.939557174687212449e+00 7.323859827302101552e-08 4.687654244929978292e-06 7.211194147698435823e-08
3.064028174581995057e+00 6.741072007890977201e-08 4.314532586058724145e-06 6.637369041784770207e-08
3.193769706361041738e+00 6.204743354529352237e-08 3.971231422135007776e-06 6.109290395601516627e-08
3.329004942541377243e+00 5.711031627828979095e-08 3.655195181697374034e-06 5.623172796512837108e-08
3.469966505534922252e+00 5.256569626999607118e-08 3.364246794040609337e-06 5.175700324625384795e-08
3.616896867789669567e+00 4.838298288951938345e-08 3.096534151941423570e-06 4.763863480881443331e-08
3.770048768874223466e+00 4.453290107495819788e-08 2.850091794536054670e-06 4.384777623609427890e-08
3.929685650223130100e+00 4.098900296678093773e-08 2.623303527188306992e-06 4.035840465777581598e-08
4.096082108290830526e+00 3.772767835323500208e-08 2.414511055147937165e-06 3.714723824580185231e-08
4.269524366893723055e+00 3.472611458027109011e-08 2.222407053420219143e-06 3.419185144908402569e-08
4.450310769552807244e+00 3.196328677922652211e-08 2.045544346614590034e-06 3.147151881394491945e-08
4.638752292683820500e+00 2.942015496159719163e-08 1.882718961585033643e-06 2.896749672639117603e-08
4.835173080517622068e+00 2.707941240959508294e-08 1.732928600834065876e-06 2.666276966085129156e-08
5.039911002670948825e+00 2.492519216420729758e-08 1.594988647618501532e-06 2.454167472694285696e-08
5.253318235326636554e+00 2.294252722307002480e-08 1.468056118837332334e-06 2.258950238513869046e-08
5.475761867023024365e+00 2.111765312034105071e-08 1.351213249905703499e-06 2.079269120894803336e-08
5.707624530094580706e+00 1.943795452515374068e-08 1.243731971362785360e-06 1.913883873053383050e-08
5.949305058849887473e+00 1.789171550197038324e-08 1.144765800061565807e-06 1.761638637080462501e-08
6.201219175619169022e+00 1.646878620049954242e-08 1.053642945896268636e-06 1.621533517217903833e-08
6.463800205851433667e+00 1.515914863360333690e-08 9.698207651718518219e-07 1.492584459960750698e-08
6.737499823491305051e+00 1.395356099333710758e-08 8.926275840641355784e-07 1.373879603219020929e-08
7.022788827917666232e+00 1.284389307693628024e-08 8.215876882328096702e-07 1.264619491561688754e-08
7.320157953780587867e+00 1.182288016471285648e-08 7.562258306029882003e-07 1.164088585441781679e-08
7.630118715129537321e+00 1.088295623793658889e-08 6.960439678690418493e-07 1.071541595557082625e-08
7.953204285284886765e+00 1.001772891945209050e-08 6.406570962922062182e-07 9.863496899378188432e-09
8.289970413966230467e+00 9.221541339514653593e-09 5.896950708507624894e-07 9.079556924747139858e-09
8.640996383255068025e+00 8.488594737230900370e-09 5.427625659016832596e-07 8.357880743759342819e-09
9.006886004036267934e+00 7.813964002851951459e-09 4.995766319490311581e-07 7.693626665256406929e-09
9.388268654632273780e+00 7.193212245047139567e-09 4.598201688107270750e-07 7.082418198235625695e-09
9.785800363416699454e+00 6.621730759956847351e-09 4.232433927308408779e-07 6.519728257634052401e-09
1.020016493726949491e+01 6.095730225244186271e-09 3.895694951719734515e-07 6.001817683545199187e-09
1.063207513781483016e+01 5.611627652533105447e-09 3.585632653914456765e-07 5.525157207941332077e-09
1.108227390746491814e+01 5.166047128883652138e-09 3.300255296393691407e-07 5.086426861587082752e-09
1.155153564737878646e+01 4.755939178959930070e-09 3.037747412190780496e-07 4.682627320817378154e-09
1.204066754953423946e+01 4.378399524161400935e-09 2.796118102431495442e-07 4.310895850676022861e-09
1.255051098520432262e+01 4.031014402495510723e-09 2.573552308629632327e-07 3.968849397995660121e-09
1.308194295222672210e+01 3.711246137211191326e-09 2.368794380556136824e-07 3.653998085661838009e-09
1.363587758355547841e+01 3.416890006190230284e-09 2.180386392793323269e-07 3.364169998014909607e-09
1.421326771969004987e+01 3.145999796419906920e-09 2.006792556033444718e-07 3.097441953577211431e-09
1.481510654768641366e+01 2.896637151280394069e-09 1.847185466120855114e-07 2.851915255014468907e-09
1.544242930956958304e+01 2.667202259673725420e-09 1.700185772642845063e-07 2.626006233494733523e-09
1.609631508308618564e+01 2.455925834097027695e-09 1.564988480281181406e-07 2.417980627696284285e-09
1.677788863786025431e+01 2.261503901167841402e-09 1.440402770195031027e-07 2.226546022577350840e-09
1.748832237014511648e+01 2.082571948748010420e-09 1.325804636153081044e-07 2.050364848235643022e-09
1.822883831949924982e+01 1.917872200701448740e-09 1.220369441406652576e-07 1.888198212333834927e-09
1.900071027085526509e+01 1.766263157357511018e-09 1.123226410992016143e-07 1.738918819524069583e-09
1.980526594559769649e+01 1.626714851189883342e-09 1.033893760194152402e-07 1.601516796442804365e-09
2.064388928541858093e+01 1.498311297629852269e-09 9.516262022821442055e-08 1.475086436156165295e-09
2.151802283287939943e+01 1.380131915615966475e-09 8.758861346488808077e-08 1.358722553301645325e-09
2.242917021277420631e+01 1.271319231005274866e-09 8.061887338582443857e-08 1.251582403731141952e-09
2.337889871856227231e+01 1.171190146580317693e-09 7.420563498080775113e-08 1.152992426563208314e-09
2.436884200831915237e+01 1.079013724345159085e-09 6.830223055784425132e-08 1.062232955574425436e-09
2.540070291484369136e+01 9.941918895788740776e-10 6.286441669986082698e-08 9.787136708212565888e-10
2.647625637475465155e+01 9.161119679109257300e-10 5.786329797354372901e-08 9.018338195153303065e-10
2.759735248161536703e+01 8.442444161259553480e-10 5.325598341039569680e-08 8.310698203285889473e-10
2.876591966833829161e+01 7.780967839203338587e-10 4.902040350780645363e-08 7.659390964076488636e-10
2.998396802434348274e+01 7.172245590396865047e-10 4.511779038876003833e-08 7.060014565998701963e-10
3.125359275317711649e+01 6.611952006810108416e-10 4.152936618051645064e-08 6.508331889160185388e-10
3.257697777653739024e+01 6.096158720964752178e-10 3.822173959098230140e-08 6.000454744866031315e-10
3.395639949090740828e+01 5.621636674398603518e-10 3.517885495233062386e-08 5.533215022975770457e-10
3.539423068325686472e+01 5.184855350691380291e-10 3.237876602598765223e-08 5.103138113743183843e-10
3.689294461254805668e+01 4.782616042043465240e-10 2.979992464767259049e-08 4.707071833366851580e-10
3.845511926406689440e+01 4.412667634273021084e-10 2.742726614800986895e-08 4.342798022864200248e-10
4.008344178389703671e+01 4.072156497436050551e-10 2.524335286789148711e-08 4.007508969143607826e-10
4.178071310116503412e+01 3.758635086785905570e-10 2.323351964814542603e-08 3.698797277293899480e-10
4.354985274600709744e+01 3.470275061780285361e-10 2.138268331064445486e-08 3.414854126334191272e-10
4.539390387154536199e+01 3.204883101134049789e-10 1.967909636425931047e-08 3.153525656171224414e-10
4.731603848851198535e+01 2.960471135830788468e-10 1.811021197663203466e-08 2.912854782593935231e-10
4.931956292152518984e+01 2.735643498304960881e-10 1.666630258437247273e-08 2.691465197620037009e-10
5.140792349640297232e+01 2.528763992638568173e-10 1.533837197328724526e-08 2.487749654481250977e-10
5.358471246829720513e+01 2.338357763945149349e-10 1.411578972134299980e-08 2.300252818049072390e-10
5.585367420084560308e+01 2.163185170010868888e-10 1.298926277494780028e-08 2.127750379399964017e-10
5.821871160697001812e+01 2.001960201285580010e-10 1.195339687625675364e-08 1.968983577157225371e-10
6.068389286240065417e+01 1.853757637913706462e-10 1.099862816380479028e-08 1.823031456106454395e-10
6.325345840347389270e+01 1.717275822040224417e-10 1.012026421452438709e-08 1.688622124027159925e-10
6.593182822124114750e+01 1.591793842381196748e-10 9.312404115967896905e-09 1.565042163144165270e-10
6.872360946443542673e+01 1.476438291919254447e-10 8.568421967554899146e-09 1.451428498731838866e-10
7.163360436437373835e+01 1.370301263270104740e-10 7.883659531057512180e-09 1.346890239625886705e-10
7.466681849542716520e+01 1.272569824990569445e-10 7.252673168902673155e-09 1.250626067715726698e-10
7.782846938526807890e+01 1.182891973014040209e-10 6.672313181087338210e-09 1.162286534175887165e-10
8.112399548970439866e+01 1.100419531548282793e-10 6.138161984629126004e-09 1.081039191894349851e-10
8.455906554753981652e+01 1.024583864962183079e-10 5.646292339095437914e-09 1.006322991488098002e-10
8.813958833155088257e+01 9.549505336103397769e-11 5.193503606761472570e-09 9.377085076571407739e-11
9.187172281235410765e+01 8.910087126788229916e-11 4.776755296930308041e-09 8.746930531396395169e-11
9.576188875264639933e+01 8.322840816615802342e-11 4.393321689661806549e-09 8.168101837390850279e-11
9.981677775004206410e+01 7.784222602767669278e-11 4.040576560537693143e-09 7.637093025447601257e-11
1.040433647475019967e+02 7.289586994212869513e-11 3.715560960137767422e-09 7.149323871444022329e-11
1.084489200311536194e+02 6.837186738019377180e-11 3.416607853005203403e-09 6.703047872828568198e-11
1.130410217361402516e+02 6.422759989475214145e-11 3.141481188717805447e-09 6.294077540124417626e-11
1.178275688820117182e+02 6.043629156138116517e-11 2.888541992472209595e-09 5.919771162423209803e-11
1.228167949600777575e+02 5.696392292881297138e-11 2.655784530186589841e-09 5.576776022831886226e-11
1.280172820960967499e+02 5.380008263928640055e-11 2.441787991980102099e-09 5.264025625550490269e-11
1.334379758126628701e+02 5.090989183905148501e-11 2.245026799555229808e-09 4.978102051747773761e-11
1.390882004166816728e+02 4.829416915073509851e-11 2.064205440871945356e-09 4.719010893557852016e-11
1.449776750384068578e+02 4.590638200471225899e-11 1.898081452559665916e-09 4.482232382734470139e-11
1.511165303496226784e+02 4.375249522748620693e-11 1.745568716857463601e-09 4.268265889754036711e-11
1.575153259897343503e+02 4.180107966470485603e-11 1.605613450191453087e-09 4.074042964039823660e-11
1.641850687297378215e+02 4.004638133248851537e-11 1.477224365035837288e-09 3.898940935720614788e-11
1.711372314053143953e+02 3.846608760245233279e-11 1.359683093452924139e-09 3.740780289615035783e-11
1.783837726516200348e+02 3.705434373494376750e-11 1.252057483410701887e-09 3.598925041975208124e-11
1.859371574737108119e+02 3.579400533924602540e-11 1.153624847002435691e-09 3.471683154491480267e-11
1.938103786879943584e+02 3.466664293413170709e-11 1.063791445084005185e-09 3.357258559554826249e-11
2.020169792715831818e+02 3.366477261462123040e-11 9.819431146295413134e-10 3.254887254193728022e-11
2.105710756579998986e+02 3.277045866887686755e-11 9.074901277590658701e-10 3.162832533172579922e-11
2.194873820193008669e+02 3.195989364323592475e-11 8.401192754040564983e-10 3.078862979708440335e-11
2.287812355763888092e+02 3.120837198008963197e-11 7.791592098793147852e-10 3.000649458093101255e-11
2.384686229810537270e+02 3.049904864786201904e-11 7.241232907698769021e-10 2.926638971393438035e-11
2.485662078151169396e+02 2.980111585469654994e-11 6.749516461092097221e-10 2.854094838304281416e-11
2.590913592539878323e+02 2.907690186009446113e-11 6.307482300771940382e-10 2.779555293769252217e-11
2.700621819439303408e+02 2.829680680381533850e-11 5.913445911290315589e-10 2.700459282656389295e-11
2.814975471444402046e+02 2.743052660879100363e-11 5.561501217612459931e-10 2.614118675124575152e-11
2.934171251892951773e+02 2.645078689834807998e-11 5.249619039752429783e-10 2.518196567039739452e-11
3.058414193221180426e+02 2.533453490182909212e-11 4.972243401896871591e-10 2.410627395500354514e-11
3.187918009646573410e+02 2.408270831804476604e-11 4.725537799490027355e-10 2.291489875585214180e-11
3.322905464784441847e+02 2.271252209399915063e-11 4.504391153228746335e-10 2.162226134231565081e-11
3.463608754830696057e+02 2.125567463491874806e-11 4.303363888593878649e-10 2.025520598033349154e-11
3.610269907969848191e+02 1.975908822891084628e-11 4.111383593591828416e-10 1.885302213401232704e-11
3.763141200695379780e+02 1.826860850108140616e-11 3.928115799553900650e-10 1.745674243227638431e-11
3.922485591758517671e+02 1.683826621285394499e-11 3.744224942065435252e-10 1.611361595978225230e-11
4.088577174491895221e+02 1.551170791001583925e-11 3.559406131678450009e-10 1.486394487655988912e-11
4.261701648286200452e+02 1.431828184605280772e-11 3.371354115145604234e-10 1.373495266529314142e-11
4.442156810030711540e+02 1.327374414224294530e-11 3.182160668976119960e-10 1.274222770437407232e-11
4.630253066363192147e+02 1.238293578486233806e-11 2.997523155933790439e-10 1.189168368188787215e-11
4.826313967610138320e+02 1.164500714192450048e-11 2.824452465781132214e-10 1.118390314537871785e-11
5.030676764335976827e+02 1.104027888629999161e-11 2.664759190604264969e-10 1.060106935983235284e-11
5.243692987458422294e+02 1.055120886466839539e-11 2.525831127487450286e-10 1.012812453335331941e-11
5.465729052927925977e+02 1.014541015449550547e-11 2.412797186256909165e-10 9.736026463603856415e-12
5.697166892011393884e+02 9.786950456863443762e-12 2.330123190819931468e-10 9.392450096845800469e-12
5.938404608264202125e+02 9.435035168130986569e-12 2.279727189018984875e-10 9.060068946102662597e-12
6.189857162320780617e+02 9.051978279692370424e-12 2.259459195721326365e-10 8.703301497793292900e-12
6.451957085681489161e+02 8.615776274700402835e-12 2.265755384730432187e-10 8.300154072004236830e-12
6.725155224723790752e+02 8.124244197220714466e-12 2.285164430795332589e-10 7.845326211748152892e-12
7.009921516217362978e+02 7.600956665404794212e-12 2.300978515726383383e-10 7.357898895542089168e-12
7.306745795677196611e+02 7.087735103556311428e-12 2.294875464758724238e-10 6.875388367401977034e-12
7.616138639945219211e+02 6.624819303502549727e-12 2.259193038691785871e-10 6.436088536174278538e-12
7.938632245449637139e+02 6.242075893881524794e-12 2.200632041951123663e-10 6.069903545761081291e-12
8.274781343652917940e+02 5.945371666826914223e-12 2.142284685232317401e-10 5.784828324229103557e-12
8.625164155262885970e+02 5.717936673231647256e-12 2.110448484045257342e-10 5.567104509918378353e-12
8.990383384848522610e+02 5.529442712265720746e-12 2.124307223807972739e-10 5.389165993833369604e-12
9.371067257571163509e+02 5.336950151390890346e-12 2.188432816119912478e-10 5.209895965148034490e-12
9.767870599814451680e+02 5.114516258538254569e-12 2.292027148682627675e-10 5.002880095747066069e-12
1.018147596557201382e+03 4.872436178883641249e-12 2.405282020803990391e-10 4.775693829370227827e-12
1.061259481053010859e+03 4.654777418469656866e-12 2.492836239334716880e-10 4.569453762417076995e-12
1.106196871586516636e+03 4.514233685908180525e-12 2.533484364052733265e-10 4.435205939225102251e-12
1.153037066386096740e+03 4.478852939631979798e-12 2.540150065762098705e-10 4.401249070463007563e-12
1.201860636754002144e+03 4.531978123374527865e-12 2.558025952873159287e-10 4.453084162262630894e-12
1.252751565659601965e+03 4.602155281829306484e-12 2.629732576879773701e-10 4.523000650232196611e-12
1.305797392201143793e+03 4.611170305352828119e-12 2.767639942646150790e-10 4.535602542940448103e-12
1.361089362184538686e+03 4.541265394904071306e-12 2.948952713019024166e-10 4.472392398928183005e-12
1.418722585078148768e+03 4.466130533825170542e-12 3.113521403217245941e-10 4.402972940405603419e-12
1.478796197613608456e+03 4.448509667747462757e-12 3.214999330669505074e-10 4.387796881093194304e-12
1.541413534314042636e+03 4.458341753596266228e-12 3.299291893290009382e-10 4.398899312284212261e-12
1.606682305243062729e+03 4.404674837639888053e-12 3.439206886971253535e-10 4.348976452002800844e-12
1.674714781280253874e+03 4.298981005018220126e-12 3.650987115917576662e-10 4.248950271064283271e-12
1.745627987241863821e+03 4.240444802444859526e-12 3.882423827330233028e-10 4.194630384944117821e-12
1.819543903178907613e+03 4.207943096257753436e-12 4.061704487593925457e-10 4.164795636613796831e-12
1.896589674198901548e+03 4.026198753641954296e-12 4.218403577996869190e-10 3.988134538092786471e-12
1.976897829172202819e+03 3.607475896470229635e-12 4.411549852494228188e-10 3.578215598040176443e-12
2.060606508699101141e+03 3.220981476612583270e-12 4.664787186401496196e-10 3.198893487903834894e-12
2.147859702729852415e+03 3.038697673501689384e-12 4.989074496635608301e-10 3.020301908139346813e-12
2.238807498246347677e+03 3.086154281464134341e-12 5.436172862392940224e-10 3.068732865129297810e-12
2.333606337431473548e+03 3.183176942155915751e-12 6.115982732665438739e-10 3.166695287672629456e-12
2.432419286770282724e+03 3.279834669606374514e-12 7.065985164546823298e-10 3.264680924682452621e-12
2.535416317545798393e+03 3.443025654063393932e-12 8.410294876918819988e-10 3.428987985024802131e-12
2.642774598212020919e+03 3.858687873046006709e-12 1.072082705830706715e-09 3.844849319953130496e-12
2.754678799146972779e+03 4.328163294570217523e-12 1.420043709919023540e-09 4.315011534235186671e-12
2.871321410310085412e+03 5.292206301629710606e-12 1.953939606104482340e-09 5.277911184859115988e-12
2.992903072350262391e+03 6.447794859897385168e-12 3.023785195252432111e-09 6.434075103465791430e-12
3.119632921734205411e+03 7.989430779435786589e-12 4.791977150195319006e-09 7.976132560978933728e-12
3.251728950488693499e+03 1.084340693458945433e-11 8.051350434663236460e-09 1.082882288014233422e-11
3.389418381175546074e+03 1.555617114013445332e-11 1.670351469448827823e-08 1.554169698289891910e-11
3.532938057744372145e+03 2.693874409049146669e-11 3.585426615297265149e-08 2.691851913050879649e-11
3.682534852935320941e+03 5.321819032447045540e-11 1.426507217058887421e-07 5.319834381018729940e-11
3.838466092932727861e+03 1.837730670639775563e-10 1.246457530971107967e-06 1.837459762399620866e-10
4.001000000000001819e+03 0.000000000000000000e+00 0.000000000000000000e+00 0.000000000000000000e+00
