1.000000000000000000e+00 2.008356701802682384e-08 3.320323039887367473e-08 1.251415613728119288e-08
1.050764177711297709e+00 1.818999801515665415e-08 3.007252332719692688e-08 1.133424289527158460e-08
1.104105357161299317e+00 1.647501689780117266e-08 2.723701069910766344e-08 1.026560048075012653e-08
1.160154357724231255e+00 1.492173906213127526e-08 2.466885960093294623e-08 9.297719619200701564e-09
1.219048639712280613e+00 1.351490751586818376e-08 2.234285994904651667e-08 8.421095544969877920e-09
1.280932641497350311e+00 1.224070383833614220e-08 2.023617818169368960e-08 7.627119616628903981e-09
1.345958133746523622e+00 1.108662529069312287e-08 1.832812293834946123e-08 6.907998318292989237e-09
1.414284591639998645e+00 1.004134820074403791e-08 1.659998695364058208e-08 6.256677758955342745e-09
1.486079585984361406e+00 9.094613694583722916e-09 1.503478589449229552e-08 5.666762207920309642e-09
1.561519194180403192e+00 8.237132811897656938e-09 1.361716650152975696e-08 5.132464206981400205e-09
1.640788432053379431e+00 7.460493391712209849e-09 1.233322080193677184e-08 4.648542026584370145e-09
1.724081707604778524e+00 6.757072255555698622e-09 1.117033011940271682e-08 4.210243411541062113e-09
1.811603297798424883e+00 6.119969091702823867e-09 1.011708753426446494e-08 3.813268896822728612e-09
1.903567849550236835e+00 5.542931802876380127e-09 9.163159213986697901e-09 3.453723124913765289e-09
2.000200906150317870e+00 5.020297191202493360e-09 8.299171266631149031e-09 3.128075743493545477e-09
2.101739460408431182e+00 4.546976568288027890e-09 7.516648658118630552e-09 2.833147141019028986e-09
2.208432535879451208e+00 4.118300166340509407e-09 6.807909984095957922e-09 2.566033092344797293e-09
2.320541797594247502e+00 3.730040616035465957e-09 6.166000808928129950e-09 2.324104403786291480e-09
2.438342193793815671e+00 3.378384191994439497e-09 5.584614640675734391e-09 2.104984522777063875e-09
2.562122630240520227e+00 3.059875972842911014e-09 5.058045450189809123e-09 1.906521501756696920e-09
2.692186678760187579e+00 2.771391547980627089e-09 4.581127582136847666e-09 1.726768477126306181e-09
2.828853321752757388e+00 2.510101663596490105e-09 4.149176527612241405e-09 1.563961529383800526e-09
2.972457734497409021e+00 2.273441681429428480e-09 3.757955089852949170e-09 1.416503019481352411e-09
3.123352107170756842e+00 2.059110499508876907e-09 3.403621846251094678e-09 1.282953847338535406e-09
3.281906508594128358e+00 1.864999959078287015e-09 3.082698901357800613e-09 1.162001465136915070e-09
3.448509793828264947e+00 1.689189712332069873e-09 2.792034925062685652e-09 1.052452633713454429e-09
3.623570557841313544e+00 1.529951090324624727e-09 2.528777763350783734e-09 9.532310325987122433e-10
3.807518137588995710e+00 1.385719727449305124e-09 2.290341394661844309e-09 8.633619376148963196e-10
4.000803664964552198e+00 1.255081782750141694e-09 2.074389156567067168e-09 7.819644887111331822e-10
4.203901173200823571e+00 1.136774374151694170e-09 1.878796897108772986e-09 7.082466221984694109e-10
4.417308759437922561e+00 1.029625978985252018e-09 1.701648410526712799e-09 6.414812870157399715e-10
4.641549806307700976e+00 9.325758422629026750e-10 1.541201901474620253e-09 5.810092135412884557e-10
4.877174265530944020e+00 8.446716766472375006e-10 1.395883940753881364e-09 5.262371616595538503e-10
5.124760006675324497e+00 7.650545709986639928e-10 1.264268659174570783e-09 4.766291058469224992e-10
5.384914234381941611e+00 6.929536588109731980e-10 1.145063091915112425e-09 4.317020825835946041e-10
5.658274977536201789e+00 6.276483769620571079e-10 1.037097083324796726e-09 3.910101073281973684e-10
5.945512654035238320e+00 5.684948227432302827e-10 9.393107309716482039e-10 3.541526201365336564e-10
6.247331714989451612e+00 5.149222198431845271e-10 8.507454790693890444e-10 3.207718473189188205e-10
6.564472372390602217e+00 4.664043160478960291e-10 7.705298780395506277e-10 2.905396766289886090e-10
6.897712414483541998e+00 4.224562064814006098e-10 6.978787403141366698e-10 2.631563052285419175e-10
7.247869113293808674e+00 3.826537543255002760e-10 6.320768595390928171e-10 2.383554610654337879e-10
7.615801228989280247e+00 3.466058017026333769e-10 5.724802961122573916e-10 2.158938019677388716e-10
8.002411115991611368e+00 3.139531514936958230e-10 5.185024562596190513e-10 1.955485417886313243e-10
8.408646936002671879e+00 2.843828099360144369e-10 4.696142313464860680e-10 1.771229956938490579e-10
8.835504983373470012e+00 2.575990488069057831e-10 4.253357909556994198e-10 1.604341860957149895e-10
9.284032128518497018e+00 2.333405167783027746e-10 3.852325558131632410e-10 1.453189083654754962e-10
9.755328385368006394e+00 2.113708141709646689e-10 3.489103818000793004e-10 1.316293889641735586e-10
1.025054960915489133e+01 1.914705599851342969e-10 3.160125608227167395e-10 1.192297822373717310e-10
1.077091033115250163e+01 1.734482820066605194e-10 2.862168596869064431e-10 1.079999723518954525e-10
1.131768673731557939e+01 1.571244095161677349e-10 2.592311798324272979e-10 9.782874807343348960e-11
1.189221979812946373e+01 1.423402098951972518e-10 2.347896080401705830e-10 8.861670570789092327e-11
1.249591855734351853e+01 1.289496764122992567e-10 2.126522012741146862e-10 8.027307322892627459e-11
1.313026358765440627e+01 1.168215240461888004e-10 1.926027501733481150e-10 7.271616574843768231e-11
1.379681062181427542e+01 1.058372329889952718e-10 1.744432436454101144e-10 6.587183824843329483e-11
1.449719436806917372e+01 9.588931606103033931e-11 1.579964130053962300e-10 5.967317674330422430e-11
1.523313251928506062e+01 8.687803932764616336e-11 1.431003613063229176e-10 5.405846280824505509e-11
1.600642996559379228e+01 7.871726299840517384e-11 1.296085284598755679e-10 4.897343027090067083e-11
1.681898322089063669e+01 7.132608169186023007e-11 1.173891600462583449e-10 4.436795217006064832e-11
1.767278507403926113e+01 6.463147179696466447e-11 1.063218961182629267e-10 4.019657941910145869e-11
1.856992947619135848e+01 5.856817658735390629e-11 9.629791812445000145e-11 3.641851681094567914e-11
1.951261667620699924e+01 5.307677552554332659e-11 8.721920386005781951e-11 3.299676958006971517e-11
2.050315861677039919e+01 4.810302556479447171e-11 7.899682540336289765e-11 2.989764569328716708e-11
2.154398460443505670e+01 4.359825676725319125e-11 7.154967173128147850e-11 2.709072582050647868e-11
2.263764726750405742e+01 3.951829540089986377e-11 6.480458829683749552e-11 2.454846696021370042e-11
2.378682881635730340e+01 3.582299825579508129e-11 5.869563275265427633e-11 2.224591625256568853e-11
2.499434762157908096e+01 3.247599185912648271e-11 5.316258298850086345e-11 2.016039635662531192e-11
2.626316512601886899e+01 2.944461386587254571e-11 4.815164488345727894e-11 1.827158439661580267e-11
2.759639310773724574e+01 2.669922063326024232e-11 4.361284401822614171e-11 1.656086975483187069e-11
2.899730131164924885e+01 2.421279773422286823e-11 3.950228341097152243e-11 1.501152915571450039e-11
3.046932546858185376e+01 2.196080686570946180e-11 3.577928965725432238e-11 1.360825695264886080e-11
3.201607572141230662e+01 1.992109845892193769e-11 3.240734013242898945e-11 1.233726499297068775e-11
3.364134547895244509e+01 1.807373802673903471e-11 2.935341703446822417e-11 1.118612257020109620e-11
3.534912071929314692e+01 1.640071378331767472e-11 2.658767897433499270e-11 1.014359656289257126e-11
3.714358976542545321e+01 1.488532773778283544e-11 2.408254047441895688e-11 9.199284543050741126e-12
3.902915355711304812e+01 1.351298003497606886e-11 2.181374889463965899e-11 8.344071535424022723e-12
4.101043644420785483e+01 1.227002396906971614e-11 1.975896085925039728e-11 7.569485097527787662e-12
4.309229752787950218e+01 1.114436102168880022e-11 1.789808940938350434e-11 6.867973157087010522e-12
4.527984257757288589e+01 1.012487909503203751e-11 1.621259287835335762e-11 6.232585377829086495e-12
4.757843655292037255e+01 9.201678758943078653e-12 1.468606223981472783e-11 5.657145519605493798e-12
4.999371676131852382e+01 8.365533813812400376e-12 1.330357067633908830e-11 5.135951528958624902e-12
5.253160668343837614e+01 7.608334651022671515e-12 1.205157512852552156e-11 4.663928658774898674e-12
5.519833050057643220e+01 6.922600509734726630e-12 1.091759947777673944e-11 4.236397560724837093e-12
5.800042835947463260e+01 6.301652108335444015e-12 9.890550659730022622e-12 3.849186569007657792e-12
6.094477241204638318e+01 5.739394399169396321e-12 8.960414984860275861e-12 3.498504928520561570e-12
6.403858366934609592e+01 5.230248783601867299e-12 8.118045538022849209e-12 3.180885645567675576e-12
6.728944971111658901e+01 4.769243954894845153e-12 7.355057054799585326e-12 2.893202780800447957e-12
7.070534329434713072e+01 4.351894689422005275e-12 6.664044655432678920e-12 2.632659788526743682e-12
7.429464190647966859e+01 3.974080028998222707e-12 6.038215237459303532e-12 2.396688266512737733e-12
7.806614831121741815e+01 3.632063450246873980e-12 5.471419933189524760e-12 2.182960469444867144e-12
8.202911213732457441e+01 3.322511146255228567e-12 4.957997010381449865e-12 1.989370702677184627e-12
8.619325256336368568e+01 3.042389767926207266e-12 4.492962011959413057e-12 1.814028336321938041e-12
9.056878215400503507e+01 2.788923391905976858e-12 4.071744529584535416e-12 1.655200877578171877e-12
9.516643190636675342e+01 2.559643386451592723e-12 3.690173731323382138e-12 1.511328829026926371e-12
9.999747756781165720e+01 2.352287487394168572e-12 3.344570597679626407e-12 1.381005362980936801e-12
1.050737672897454900e+02 2.164816008670072761e-12 3.031467573586155291e-12 1.262935216906322190e-12
1.104077506852377155e+02 1.995371021673563439e-12 2.747796964881517130e-12 1.155951982453252815e-12
1.160125093617276946e+02 1.842294971235130117e-12 2.490770150023470830e-12 1.059004006050559324e-12
1.219017890037000882e+02 1.704059406648235737e-12 2.257901564023813702e-12 9.711348566888818172e-13
1.280900330840089509e+02 1.579308107385642220e-12 2.046885927166894576e-12 8.914756102032903633e-13
1.345924182865316538e+02 1.466782803816032499e-12 1.855677789276482205e-12 8.192350802874682629e-13
1.414248917270223558e+02 1.365356867887323686e-12 1.682418916251607181e-12 7.536979045250422745e-13
1.486042100634540191e+02 1.273991672261823019e-12 1.525422826115501314e-12 6.942080132383817754e-13
1.561479805917621206e+02 1.191744768100264427e-12 1.383149591135451504e-12 6.401665694840246729e-13
1.640747044277826774e+02 1.117739472412179934e-12 1.254234795743440187e-12 5.910299102718997658e-13
1.724038218812831644e+02 1.051171676092909972e-12 1.137428702577962489e-12 5.463002050886802461e-13
1.811557601333716150e+02 9.912570762049944352e-13 1.031623945916008639e-12 5.055188739175351205e-13
1.903519833342072047e+02 9.372630118703052338e-13 9.358118601334171760e-13 4.682684369335004195e-13
2.000150452438829802e+02 8.884514020691664693e-13 8.490716162328413943e-13 4.341576255124363014e-13
2.101686445455765693e+02 8.440886312478729871e-13 7.705834475855674371e-13 4.028314702789037158e-13
2.208376829666308652e+02 8.034075333613647763e-13 6.995993455716125532e-13 3.739592895050069910e-13
2.320483263500999840e+02 7.655997318611875539e-13 6.354395134307546797e-13 3.472367549527252219e-13
2.438280688265457741e+02 7.298098967571942522e-13 5.774765253743011381e-13 3.223838909578531162e-13
2.562058002434589525e+02 6.951359339770977317e-13 5.251507630365501942e-13 2.991519673496162598e-13
2.692118770176832072e+02 6.606649904741950255e-13 4.779348515843689790e-13 2.773185209637786437e-13
2.828781965846007438e+02 6.255349946598708213e-13 4.353573240747270411e-13 2.567001726575313428e-13
2.972382756266729302e+02 5.890375342876851619e-13 3.969672721424733385e-13 2.371475490289850822e-13
3.123273322731848793e+02 5.507371102068712490e-13 3.623408229216297699e-13 2.185514844741669459e-13
3.281823724727964873e+02 5.105956458250181851e-13 3.310857708926722211e-13 2.008490975976003819e-13
3.448422807507206471e+02 4.690351109738061240e-13 3.028368583339886094e-13 1.840216060482438386e-13
3.623479155731195647e+02 4.269066113747941078e-13 2.772571439102584576e-13 1.680900314704036086e-13
3.807422095525914756e+02 3.853462759261982206e-13 2.540409778483923533e-13 1.531055618775898605e-13
4.000702747405115360e+02 3.455611388499244225e-13 2.329188969050926837e-13 1.391365549359736976e-13
4.203795132644463592e+02 3.086082648290986116e-13 2.136626756398465188e-13 1.262526066044379131e-13
4.417197335819917043e+02 2.752368186711548826e-13 1.960884179105305971e-13 1.145085137290344693e-13
4.641432726361347250e+02 2.458236945609241390e-13 1.800565996681958877e-13 1.039310321709801823e-13
4.877051242117389620e+02 2.203892707302181979e-13 1.654668687614361967e-13 9.450963404233817330e-14
5.124630738079339380e+02 1.986579571994145116e-13 1.522461295050038528e-13 8.619137315564569803e-14
5.384778403571979197e+02 1.801335319481214081e-13 1.403317710888249143e-13 7.888048200915828605e-14
5.658132251386862208e+02 1.641683953362578942e-13 1.296527203262715304e-13 7.244162489462308566e-14
5.945362682510286731e+02 1.500351660985761943e-13 1.201131389343097240e-13 6.670852422500577481e-14
6.247174130283358409e+02 1.370194731984085833e-13 1.115845169655831003e-13 6.150042773503966013e-14
6.564306788026481172e+02 1.245499418002002455e-13 1.039108132166023045e-13 5.664905439705584190e-14
6.897538424365337733e+02 1.123391315275477290e-13 9.693013918830116465e-14 5.203366752323372639e-14
7.247686290710320236e+02 1.004550192219358955e-13 9.050905321728264630e-14 4.761151437841924310e-14
7.615609125567677893e+02 8.924211634423211980e-14 8.457638694249652533e-14 4.342331581952677072e-14
8.002209260597770708e+02 7.910971167988447751e-14 7.913471915402747919e-14 3.956110672049098726e-14
8.408434833585752131e+02 7.030862246085876438e-14 7.423354700821012509e-14 3.610889783723320595e-14
8.835282113751759425e+02 6.281296382043707853e-14 6.991096013522016825e-14 3.308608183625381264e-14
9.283797945103707434e+02 5.633763644555515136e-14 6.613537876835147641e-14 3.042230093488709307e-14
9.755082313824726725e+02 5.047393569070367802e-14 6.278742282236859910e-14 2.798066686932315036e-14
1.025029104599206676e+03 4.490634075283423739e-14 5.970847716061355234e-14 2.563010933523466441e-14
1.077063864224332519e+03 3.959163511893259611e-14 5.679793733474099626e-14 2.332952780287346674e-14
1.131740125634234118e+03 3.472765657895722979e-14 5.407809151001888812e-14 2.114734046858937876e-14
1.189191982494935928e+03 3.051060699132129187e-14 5.164555056298117392e-14 1.917978083427308921e-14
1.249560335627159930e+03 2.691893801579102545e-14 4.954258360112826499e-14 1.744189376432461991e-14
1.312993238565925139e+03 2.372609631147118555e-14 4.768617570758280291e-14 1.584331047837224447e-14
1.379646260662218538e+03 2.072857408160572791e-14 4.594631896078682495e-14 1.428426252967828778e-14
1.449682868617201848e+03 1.794694518232249442e-14 4.428871852879541119e-14 1.277157109340200839e-14
1.523274827384710079e+03 1.552326996322398095e-14 4.277623973735510748e-14 1.138992627665197645e-14
1.600602621425212874e+03 1.346451191391202158e-14 4.142254534176106671e-14 1.016149130861002466e-14
1.681855897344411915e+03 1.162584506074951595e-14 4.013914298099768140e-14 9.014808557320780378e-15
1.767233929001996785e+03 9.938749234913619897e-15 3.885416194570973569e-14 7.914300724579129204e-15
1.856946106231289605e+03 8.471793444928028001e-15 3.757831346722223617e-14 6.913245832640319060e-15
1.951212448368316018e+03 7.228570269770819920e-15 3.632480951979386943e-14 6.028841835433925591e-15
2.050264143849782158e+03 6.121334785960755610e-15 3.506757854558697131e-14 5.211606013555553304e-15
2.154344117203273072e+03 5.143277811122091358e-15 3.377670790193468308e-14 4.463593423840664568e-15
2.263707624820269757e+03 4.321226450596105168e-15 3.245264096457570972e-14 3.813447439307575110e-15
2.378622880973064184e+03 3.611558609017114132e-15 3.112740379833820712e-14 3.236090987577622249e-15
2.499371715610940555e+03 2.999871440369467846e-15 2.979620521773126279e-14 2.725471890918435002e-15
2.626250265548803782e+03 2.489549974947534044e-15 2.847911774375286376e-14 2.289416758560615033e-15
2.759569700743467365e+03 2.053768961497333365e-15 2.723212959137751630e-14 1.909741728062975151e-15
2.899656987438719625e+03 1.690968973454442149e-15 2.605541464605974573e-14 1.587914964384425502e-15
3.046855690050866087e+03 1.390539673536791181e-15 2.499422703701110584e-14 1.317254940535653668e-15
3.201526813761285212e+03 1.142449351277844004e-15 2.406133713848629538e-14 1.090663857825690053e-15
3.364049689882549046e+03 9.400637040183403640e-16 2.327515478429939713e-14 9.035693082300463295e-16
3.534822906169380531e+03 7.758265186741013872e-16 2.264536215268749177e-14 7.501272770376611667e-16
3.714265284356130451e+03 6.444625314505461538e-16 2.217854112531505829e-14 6.262645781622844340e-16
3.902816907318086123e+03 5.395913930390005569e-16 2.187482894020150102e-14 5.266015915133290939e-16
4.100940198375840737e+03 4.564648379469598549e-16 2.173418852786188494e-14 4.470752924997319045e-16
4.309121055389593494e+03 3.911427568377189544e-16 2.175182661456042038e-14 3.842334460916981525e-16
4.527870042424887288e+03 3.390806739012489488e-16 2.192561030663409230e-14 3.339166362097381415e-16
4.757723641912202766e+03 2.973342170226789737e-16 2.225256660189080654e-14 2.934136837430674869e-16
4.999245570371478607e+03 2.634006144447356870e-16 2.273209294529529512e-14 2.603835066140373800e-16
5.253028160928231046e+03 2.354484041559828289e-16 2.336713843531229503e-14 2.330996806284879875e-16
5.519693816012045318e+03 2.129837012262126990e-16 2.416503731528262440e-14 2.111229243831171401e-16
5.799896533800028010e+03 1.959010150967784694e-16 2.513904592469537158e-14 1.943862218032637544e-16
6.094323512148995178e+03 1.838790525160034389e-16 2.630975014148160500e-14 1.826028398194867887e-16
6.403696833949862594e+03 1.762274908639840201e-16 2.770679664696790613e-14 1.751136902811383918e-16
6.728775238037770578e+03 1.732371631220740151e-16 2.937214200822100791e-14 1.722213997259591734e-16
7.070355980000895215e+03 1.748081629261907422e-16 3.136835887014241482e-14 1.738393986358582517e-16
7.429276787451800374e+03 1.804094545657047637e-16 3.380358862947293773e-14 1.794517223054742940e-16
7.806417914556417600e+03 1.904950626876149525e-16 3.689636842788028493e-14 1.895165930761961272e-16
8.202704300859621071e+03 2.066167189910624248e-16 4.114765625240440153e-14 2.055844080471326246e-16
8.619107839701679040e+03 2.322440939673172812e-16 4.776001602128342315e-14 2.311202185954725090e-16
9.056649761789138211e+03 2.746445487715430332e-16 5.931377347125646529e-14 2.733787049939053626e-16
9.516403139765579908e+03 3.539288152062827196e-16 7.775642922141557989e-14 3.523251148855827169e-16
9.999495519924994369e+03 4.811650091011243539e-16 9.265519463203335082e-14 4.786791940351785098e-16
1.050711168752178673e+04 7.556002504145408302e-16 1.147270597030165693e-13 7.506563762549332557e-16
1.104049657245958770e+04 1.621136913865493096e-15 2.125345788231852155e-13 1.608865072862079809e-15
1.160095830248491620e+04 4.421558279945493182e-15 5.995403059241212956e-13 4.389188392405128953e-15
1.218987141137360777e+04 1.501596130786945878e-14 2.541886143470763315e-12 1.492777682338018885e-14
1.280868020997843814e+04 6.492999052651172738e-14 1.863583284774362557e-11 6.470455032889876059e-14
1.345890232840495628e+04 3.928091973809552001e-13 2.826282404514298411e-10 3.922640115520618027e-13
1.414213243800309647e+04 3.901453666375406798e-12 8.188177770294750446e-09 3.899595610527222258e-12
1.486004616230261490e+04 7.106979191869442979e-11 2.975657289004161914e-07 7.105282185536368629e-11
1.561440418648382365e+04 1.074969449340403999e-09 8.010829629324079290e-06 1.074825219051242558e-09
1.640705657546250950e+04 6.892792593786366620e-09 2.560253211166787891e-05 6.890937394385419968e-09
1.723994731117859192e+04 2.489196512479168089e-08 1.060524237221374487e-04 2.488612400858545494e-08
1.811511906021669711e+04 1.174128100622553661e-07 5.024173058832993866e-04 1.173853775935046237e-07
1.903471818345084466e+04 6.852809865600163452e-07 4.007775642123432430e-03 6.851638318616049869e-07
2.000100000000000000e+04 0.000000000000000000e+00 0.000000000000000000e+00 0.000000000000000000e+00
