1.000000000000000000e+00 5.217043466512255273e-08 2.565444134234889055e-07 4.335403250630384856e-08
1.044458330493748033e+00 4.782571555561349784e-08 2.351691834024500050e-07 3.974324100632700655e-08
1.090893204137787231e+00 4.384178358033454221e-08 2.155749787174768188e-07 3.643246287769501051e-08
1.139392494740728790e+00 4.018966740601538422e-08 1.976134206503702924e-07 3.339745381700113605e-08
1.190047982834008033e+00 3.684169055518358330e-08 1.811484621758835429e-07 3.061521589126421257e-08
1.242955529358260591e+00 3.377231595022205851e-08 1.660551391962677131e-07 2.806454509458316053e-08
1.298215257071501538e+00 3.095884269375298706e-08 1.522196171226933407e-07 2.572651383861927928e-08
1.355931740022412457e+00 2.837955285676977245e-08 1.395366457417381195e-07 2.358311852183154285e-08
1.416214201447291599e+00 2.601524533164853453e-08 1.279106224773029516e-07 2.161836909960495404e-08
1.479176720465174677e+00 2.384779472695630269e-08 1.172530766404615123e-07 1.981722207472837599e-08
1.544938447962273864e+00 2.186095467279818223e-08 1.074835354313713597e-07 1.816615995196197568e-08
1.613623832074278619e+00 2.003959206775567266e-08 9.852810987105284840e-08 1.665262206095474965e-08
1.685362853693225027e+00 1.836996028617509282e-08 9.031871439953950980e-08 1.526517092434470753e-08
1.760291272444604704e+00 1.683942238459624769e-08 8.279332530358307353e-08 1.399330850310099494e-08
1.838550883600207131e+00 1.543641450938187407e-08 7.589496296071967138e-08 1.282742185531334102e-08
1.920289786412877620e+00 1.415027350915908520e-08 6.957144533303770558e-08 1.175865705463533021e-08
2.005662664380989835e+00 1.297132954411155845e-08 6.377471800107337248e-08 1.077896400186158838e-08
2.094831077973011269e+00 1.189086877295242475e-08 5.846098572958330092e-08 9.881074416067649049e-09
2.187963770366109895e+00 1.090034750589335077e-08 5.359000593984880960e-08 9.057938999802584602e-09
2.285236986777393398e+00 9.992335318044181163e-09 4.912492537569361951e-08 8.303374024226829815e-09
2.386834807992079366e+00 9.159946574594014520e-09 4.503183389442907175e-08 7.611656030839359661e-09
2.492949498719772894e+00 8.396850240707688009e-09 4.127974688895358867e-08 6.977528104353588679e-09
2.603781871438080042e+00 7.697347034991487715e-09 3.784031557070866899e-08 6.396244870611277179e-09
2.719541666412103709e+00 7.056079495386240637e-09 3.468742858804809958e-08 5.863360911560069280e-09
2.840447948608971096e+00 6.468242050199603460e-09 3.179724001729571846e-08 5.374876621112016318e-09
2.966729522258517271e+00 5.929352219025070006e-09 2.914788276232898693e-08 4.927072029154175741e-09
3.098625363844645264e+00 5.435626198720854315e-09 2.671927847787982756e-08 4.516760710877522496e-09
3.236385074346761037e+00 4.982915628836078882e-09 2.449301169399299299e-08 4.140552031852024596e-09
3.380269351587102289e+00 4.567904957241136849e-09 2.245226359361323869e-08 3.795676032794683635e-09
3.530550483577849175e+00 4.187443410671599787e-09 2.058150890842776861e-08 3.479513495361617793e-09
3.687512863801615026e+00 3.838635688993116388e-09 1.886665195302287549e-08 3.189662454866612786e-09
3.851453529400454379e+00 3.518894234956716927e-09 1.729465135404973488e-08 2.923963564261570451e-09
4.022682723291851836e+00 3.225768006858576632e-09 1.585366490182707151e-08 2.680386009192631495e-09
4.201524481275451528e+00 2.957158572174933893e-09 1.453270908617481434e-08 2.457166977509385535e-09
4.388317245241568187e+00 2.710893051250878315e-09 1.332184031884828186e-08 2.252521982158818277e-09
4.583414503641932036e+00 2.485131992269400257e-09 1.221183820703611092e-08 2.064917421834147302e-09
4.787185460434682405e+00 2.278170122574181847e-09 1.119432526975631670e-08 1.892936433027387467e-09
5.000015733769552995e+00 2.088433487317904945e-09 1.026158504472702510e-08 1.735271715160739220e-09
5.222308085735419603e+00 1.914592943651158648e-09 9.406578524808826508e-09 1.590804354273185957e-09
5.454483184551217612e+00 1.755193576229500704e-09 8.622806385318806420e-09 1.458344038606483519e-09
5.696980400642586595e+00 1.609064440796247938e-09 7.904335418133069789e-09 1.336912695570821210e-09
5.950258638110759613e+00 1.475085660590186566e-09 7.245720480914217120e-09 1.225581466737824196e-09
6.214797203167166550e+00 1.352297866865577323e-09 6.641998772326143674e-09 1.123546095038145215e-09
6.491096711177193335e+00 1.239739331369241596e-09 6.088558348704669701e-09 1.030010731789706986e-09
6.779680034029589741e+00 1.136536729688097486e-09 5.581242890935443979e-09 9.442535928664374431e-10
7.081093289624342368e+00 1.041955406246862785e-09 5.116187073392150922e-09 8.656569408903570525e-10
7.395906875351522913e+00 9.552637228600854263e-10 4.689880934916915983e-09 7.936152912374572368e-10
7.724716547516883303e+00 8.757757437357084251e-10 4.299103136694670748e-09 7.275629698645553928e-10
8.068144548756912116e+00 8.028966713641968561e-10 3.940882221071866125e-09 6.670043628260421485e-10
8.426840785576876769e+00 7.361067055730006855e-10 3.612501170875407027e-09 6.115029019226061802e-10
8.801484058240248487e+00 6.748701417286623827e-10 3.311488160815197433e-09 5.606180666188500896e-10
9.192783345336948742e+00 6.187461668224976128e-10 3.035557135435146599e-09 5.139801451512779359e-10
9.601479145461361497e+00 5.673058075551891449e-10 2.782612128659954945e-09 4.712330423669568836e-10
1.002834487853911227e+01 5.201306307420354546e-10 2.550739999803498927e-09 4.320331803495885056e-10
1.047418834945448829e+01 4.768938442219975079e-10 2.338186570218446396e-09 3.961047706700645908e-10
1.093985327674830188e+01 4.372539136474692583e-10 2.143339525814688549e-09 3.631659220729901162e-10
1.142622088927908841e+01 4.009366402080238132e-10 1.964744098343162242e-09 3.329857173122544592e-10
1.193421159386922703e+01 3.676239749337850643e-10 1.801019126890387474e-09 3.053051052071639353e-10
1.246478671709178343e+01 3.370955286201980073e-10 1.650928622936567957e-09 2.799365673838631480e-10
1.301895032449433032e+01 3.091044794467596848e-10 1.513358655237921276e-09 2.566778610995065824e-10
1.359775112070238734e+01 2.834512182548533705e-10 1.387236990465808038e-09 2.353605016802240155e-10
1.420228443399830631e+01 2.599326696775723426e-10 1.271638187783889633e-09 2.158178365723661536e-10
1.483369428913121624e+01 2.383704539676520587e-10 1.165656271804854139e-09 1.979008017297422261e-10
1.549317557228063258e+01 2.186140757047225088e-10 1.068516135345666366e-09 1.814833225875002687e-10
1.618197629227075041e+01 2.004915929036741513e-10 9.794636620943929958e-10 1.664251495747544789e-10
1.690139994231451581e+01 1.838834036379609237e-10 8.978372798935443934e-10 1.526247740783492439e-10
1.765280796675694930e+01 1.686622652807878010e-10 8.230100068547050476e-10 1.399764176182445970e-10
1.843762233748569912e+01 1.547041523818710176e-10 7.544126100288312025e-10 1.283781888161689657e-10
1.925732824488454753e+01 1.419123144407719611e-10 6.915330903151800106e-10 1.177486381219450171e-10
2.011347690842221425e+01 1.301836434039578908e-10 6.339024074709779289e-10 1.080031821973668356e-10
2.100768851219521594e+01 1.194307466129271328e-10 5.810629711188228379e-10 9.906838949899307988e-11
2.194165527098010315e+01 1.095749242983052154e-10 5.326310965278122774e-10 9.087895502113424319e-11
2.291714463259722478e+01 1.005403254321345804e-10 4.882354393608217369e-10 8.337189282595531132e-11
2.393600262264625655e+01 9.226097825580170985e-11 4.475373591251024537e-10 7.649196320099796248e-11
2.500015733794308304e+01 8.466824997390118630e-11 4.102306371642765842e-10 7.018304352072627626e-11
2.611162259526905771e+01 7.770856609486269637e-11 3.760371104824590636e-10 6.440018310360213662e-11
2.727250174233754620e+01 7.133013058421694665e-11 3.446898641705738963e-10 5.909997916526798734e-11
2.848499163818970814e+01 6.548177519486000969e-11 3.159586540545188784e-10 5.424053657967679060e-11
2.975138681055199186e+01 6.012240452387020634e-11 2.896184509749156395e-10 4.978702771873044195e-11
3.107408379802284770e+01 5.520642073363007566e-11 2.654751570092643839e-10 4.570244825204865900e-11
3.245558568530577048e+01 5.070184375215295374e-11 2.433424735990039094e-10 4.195936240435751317e-11
3.389850684007124926e+01 4.657309723734404935e-11 2.230594974451751029e-10 3.852861957012034890e-11
3.540557786041171795e+01 4.278806355205901104e-11 2.044649309924415538e-10 3.538342772183236871e-11
3.697965074225202642e+01 3.931714842536526228e-11 1.874194446900543067e-10 3.249937746452482480e-11
3.862370427649444338e+01 3.613694978560004661e-11 1.717958509998510363e-10 2.985665569599939193e-11
4.034084968611161770e+01 3.322159592656506348e-11 1.574768825042826004e-10 2.743405926140920354e-11
4.213433651385538070e+01 3.054873061453960361e-11 1.443487005036987063e-10 2.521288928060481185e-11
4.400755877172315422e+01 2.809853705680801538e-11 1.323189580828749100e-10 2.317683082990717101e-11
4.596406136381946084e+01 2.585351944196465522e-11 1.212904721137149905e-10 2.131099982924150740e-11
4.800754679476705888e+01 2.379612013195921575e-11 1.111836455193145366e-10 1.960100740078452792e-11
5.014188217636289124e+01 2.190966159841383945e-11 1.019165258909313699e-10 1.803299155720534855e-11
5.237110654573820057e+01 2.018139791010190528e-11 9.342529957552117460e-11 1.659632035199924375e-11
5.469943850887192127e+01 1.859708055760194379e-11 8.564316443379740316e-11 1.527925062258527310e-11
5.713128422392179573e+01 1.714511691890126014e-11 7.850902064874245020e-11 1.407201374074633582e-11
5.967124573948116506e+01 1.581516990367446259e-11 7.197030805824052816e-11 1.296595606000657508e-11
6.232412970354067028e+01 1.459570220436797948e-11 6.597772790669102340e-11 1.195172238937245827e-11
6.509495645963586696e+01 1.347941821663644561e-11 6.048465701630021513e-11 1.102289165442667789e-11
6.798896954739448972e+01 1.245623903273895730e-11 5.544945915801641997e-11 1.017133666114604372e-11
7.101164562546192371e+01 1.151961499991276323e-11 5.083473494576050090e-11 9.391431002135024117e-12
7.416870483558362537e+01 1.066148335595958129e-11 4.660488421774384610e-11 8.676597075140210681e-12
7.746612162745724106e+01 9.876105465661507946e-12 4.272827087627524931e-11 8.021935414583243693e-12
8.091013606483961951e+01 9.156830032890464841e-12 3.917504779744970353e-11 7.422001178411117910e-12
8.450726563430438887e+01 8.498774355741862743e-12 3.591748913357038699e-11 6.872587011838073548e-12
8.826431757899723607e+01 7.896979137031962437e-12 3.293155921447018532e-11 6.369560277365053492e-12
9.218840178072943559e+01 7.346963519968378316e-12 3.019404462478458962e-11 5.909125922330752742e-12
9.628694421478752474e+01 6.844145912220345236e-12 2.768523026202835449e-11 5.487552238723963620e-12
1.005677010029216234e+02 6.384789525063077801e-12 2.538541085033552620e-11 5.101651968558329471e-12
1.050387730911060089e+02 5.965972381260107350e-12 2.327654385385277091e-11 4.748812196829042598e-12
1.097086215798481419e+02 5.584303250827575828e-12 2.134283760989108709e-11 4.426198758467775176e-12
1.145860837360586260e+02 5.236236698827344683e-12 1.957028187490810092e-11 4.130955654062925692e-12
1.196803897167805388e+02 4.920478881126354282e-12 1.794433426030253874e-11 3.861598046638264592e-12
1.250011800364298011e+02 4.633382703963552770e-12 1.645376474445656741e-11 3.615310661080530048e-12
1.305585238105978192e+02 4.373564960114365304e-12 1.508678961307044358e-11 3.390639886041074851e-12
1.363629378109453114e+02 4.139335890654643561e-12 1.383353143595700518e-11 3.186004332351091932e-12
1.424254063672426582e+02 3.928195643415353211e-12 1.268481704105646867e-11 2.999362246004511999e-12
1.487574021542239677e+02 3.739063913536844503e-12 1.163173463822370832e-11 2.829508115089915673e-12
1.553709079025877600e+02 3.570521212194125644e-12 1.066638672195356275e-11 2.675058392198624574e-12
1.622784390752347861e+02 3.421425181697415590e-12 9.781808274618791020e-12 2.534812799004661991e-12
1.694930675516510235e+02 3.290392231714068068e-12 8.971426093048601973e-12 2.407433379138355828e-12
1.770284463652615727e+02 3.176961707609223547e-12 8.229443318487340083e-12 2.292100467935244429e-12
1.848988355405630273e+02 3.078967175297032703e-12 7.550335082805468011e-12 2.187089360896736726e-12
1.931191290789346340e+02 2.997497626477497189e-12 6.929385323088524089e-12 2.092380474760599762e-12
2.017048831441905747e+02 2.930005875388395219e-12 6.362012957723710876e-12 2.006101761115821400e-12
2.106723455012179329e+02 2.876154670615953548e-12 5.844008564303819427e-12 1.927518106545708756e-12
2.200384862634040246e+02 2.834880421539369522e-12 5.371743655504031499e-12 1.855604786518134822e-12
2.298210300070466019e+02 2.803841889405718083e-12 4.941495910306248313e-12 1.788840407988266654e-12
2.400384893135133382e+02 2.781471636468239202e-12 4.550021980383939643e-12 1.726218113953538504e-12
2.507101998026336389e+02 2.765300260996470889e-12 4.194265582319310003e-12 1.666541271481127039e-12
2.618563567236125778e+02 2.750304004414867696e-12 3.871235943901710753e-12 1.607945553700766565e-12
2.734980531727196080e+02 2.731689490734913698e-12 3.578213130532094417e-12 1.549083684958912475e-12
2.856573200100691565e+02 2.703050274707471732e-12 3.312701276911630289e-12 1.488492006317939477e-12
2.983571675510349905e+02 2.657259861172998986e-12 3.072009191195874369e-12 1.424811200574378738e-12
3.116216291111976489e+02 2.587976284279265174e-12 2.853589595338789520e-12 1.357150195583262498e-12
3.254758064872232239e+02 2.490040701382624074e-12 2.654986011522597148e-12 1.284934675598557596e-12
3.399459174597515698e+02 2.362839894665943187e-12 2.473819441843967394e-12 1.208528213940126979e-12
3.550593454081774212e+02 2.209752274878307566e-12 2.307805396703424956e-12 1.128857359679545131e-12
3.708446911312281600e+02 2.038185385248039945e-12 2.154808472349054271e-12 1.047437531632205119e-12
3.873318269713919904e+02 1.859181798963632347e-12 2.012912449860600633e-12 9.664977010372358757e-13
4.045519533456335921e+02 1.682443536028371848e-12 1.880517015616527803e-12 8.879872935597734892e-13
4.225376577893648573e+02 1.517462087076771779e-12 1.756440647895080309e-12 8.141146231713756857e-13
4.413229766254188462e+02 1.369953856285368270e-12 1.639980360453696582e-12 7.464274157691928719e-13
4.609434593747161557e+02 1.242589322655011094e-12 1.530941238456612008e-12 6.858879664754717806e-13
4.814362360305290167e+02 1.136564315860469930e-12 1.429579762443668432e-12 6.331715192482615976e-13
5.028400873236400912e+02 1.050276156248873781e-12 1.336470071332962439e-12 5.881072035393480230e-13
5.251955181113798972e+02 9.815718962052850222e-13 1.252272797927985141e-12 5.502601806010497722e-13
5.485448340294104810e+02 9.271474763280993599e-13 1.177511286364778452e-12 5.187190611860096616e-13
5.729322215513284391e+02 8.829741196940079365e-13 1.112316952519675456e-12 4.922324845979164248e-13
5.984038316075743751e+02 8.439959473983446338e-13 1.056245844524135527e-12 4.691335681722968194e-13
6.250078669219093399e+02 8.047098113413909806e-13 1.008156852151049273e-12 4.475087587159354856e-13
6.527946732307157163e+02 7.607298428960089628e-13 9.662255107124463870e-13 4.256256998367351929e-13
6.818168345577655600e+02 7.096820977683185695e-13 9.281646839876928056e-13 4.021755071012378054e-13
7.121292727247354151e+02 6.530124427859525590e-13 8.917625534432804482e-13 3.769688432493384806e-13
7.437893512858045142e+02 5.950891877081489922e-13 8.556245873768886920e-13 3.509809787636339645e-13
7.768569840829987925e+02 5.414468371760578888e-13 8.198644154377809431e-13 3.260922098452000150e-13
8.113947486277374992e+02 4.961724340200371162e-13 7.862086515823800202e-13 3.041958936254802461e-13
8.474680045231206122e+02 4.608401831599901115e-13 7.572842747479984210e-13 2.864953754219823191e-13
8.851450171510871314e+02 4.343594879901511994e-13 7.353961948802250767e-13 2.730709663185936383e-13
9.244970868584839536e+02 4.132707152915064388e-13 7.212260398192211549e-13 2.627258297745056257e-13
9.655986838865461550e+02 3.928309433923597408e-13 7.130414157231643549e-13 2.532884828049974726e-13
1.008527589299101805e+03 3.690404665440933607e-13 7.069194297709179183e-13 2.424643121599813349e-13
1.053365042176224733e+03 3.413416310889436031e-13 6.986510438049054798e-13 2.293080447693544406e-13
1.100195893351855602e+03 3.132481094807604962e-13 6.869233232152543967e-13 2.151405502308716369e-13
1.149108765986357412e+03 2.894439061605077918e-13 6.748774424090033935e-13 2.025664612737695086e-13
1.200196223277841000e+03 2.718422479049597850e-13 6.677372423485106391e-13 1.931919490078583966e-13
1.253554943629676245e+03 2.584278745162888961e-13 6.684298307230404244e-13 1.863726216446932239e-13
1.309285903605635212e+03 2.445363153427410543e-13 6.746785381569088083e-13 1.794829610657289502e-13
1.367494569018940865e+03 2.275307571670211141e-13 6.805884457313617572e-13 1.705225524161840652e-13
1.428291094516789599e+03 2.100095756954766749e-13 6.829667130965937048e-13 1.606196619459708524e-13
1.491790532038094852e+03 1.971307288400180773e-13 6.856497726674426429e-13 1.531101323422053034e-13
1.558113048538887824e+03 1.899584813141567444e-13 6.947367346970153533e-13 1.491712995026918897e-13
1.627384153397451882e+03 1.841165662095653316e-13 7.103819778081938433e-13 1.462194559464901173e-13
1.699734935929483299e+03 1.749044841006434977e-13 7.265379922832683240e-13 1.409682326370684608e-13
1.775302313462806751e+03 1.651468763294915391e-13 7.396151541573821525e-13 1.350024959925847431e-13
1.854229290441050580e+03 1.600361423276654995e-13 7.536149760016950231e-13 1.320040342972475462e-13
1.936665229046667719e+03 1.569595326207950644e-13 7.730359244538283291e-13 1.304687635604451323e-13
2.022766131855373487e+03 1.504519545739645613e-13 7.980966759560802332e-13 1.265883487380913707e-13
2.112694937056960953e+03 1.466070574258883442e-13 8.266458554186272899e-13 1.245227368927408817e-13
2.206621826801106636e+03 1.538156507939579645e-13 8.561194464124749479e-13 1.303891410166343221e-13
2.304724549251749067e+03 1.640916349318474163e-13 8.883847840022890286e-13 1.385081024457939646e-13
2.407188754959436665e+03 1.700204362899394656e-13 9.264776597718944938e-13 1.436574641515991165e-13
2.514208348188258242e+03 1.812936580919672857e-13 9.582425669461162188e-13 1.524508800018993648e-13
2.625985853862151089e+03 1.843014846564677731e-13 9.809739910008358432e-13 1.551521221613734352e-13
2.742732800825062895e+03 1.849636882882759714e-13 9.995821306628757298e-13 1.560820988741197961e-13
2.864670122140184958e+03 1.950529688809168659e-13 1.002980726086373546e-12 1.632962154364332715e-13
2.992028573185860296e+03 1.655979890763830902e-13 1.001705080713446315e-12 1.421056376075573532e-13
3.125049168339293374e+03 1.345076831658936555e-13 1.003712110897049968e-12 1.186124079958187920e-13
3.263983637074535636e+03 1.320537123340367924e-13 1.019210881690905401e-12 1.169067313257571879e-13
3.409094900337779109e+03 1.324303030885751951e-13 1.070583754531171613e-12 1.178520983992370627e-13
3.560657568101548804e+03 1.403161088893314881e-13 1.168033323116128995e-12 1.252676746314714241e-13
3.718958459039270565e+03 1.580358095751189466e-13 1.360744596049231455e-12 1.415914855533086641e-13
3.884297143303760095e+03 1.959249879432061021e-13 1.665947660950855955e-12 1.753077878767317181e-13
4.056986509436678261e+03 2.420561187024676712e-13 2.210324823710235770e-12 2.181645757582218424e-13
4.237353356481889023e+03 3.096740723593434909e-13 3.099125861258560609e-12 2.815415820521639869e-13
4.425739012423155145e+03 4.079502129224958416e-13 4.764163849625806966e-12 3.757731622598674399e-13
4.622499980116535880e+03 5.765978650820894830e-13 8.220108038849929555e-12 5.388035928115324353e-13
4.828008611939902949e+03 8.173967150250169352e-13 1.532075457395874312e-11 7.759956042181196961e-13
5.042653814436185712e+03 1.212109910684449346e-12 3.436722894607732674e-11 1.170815988908827483e-12
5.266841784283951711e+03 2.029191705683168564e-12 9.079162554679930903e-11 1.984830762736361782e-12
5.500996776987925841e+03 3.864142447849359016e-12 3.104096994247976001e-10 3.816631026700531324e-12
5.745561909744300465e+03 1.100378566116849592e-11 2.362484593782609538e-09 1.095277074998307997e-11
6.001000000000000000e+03 0.000000000000000000e+00 0.000000000000000000e+00 0.000000000000000000e+00
