1.000000000000000000e+00 8.282943532387079949e-08 9.760366154925191655e-07 7.635013102397218797e-08
1.044458330493748033e+00 7.593010861763322469e-08 8.947133983662839269e-07 6.999035694443616534e-08
1.090893204137787231e+00 6.960463506018319276e-08 8.201661936970800301e-07 6.415963162190686124e-08
1.139392494740728790e+00 6.380609804024569238e-08 7.518304882983392974e-07 5.881463711841866133e-08
1.190047982834008033e+00 5.849053833966844635e-08 6.891886814087368329e-07 5.391485536640694489e-08
1.242955529358260591e+00 5.361754115958503731e-08 6.317653009060592282e-07 4.942303767400689384e-08
1.298215257071501538e+00 4.915067867654920101e-08 5.791273255813195680e-07 4.530558271903759472e-08
1.355931740022412457e+00 4.505576196144752717e-08 5.308742573920564776e-07 4.153099051750478461e-08
1.416214201447291599e+00 4.130207576448354046e-08 4.866424362031342943e-07 3.807093797673100306e-08
1.479176720465174677e+00 3.786100825803997800e-08 4.460952089168706934e-07 3.489905447907386528e-08
1.544938447962273864e+00 3.470663986389815584e-08 4.089264039918784114e-07 3.199144344801999594e-08
1.613623832074278619e+00 3.181502984839850663e-08 3.748550515701301512e-07 2.932604388532054492e-08
1.685362853693225027e+00 2.916430900513843093e-08 3.436219473129092415e-07 2.688268808877735418e-08
1.760291272444604704e+00 2.673441511250286607e-08 3.149911840810173221e-07 2.464288625691113572e-08
1.838550883600207131e+00 2.450697393089547940e-08 2.887459531729650528e-07 2.258969967969443089e-08
1.920289786412877620e+00 2.246508848430967724e-08 2.646878170628702185e-07 2.070755724970079341e-08
2.005662664380989835e+00 2.059335732293559179e-08 2.426338435809938881e-07 1.898225343863419401e-08
2.094831077973011269e+00 1.887786722950536310e-08 2.224174544219810989e-07 1.740094729299056035e-08
2.187963770366109895e+00 1.730525830215616180e-08 2.038855278950979988e-07 1.595135034761197593e-08
2.285236986777393398e+00 1.586366262210466210e-08 1.868979052728665387e-07 1.462252114544022812e-08
2.386834807992079366e+00 1.454214167442930877e-08 1.713255137704858538e-07 1.340437575182720586e-08
2.492949498719772894e+00 1.333066065378618491e-08 1.570504864238709928e-07 1.228766665759359349e-08
2.603781871438080042e+00 1.222012255931654989e-08 1.439649812064338039e-07 1.126400451883627956e-08
2.719541666412103709e+00 1.120205745839129991e-08 1.319696373333840583e-07 1.032558469271227667e-08
2.840447948608971096e+00 1.026880927506633906e-08 1.209737448853809144e-07 9.465346978845137559e-09
2.966729522258517271e+00 9.413280960136412549e-09 1.108941267646207516e-07 8.676752261611122823e-09
3.098625363844645264e+00 8.629290494409315205e-09 1.016543700905877753e-07 7.954080277030721770e-09
3.236385074346761037e+00 7.910539569631699290e-09 9.318441564861749678e-08 7.291550856024625209e-09
3.380269351587102289e+00 7.251654934862269090e-09 8.542028747524780857e-08 6.684207032868414028e-09
3.530550483577849175e+00 6.647632789826421057e-09 7.830288711826815001e-08 6.127435600260254938e-09
3.687512863801615026e+00 6.093889657124882391e-09 7.177862502888408816e-08 5.617014198525038862e-09
3.851453529400454379e+00 5.586276553877809480e-09 6.579784945655033453e-08 5.149113735188313878e-09
4.022682723291851836e+00 5.120926234980362624e-09 6.031555195138701731e-08 4.720172920759771624e-09
4.201524481275451528e+00 4.694458219031102535e-09 5.528989384744540903e-08 4.327063436708447511e-09
4.388317245241568187e+00 4.303495568544181345e-09 5.068308453874517968e-08 3.966684767211507305e-09
4.583414503641932036e+00 3.945089339382403409e-09 4.646001831525046888e-08 3.636316466554739296e-09
4.787185460434682405e+00 3.616527175359427398e-09 4.258882847159633002e-08 3.333458933010015718e-09
5.000015733769552995e+00 3.315312689131625369e-09 3.904016594752228302e-08 3.055811472748122452e-09
5.222308085735419603e+00 3.039292327258950919e-09 3.578725111832683539e-08 2.801380398181851866e-09
5.454483184551217612e+00 2.786232659750151403e-09 3.280534611917462339e-08 2.568116669940358078e-09
5.696980400642586595e+00 2.554244615977047587e-09 3.007188326812457234e-08 2.354277105844565559e-09
5.950258638110759613e+00 2.341553053214080772e-09 2.756614428319489758e-08 2.158226645990431062e-09
6.214797203167166550e+00 2.146614675081450960e-09 2.526925902020415049e-08 1.978538522758520472e-09
6.491096711177193335e+00 1.967924247930357374e-09 2.316365767489143865e-08 1.813826274413001187e-09
6.779680034029589741e+00 1.804095171235775364e-09 2.123355258515346102e-08 1.662815149017640054e-09
7.081093289624342368e+00 1.653931411831601804e-09 1.946421865086522017e-08 1.524398800929510773e-09
7.395906875351522913e+00 1.516297689232213927e-09 1.784231228968152125e-08 1.397530965543101240e-09
7.724716547516883303e+00 1.390110969180302942e-09 1.635557759896750194e-08 1.281216434081567498e-09
8.068144548756912116e+00 1.274419939004016817e-09 1.499271035589587884e-08 1.174577732573777141e-09
8.426840785576876769e+00 1.168391328350540921e-09 1.374336339896320793e-08 1.076843531251636953e-09
8.801484058240248487e+00 1.071182558749032680e-09 1.259814473868593148e-08 9.872404561714290455e-10
9.192783345336948742e+00 9.820817664312574702e-10 1.154835291950496044e-08 9.051104066875090768e-10
9.601479145461361497e+00 9.004162680607448564e-10 1.058601016851214533e-08 8.298330052622294518e-10
1.002834487853911227e+01 8.255299397898355163e-10 9.703839140411197850e-09 7.608062439730679920e-10
1.047418834945448829e+01 7.568951221690612480e-10 8.895168263031288665e-09 6.975409506204429953e-10
1.093985327674830188e+01 6.939710570964992699e-10 8.153857578800474974e-09 6.395400946642336947e-10
1.142622088927908841e+01 6.363109093258635879e-10 7.474387435303356210e-09 5.863902297341708996e-10
1.193421159386922703e+01 5.834329505519432223e-10 6.851488575793176298e-09 5.376498166501818975e-10
1.246478671709178343e+01 5.349694764258578567e-10 6.280457394443913895e-09 4.929776326089154272e-10
1.301895032449433032e+01 4.905378511097675137e-10 5.757070532386789474e-09 4.520227316270834121e-10
1.359775112070238734e+01 4.498144957809846811e-10 5.277232291773613011e-09 4.144851038412523041e-10
1.420228443399830631e+01 4.124804872154366930e-10 4.837435434735883535e-09 3.800723201394494235e-10
1.483369428913121624e+01 3.782551301588611878e-10 4.434219340539812250e-09 3.485246984729087333e-10
1.549317557228063258e+01 3.468902134864238861e-10 4.064647540642367600e-09 3.196133710520513832e-10
1.618197629227075041e+01 3.181258738049361296e-10 3.725843564059942412e-09 2.930999498608651043e-10
1.690139994231451581e+01 2.917637813956363648e-10 3.415295484280175883e-09 2.688005380176641629e-10
1.765280796675694930e+01 2.676007438209974451e-10 3.130613685242377551e-09 2.465278658174488610e-10
1.843762233748569912e+01 2.454460505320491848e-10 2.869631441156773156e-09 2.261066395920277824e-10
1.925732824488454753e+01 2.251406851460251520e-10 2.630403831848731129e-09 2.073898401473391478e-10
2.011347690842221425e+01 2.065239995294246883e-10 2.411151587389862744e-09 1.902300926011690457e-10
2.100768851219521594e+01 1.894574394577142260e-10 2.210122072493495562e-09 1.744989347750807808e-10
2.194165527098010315e+01 1.738145218351547219e-10 2.025864006975499443e-09 1.600800203591055898e-10
2.291714463259722478e+01 1.594749583788688303e-10 1.856962501557436065e-09 1.468624857109858836e-10
2.393600262264625655e+01 1.463326003549907140e-10 1.702126867466461495e-09 1.347482349418337148e-10
2.500015733794308304e+01 1.342819199086509527e-10 1.560194607703002186e-09 1.236405013227182320e-10
2.611162259526905771e+01 1.232357628819604179e-10 1.430109470053459084e-09 1.134587648707718924e-10
2.727250174233754620e+01 1.131115946400994742e-10 1.310851017209095169e-09 1.041266446592771086e-10
2.848499163818970814e+01 1.038296830838205084e-10 1.201547927445558873e-09 9.557107423199972011e-11
2.975138681055199186e+01 9.532291392441483559e-11 1.101339265044299634e-09 8.772974512645706358e-11
3.107408379802284770e+01 8.752193802827077739e-11 1.009490426698683348e-09 8.053925498610555343e-11
3.245558568530577048e+01 8.037273324114681074e-11 9.252898788044334674e-10 7.394933023174889314e-11
3.389850684007124926e+01 7.381971600043989300e-11 8.481299893949105612e-10 6.790903514822485266e-11
3.540557786041171795e+01 6.781282808290017064e-11 7.773924405512832594e-10 6.237204366844415881e-11
3.697965074225202642e+01 6.230488324152712480e-11 7.125481027625146185e-10 5.729503163630909277e-11
3.862370427649444338e+01 5.725784577965166876e-11 6.531139843486347658e-10 5.264271217738830752e-11
4.034084968611161770e+01 5.263120460494577828e-11 5.986449706791679380e-10 4.837794952931022168e-11
4.213433651385538070e+01 4.838960517214670780e-11 5.487045177273625753e-10 4.446802262943872314e-11
4.400755877172315422e+01 4.450161941990027161e-11 5.029457756782376471e-10 4.088411361253656359e-11
4.596406136381946084e+01 4.093888802667676934e-11 4.609951392867633328e-10 3.759981862380845202e-11
4.800754679476705888e+01 3.767372413403581839e-11 4.225523577074275954e-10 3.458978442238698914e-11
5.014188217636289124e+01 3.468021740611123575e-11 3.873024204139924428e-10 3.183005872292893589e-11
5.237110654573820057e+01 3.193745060719014159e-11 3.550064701081254711e-10 2.930140776821464468e-11
5.469943850887192127e+01 2.942332790682295929e-11 3.254088136587335756e-10 2.698349192890752898e-11
5.713128422392179573e+01 2.711921474571073231e-11 2.982757650213240774e-10 2.485903295387571703e-11
5.967124573948116506e+01 2.500853025224223381e-11 2.734083381037083375e-10 2.291271513018516324e-11
6.232412970354067028e+01 2.307340673758829190e-11 2.506190632605920769e-10 2.112822315807028669e-11
6.509495645963586696e+01 2.130163209673671955e-11 2.297298679385137967e-10 1.949405205231597656e-11
6.798896954739448972e+01 1.967778742135825176e-11 2.105824408942639758e-10 1.799614521752354690e-11
7.101164562546192371e+01 1.819097323916154154e-11 1.930348927051438759e-10 1.662434925630546363e-11
7.416870483558362537e+01 1.682879262300935929e-11 1.769514615150823725e-10 1.536730077799178404e-11
7.746612162745724106e+01 1.558184540240808923e-11 1.622121187218061738e-10 1.421625401498101115e-11
8.091013606483961951e+01 1.443982366358327082e-11 1.487030231734156313e-10 1.316175041993253120e-11
8.450726563430438887e+01 1.339477167460084581e-11 1.363182112302616552e-10 1.219634582846895339e-11
8.826431757899723607e+01 1.243877046795076015e-11 1.249666916855273724e-10 1.131273800658075469e-11
9.218840178072943559e+01 1.156466838975218068e-11 1.145597785860532159e-10 1.050427480094549165e-11
9.628694421478752474e+01 1.076533959750670640e-11 1.050231919043138766e-10 9.764441363921080058e-12
1.005677010029216234e+02 1.003479819903936602e-11 9.628156565959774432e-11 9.087651671066164997e-12
1.050387730911060089e+02 9.368199562337951518e-12 8.826584683184076928e-11 8.469300394669923690e-12
1.097086215798481419e+02 8.760241134606300570e-12 8.091615834438732496e-11 7.904477241516181473e-12
1.145860837360586260e+02 8.205384997307557781e-12 7.417959113199772020e-11 7.388144450337361861e-12
1.196803897167805388e+02 7.701203152008636605e-12 6.800017475337465471e-11 6.917749381026613503e-12
1.250011800364298011e+02 7.242191138180854575e-12 6.233589656950515089e-11 6.488371448535209525e-12
1.305585238105978192e+02 6.825843240367656434e-12 5.714163045674611530e-11 6.097470940365833879e-12
1.363629378109453114e+02 6.449369371982261409e-12 5.238013226870815789e-11 5.742336945457447397e-12
1.424254063672426582e+02 6.108868788665105407e-12 4.801672208329040616e-11 5.419393121500376725e-12
1.487574021542239677e+02 5.802368752730871491e-12 4.401737674111814791e-11 5.126582820688637881e-12
1.553709079025877600e+02 5.527491323000446233e-12 4.035213204808780683e-11 4.861549493471418989e-12
1.622784390752347861e+02 5.282194467581245178e-12 3.699470532986516064e-11 4.622222271724272049e-12
1.694930675516510235e+02 5.064119386839696698e-12 3.392017816848802822e-11 4.406282596840619565e-12
1.770284463652615727e+02 4.872159372163526750e-12 3.110670157305587638e-11 4.212384817768829321e-12
1.848988355405630273e+02 4.702762884258482438e-12 2.853333655561949279e-11 4.037342479389204967e-12
1.931191290789346340e+02 4.556939521595216250e-12 2.618236575261881910e-11 3.881397325106607013e-12
2.017048831441905747e+02 4.430513340139094479e-12 2.403642849260765967e-11 3.740960926238073266e-12
2.106723455012179329e+02 4.322360588737449784e-12 2.207957315397099402e-11 3.614730562803062143e-12
2.200384862634040246e+02 4.230276873420974651e-12 2.029810882516811472e-11 3.500704098200398462e-12
2.298210300070466019e+02 4.150327811092691629e-12 1.867783036277438607e-11 3.395767552295803014e-12
2.400384893135133382e+02 4.079676114916077861e-12 1.720638341055326152e-11 3.297767317625436103e-12
2.507101998026336389e+02 4.014386243710417181e-12 1.587208404070129304e-11 3.204021373363182738e-12
2.618563567236125778e+02 3.947531440690467394e-12 1.466339805517100286e-11 3.110227507068830592e-12
2.734980531727196080e+02 3.873090731207042979e-12 1.356983493896511314e-11 3.013095562058687045e-12
2.856573200100691565e+02 3.783814233430905335e-12 1.258177229649115531e-11 2.908975429032582807e-12
2.983571675510349905e+02 3.672572370946278350e-12 1.168858966166727649e-11 2.794527611623916820e-12
3.116216291111976489e+02 3.534113597764970739e-12 1.088015735818270412e-11 2.667614073780817475e-12
3.254758064872232239e+02 3.365180112232176921e-12 1.014660955949328639e-11 2.527064846756998333e-12
3.399459174597515698e+02 3.167667804837449071e-12 9.478265482519243399e-12 2.374201708362328576e-12
3.550593454081774212e+02 2.947184414574378834e-12 8.865729238093493600e-12 2.211896218207306444e-12
3.708446911312281600e+02 2.712663851878631049e-12 8.300132735913313357e-12 2.044482512595000991e-12
3.873318269713919904e+02 2.475936636604545208e-12 7.773499563298699120e-12 1.877829374027653562e-12
4.045519533456335921e+02 2.246749122705771146e-12 7.279248648692733671e-12 1.716843306903960665e-12
4.225376577893648573e+02 2.034508067889880269e-12 6.812721091873029548e-12 1.566652764996387845e-12
4.413229766254188462e+02 1.844696927793993004e-12 6.371552658282060421e-12 1.430529037716816048e-12
4.609434593747161557e+02 1.679677423361495657e-12 5.955840192223788061e-12 1.310178407238271074e-12
4.814362360305290167e+02 1.540406794446925984e-12 5.567875913742630826e-12 1.206591555269050531e-12
5.028400873236400912e+02 1.424664692432613490e-12 5.211433584115608891e-12 1.118811855226011811e-12
5.251955181113798972e+02 1.329608201941315750e-12 4.890664269089521618e-12 1.045399113207193845e-12
5.485448340294104810e+02 1.250980698078241320e-12 4.608950166338488980e-12 9.839207714045002868e-13
5.729322215513284391e+02 1.183783757986464735e-12 4.367754520315773561e-12 9.313593099466119813e-13
5.984038316075743751e+02 1.122098235728551750e-12 4.165704964228130901e-12 8.839833885959195699e-13
6.250078669219093399e+02 1.060070372878762931e-12 3.997904881783226502e-12 8.378966494269631373e-13
6.527946732307157163e+02 9.937380372177785791e-13 3.855774385643964171e-12 7.901061665253635398e-13
6.818168345577655600e+02 9.215892861644939866e-13 3.727951351874365070e-12 7.389203133578768938e-13
7.121292727247354151e+02 8.459614181186564909e-13 3.602924201083365235e-12 6.851007482339377951e-13
7.437893512858045142e+02 7.716146301636414756e-13 3.473221773547156847e-12 6.313526551763159796e-13
7.768569840829987925e+02 7.039947675466906477e-13 3.339508106450435487e-12 5.814256367269084201e-13
8.113947486277374992e+02 6.467872599361126439e-13 3.211478926211512383e-12 5.383619363755940142e-13
8.474680045231206122e+02 6.009796607623759952e-13 3.104048223581093708e-12 5.034968444585356505e-13
8.851450171510871314e+02 5.647156292773197866e-13 3.030638311988656508e-12 4.760167842791027734e-13
9.244970868584839536e+02 5.337839251581480246e-13 2.996261373973798827e-12 4.530695845157477998e-13
9.655986838865461550e+02 5.031760760186862920e-13 2.992540677744530823e-12 4.307485364575927589e-13
1.008527589299101805e+03 4.694301937030726068e-13 2.997516051670921878e-12 4.058685774668414605e-13
1.053365042176224733e+03 4.328963413854670736e-13 2.985744281990409857e-12 3.780794527357711098e-13
1.100195893351855602e+03 3.975561912488516981e-13 2.948109248027971953e-12 3.503156861628270981e-13
1.149108765986357412e+03 3.678207773438423018e-13 2.902891892061029713e-12 3.264560541410408784e-13
1.200196223277841000e+03 3.448456333538387624e-13 2.881682371978131965e-12 3.079891391139956697e-13
1.253554943629676245e+03 3.257743668927520117e-13 2.902815638646510548e-12 2.929027610393333069e-13
1.309285903605635212e+03 3.057430805427919584e-13 2.953541951836014075e-12 2.770623022827910945e-13
1.367494569018940865e+03 2.829862798649783171e-13 2.997211227750367266e-12 2.585727393980087719e-13
1.428291094516789599e+03 2.610570259725132771e-13 3.012207606233634281e-12 2.402365979084124798e-13
1.491790532038094852e+03 2.451236876286090438e-13 3.021014259600530717e-12 2.267271522686674623e-13
1.558113048538887824e+03 2.353692749975185301e-13 3.061083771783077510e-12 2.185637283003006310e-13
1.627384153397451882e+03 2.265209460303119961e-13 3.134954971173682741e-12 2.112563003049463480e-13
1.699734935929483299e+03 2.142136333814394397e-13 3.207659733288968032e-12 2.008035869508996355e-13
1.775302313462806751e+03 2.023095803103316179e-13 3.257975293565399507e-12 1.904813153618739575e-13
1.854229290441050580e+03 1.960000067125903082e-13 3.308316323545751943e-12 1.850375253008441572e-13
1.936665229046667719e+03 1.915690962980041060e-13 3.385763220453405548e-12 1.813104131769010932e-13
2.022766131855373487e+03 1.834533457082331493e-13 3.494956648020045833e-12 1.743039767936948586e-13
2.112694937056960953e+03 1.793704545147975542e-13 3.625631940625077529e-12 1.709148067617394698e-13
2.206621826801106636e+03 1.882391022027195430e-13 3.764177180225099805e-12 1.792739636479516947e-13
2.304724549251749067e+03 2.002181277351496450e-13 3.923790927123729186e-12 1.904976595837671620e-13
2.407188754959436665e+03 2.073492191583116513e-13 4.126835518769512507e-12 1.974295453822194641e-13
2.514208348188258242e+03 2.203388234990341804e-13 4.313787427113345155e-12 2.096313146081245814e-13
2.625985853862151089e+03 2.237700793210017466e-13 4.464271292293339445e-12 2.130890625743247254e-13
2.742732800825062895e+03 2.244018093586778418e-13 4.601012726925407833e-12 2.139661935862293156e-13
2.864670122140184958e+03 2.333694201529645195e-13 4.660583480637822237e-12 2.222411385028221925e-13
2.992028573185860296e+03 1.998768867327051616e-13 4.691520943728084284e-12 1.917093298839924427e-13
3.125049168339293374e+03 1.662131748947148075e-13 4.735099351661948342e-12 1.605765583029567266e-13
3.263983637074535636e+03 1.646542719201133546e-13 4.848259478182170160e-12 1.592460341939028411e-13
3.409094900337779109e+03 1.654615618224815756e-13 5.156574038710547340e-12 1.603173781875594401e-13
3.560657568101548804e+03 1.771344054358724657e-13 5.726311692219860897e-12 1.718194424345875429e-13
3.718958459039270565e+03 2.017409311462526125e-13 6.868642870787619633e-12 1.959846095037662569e-13
3.884297143303760095e+03 2.524002678275161231e-13 8.726044703781121473e-12 2.453048414590469005e-13
4.056986509436678261e+03 3.114633634038742403e-13 1.224232516080846455e-11 3.037358613389993127e-13
4.237353356481889023e+03 4.045011457055666424e-13 1.824846680725297029e-11 3.957292882033311808e-13
4.425739012423155145e+03 5.355882999296554893e-13 3.044977962731241583e-11 5.263305487325384249e-13
4.622499980116535880e+03 7.678401008020221292e-13 5.781304371722563026e-11 7.577757524690216417e-13
4.828008611939902949e+03 1.103017321331056095e-12 1.167224532384601692e-10 1.092691479173362778e-12
5.042653814436185712e+03 1.672978493040184063e-12 2.853640997003476699e-10 1.663227637660137019e-12
5.266841784283951711e+03 2.914086361560047444e-12 7.607974592668871484e-10 2.902967111928116534e-12
5.500996776987925841e+03 5.853710984947708239e-12 2.700160179901183231e-09 5.841048103795950562e-12
5.745561909744300465e+03 1.816971807387577102e-11 2.507810497424294074e-08 1.815656318698790791e-11
6.001000000000000000e+03 0.000000000000000000e+00 0.000000000000000000e+00 0.000000000000000000e+00
