1.000000000000000000e+00 7.793343009842036981e-08 2.568237004630285698e-07 5.979006891976884752e-08
1.047129071589127935e+00 7.108133246744925322e-08 2.342257989623918244e-07 5.453224040502187181e-08
1.096479292567109187e+00 6.482861189428885857e-08 2.136163248364644205e-07 4.973496727828262398e-08
1.148155343642500714e+00 5.912579258216917518e-08 1.948203302191767097e-07 4.535964679539379887e-08
1.202266839028468093e+00 5.392444786062021653e-08 1.776782333651057527e-07 4.136912655914234212e-08
1.258928558954275356e+00 4.918046572535191337e-08 1.620442745350430317e-07 3.772954285532849077e-08
1.318260693134829076e+00 4.485347098485705527e-08 1.477861442249373716e-07 3.440996040579769141e-08
1.380389095714713799e+00 4.090733010151350028e-08 1.347823931749737317e-07 3.138252907828741976e-08
1.445445552227504260e+00 3.730816317195870763e-08 1.229230174206811934e-07 2.862134557430173802e-08
1.513568059136620958e+00 3.402562132261515415e-08 1.121069751526603787e-07 2.610307060966806869e-08
1.584901116550688105e+00 3.103195728885244174e-08 1.022427781500242387e-07 2.380641397784124538e-08
1.659596034734294401e+00 2.830157990830626085e-08 9.324639183087162699e-08 2.171175850820083096e-08
1.737811255064319882e+00 2.581141015047984369e-08 8.504159783027357521e-08 1.980138925802046789e-08
1.819712686112638478e+00 2.354035186868560788e-08 7.755874406859481685e-08 1.805911426745808752e-08
1.905474055568085578e+00 2.146907183059118212e-08 7.073439348072660041e-08 1.647011605695707799e-08
1.995277278744179705e+00 1.958001921678410026e-08 6.451043140653233975e-08 1.502091470862806313e-08
2.089312844454274565e+00 1.785784055145754332e-08 5.883412691033720832e-08 1.369961538504559203e-08
2.187780219072644972e+00 1.628693842625140962e-08 5.365728618344765658e-08 1.249442568083567206e-08
2.290888269638597485e+00 1.485422201326349353e-08 4.893601078057472779e-08 1.139526126087954779e-08
2.398855706901088514e+00 1.354750864026691777e-08 4.463011880051918629e-08 1.039277376310282280e-08
2.511911549243617703e+00 1.235578174330365432e-08 4.070307397624846263e-08 9.478498763529574454e-09
2.630295608473477653e+00 1.126868940402936893e-08 3.712159845025191457e-08 8.644539672437122228e-09
2.754258998505793254e+00 1.027735069149197849e-08 3.385522881170506348e-08 7.884018182381354543e-09
2.884064668021372402e+00 9.373103905257828630e-09 3.087629252703328177e-08 7.190336345834861772e-09
3.019987958228226521e+00 8.548727689180476139e-09 2.815945035723162454e-08 6.557870365470181549e-09
3.162317186909868738e+00 7.796882747433617672e-09 2.568168626342390522e-08 5.981053027904309581e-09
3.311354259999273797e+00 7.111280862534768407e-09 2.342195007037913726e-08 5.455042267380400677e-09
3.467415311975743819e+00 6.485751486423631355e-09 2.136103706237687643e-08 4.975165363721224502e-09
3.630831376443087510e+00 5.915310398400632266e-09 1.948146926357728540e-08 4.537541343617189889e-09
3.801949088311525671e+00 5.394998921903276238e-09 1.776725624800809880e-08 4.138384954315728673e-09
3.981131419072778677e+00 4.920398793033197143e-09 1.620391656496890165e-08 3.774310795757042617e-09
4.168758446727986566e+00 4.487759152258313457e-09 1.477809924245494095e-08 3.442387500704761366e-09
4.365228162001612233e+00 4.093109800242663443e-09 1.347776663698573503e-08 3.139625897678426393e-09
4.570957312551463758e+00 3.733159077531061083e-09 1.229182779283918497e-08 2.863487432188204910e-09
4.786382286965549682e+00 3.404857483677267509e-09 1.121023213330795136e-08 2.611632482122710362e-09
5.011960040420881946e+00 3.105410998356230657e-09 1.022383875063563220e-08 2.381921105803109079e-09
5.248169063967726977e+00 2.832482392823592830e-09 9.324220091724902022e-09 2.172520818880900104e-09
5.495510399495309173e+00 2.583476488577944316e-09 8.503752270308629880e-09 1.981491004902825075e-09
5.754508702531921038e+00 2.356359761395025301e-09 7.755483894608455984e-09 1.807257983914011987e-09
6.025713355133808236e+00 2.149190223026533348e-09 7.073062726239866413e-09 1.648334451647993181e-09
6.309699631223472771e+00 1.960316086688001773e-09 6.450679332552595012e-09 1.503433284096400824e-09
6.607069916849297897e+00 1.788013665169069928e-09 5.883050405975623045e-09 1.371253638505093841e-09
6.918454987954862467e+00 1.630852987038219526e-09 5.365386109837101728e-09 1.250694243389884602e-09
7.244515348368347318e+00 1.487607950672530266e-09 4.893252928813099483e-09 1.140793084042415541e-09
7.585942630850135870e+00 1.356910313718473353e-09 4.462679953615342302e-09 1.040529689843539602e-09
7.943461064170490360e+00 1.237687942817720258e-09 4.069981665169203842e-09 9.490732480576665083e-10
8.317829009329230416e+00 1.128991840147917237e-09 3.711834382893435248e-09 8.656850168098607981e-10
8.709840568176032249e+00 1.029822445699160661e-09 3.385211932889223854e-09 7.896127035487757009e-10
9.120327267843492791e+00 9.394086470203435936e-10 3.087322559166354427e-09 7.202510820106078791e-10
9.550159824565964684e+00 8.569570661987944611e-10 2.815647610513186362e-09 6.569966898575220121e-10
1.000024999062554620e+01 7.817236087360579099e-10 2.567871077220622682e-09 5.992860729299038948e-10
1.047155248834291719e+01 7.131217269436252991e-10 2.341895987404768052e-09 5.466603034793342881e-10
1.096506703521533943e+01 6.505445294039342978e-10 2.135799906178634246e-09 4.986580004691502661e-10
1.148184046449759421e+01 5.935138118723037386e-10 1.947858052557385337e-09 4.549041696496993155e-10
1.202296894572384467e+01 5.414596911931328368e-10 1.776438942691229799e-09 4.149750413033097321e-10
1.258960030988072276e+01 4.940044271482293213e-10 1.620105989596346848e-09 3.785703551578755326e-10
1.318293648416360320e+01 4.507198454372012493e-10 1.477528461330375806e-09 3.453659974094631935e-10
1.380423604148067440e+01 4.112520072673034442e-10 1.347493183020397654e-09 3.150878702363332744e-10
1.445481687011284144e+01 3.752418730323807897e-10 1.228906858128648745e-09 2.874654340141992575e-10
1.513605896919212235e+01 3.424007551398926603e-10 1.120752444042283996e-09 2.622736179502268080e-10
1.584940737592843618e+01 3.124527489242708860e-10 1.022115171609418820e-09 2.393004433666093109e-10
1.659637523079382504e+01 2.851378294541233106e-10 9.321526511637680023e-10 2.183472128508132084e-10
1.737854698716593305e+01 2.602189294489112832e-10 8.501107665418433305e-10 1.992335379133674940e-10
1.819758177223910778e+01 2.375053773105379768e-10 7.752893145180070957e-10 1.818091886293177046e-10
1.905521690633197096e+01 2.167795071764704079e-10 7.070471178955897032e-10 1.659113535031469003e-10
1.995327158805684675e+01 1.978790654751057534e-10 6.448172077753691203e-10 1.514137780444791239e-10
2.089365075316769804e+01 1.806390301558486387e-10 5.880580696503052798e-10 1.381899832895677693e-10
2.187834911527197335e+01 1.649234433912406757e-10 5.362941742999002855e-10 1.261341410494329994e-10
2.290945539697756672e+01 1.505839344487820281e-10 4.890881953328654784e-10 1.151352721445240922e-10
2.398915676044964940e+01 1.375109253842483580e-10 4.460345167882108989e-10 1.051068429709991570e-10
2.511974344677568993e+01 1.255841701038873039e-10 4.067676749455174033e-10 9.595830531662722030e-11
2.630361363397931740e+01 1.147104934024865996e-10 3.709638818823220641e-10 8.761724334389429907e-11
2.754327852398788679e+01 1.047928869593782200e-10 3.383042493112708832e-10 8.000927122737908002e-11
2.884136766934421203e+01 9.574485459539883504e-11 3.085227153143063843e-10 7.306908769294469170e-11
3.020063455096109095e+01 8.749389019835519317e-11 2.813619277084828110e-10 6.674003340552210940e-11
3.162396241875041980e+01 7.996682839103328536e-11 2.565926624915491205e-10 6.096664026336607038e-11
3.311437040751560801e+01 7.310416663665018175e-11 2.340029829522727541e-10 5.570236017661627401e-11
3.467501994108030772e+01 6.684385137668074998e-11 2.134012829261471227e-10 5.090030795715562773e-11
3.630922143823793391e+01 6.114095844244602906e-11 1.946144534647739346e-10 4.652458426141004504e-11
3.802044133474613830e+01 5.593244593055576838e-11 1.774826414608976025e-10 4.252954835980904387e-11
3.981230943626162144e+01 5.118442083503809502e-11 1.618585703789650548e-10 3.888716138853215910e-11
4.168862661781172108e+01 4.685547093220655482e-11 1.476109353023477211e-10 3.556593666873667313e-11
4.365337288613498856e+01 4.290771565338105064e-11 1.346183570866915504e-10 3.253700202143452395e-11
4.571071582199255801e+01 3.930863323910304144e-11 1.227685279960393395e-10 2.977509603157151209e-11
4.786501942035751966e+01 3.602699031824918266e-11 1.119645012524193216e-10 2.725659400954362840e-11
5.012085334723456498e+01 3.303238625140499275e-11 1.021099280658529025e-10 2.495838998328966061e-11
5.248300263274455801e+01 3.030475834141370052e-11 9.312638162333734777e-11 2.286434761204873041e-11
5.495647782103555556e+01 2.781658377475501596e-11 8.493394566826194337e-11 2.095397890078840542e-11
5.754652559854947924e+01 2.554852327334063343e-11 7.746225096352138387e-11 1.921203035515759540e-11
6.025863992318909368e+01 2.348018445202119721e-11 7.064902127689187932e-11 1.762313872820295444e-11
6.309857367799257588e+01 2.159710347761067664e-11 6.443667449302074324e-11 1.617557149767314615e-11
6.607235087403454088e+01 1.987994534907310461e-11 5.877042387582533331e-11 1.485502008836599095e-11
6.918627942843887979e+01 1.831735329273726212e-11 5.360487895328522685e-11 1.365223902732862353e-11
7.244696454460721213e+01 1.689207346163470801e-11 4.889399352350110609e-11 1.255464824517153454e-11
7.586132272304500646e+01 1.559648471111707447e-11 4.459894285164052072e-11 1.155547453487894295e-11
7.943659643250535396e+01 1.441524346274561353e-11 4.068131250225949583e-11 1.064369657654432401e-11
8.318036947256955216e+01 1.334206383028242304e-11 3.710866360300717552e-11 9.813657476048742399e-12
8.710058306025237584e+01 1.236630616212972020e-11 3.385026639393386780e-11 9.057416739184752971e-12
9.120555267475383232e+01 1.147912702390551371e-11 3.087885040856472789e-11 8.368252397253792864e-12
9.550398569608826449e+01 1.067342418362577517e-11 2.816926468546939655e-11 7.740517448267179767e-12
1.000049998750062343e+02 9.944277992530708681e-12 2.569736627747907469e-11 7.169752102434802316e-12
1.047181426733861684e+02 9.283255359872316105e-12 2.344295112682844905e-11 6.649927537057919533e-12
1.096534115161207410e+02 8.686249007516424526e-12 2.138628381187629755e-11 6.177284356161071621e-12
1.148212749974560154e+02 8.147028126238119740e-12 1.951028919262987689e-11 5.747154468049506619e-12
1.202326950867661139e+02 7.662600119028667326e-12 1.779844653934670129e-11 5.356511081450795853e-12
1.258991503808641426e+02 7.228611770329257269e-12 1.623697068957196629e-11 5.001825871644063172e-12
1.318326604521743093e+02 6.841411093772978145e-12 1.481263414532706167e-11 4.679925549746969255e-12
1.380458113444099411e+02 6.498751959902105064e-12 1.351320483840600448e-11 4.388324805676883564e-12
1.445517822698399470e+02 6.196702950962642875e-12 1.232821850766502239e-11 4.123866769269392512e-12
1.513643735647713129e+02 5.934440853458702646e-12 1.124740178384086128e-11 3.884742867822004433e-12
1.584980359625488120e+02 5.709717162387963079e-12 1.026196106924802254e-11 3.668549690713426614e-12
1.659679012461640184e+02 5.521610076958556470e-12 9.363617266235466135e-12 3.473392932602316589e-12
1.737898143454918340e+02 5.369097939241394352e-12 8.544961115718543011e-12 3.297293258285252896e-12
1.819803669472416630e+02 5.252038598820576463e-12 7.799577981625675726e-12 3.138590868151946150e-12
1.905569326889140314e+02 5.169750421287722970e-12 7.121318849712311526e-12 2.995300108696647408e-12
1.995377040114145757e+02 5.123073667468796385e-12 6.504660674815400448e-12 2.865894149110765081e-12
2.089417307484988271e+02 5.112447543454949448e-12 5.944607136148582380e-12 2.748606480717640741e-12
2.187889605349009798e+02 5.138221080316333524e-12 5.436489374768188726e-12 2.641574388915634931e-12
2.291002811188612895e+02 5.200875293317574632e-12 4.976168849934548054e-12 2.543020671101354580e-12
2.398975646688014933e+02 5.298184716148141800e-12 4.559618532962268789e-12 2.450617101227552846e-12
2.512037141681347236e+02 5.427434790204885010e-12 4.183140260434501774e-12 2.362368626451594714e-12
2.630427119966196869e+02 5.579819761894197448e-12 3.843286245596487177e-12 2.275772396781734554e-12
2.754396708013068178e+02 5.740151972288136689e-12 3.536742919350995185e-12 2.188387610415370322e-12
2.884208867649872445e+02 5.884527143070856783e-12 3.260616652187638244e-12 2.098073865486402693e-12
3.020138953851341626e+02 5.979410606029481657e-12 3.011683803649312976e-12 2.002881213010335639e-12
3.162475298816517011e+02 5.984980602810686367e-12 2.786959887286015895e-12 1.901506386762364089e-12
3.311519823573290182e+02 5.866445649912989952e-12 2.583553241467824732e-12 1.793642208661975141e-12
3.467588678407289535e+02 5.608836741737263277e-12 2.398672849279851981e-12 1.680143402330854301e-12
3.631012913473597905e+02 5.226398723599624921e-12 2.229673630756399363e-12 1.562909111393067090e-12
3.802139181013744178e+02 4.761587547276924159e-12 2.074133310032243222e-12 1.444787981633509681e-12
3.981330470667566601e+02 4.270884052447677504e-12 1.929969271640604347e-12 1.329280754302609840e-12
4.168966879439635704e+02 3.801586799032167110e-12 1.795569784166400002e-12 1.219550371114901091e-12
4.365446417953451146e+02 3.386723253442035238e-12 1.669902403574518598e-12 1.118433058875343490e-12
4.571185854703683162e+02 3.042905786005572206e-12 1.552570371593843238e-12 1.028038271744971935e-12
4.786621600097219016e+02 2.772167621138315522e-12 1.443773782514668460e-12 9.493450095553068303e-13
5.012210632158268595e+02 2.571629191590795420e-12 1.344142171631050490e-12 8.827469547074321638e-13
5.248431465861045808e+02 2.432322651627205422e-12 1.254462812875847865e-12 8.276202520488096556e-13
5.495785168146238675e+02 2.344342461507230888e-12 1.175360562699099176e-12 7.828636836023589482e-13
5.754796420774272292e+02 2.290957817736463751e-12 1.106977718265097163e-12 7.463470777623169201e-13
6.026014633269801379e+02 2.251675745902475537e-12 1.048720860910078378e-12 7.154835033640856907e-13
6.310015108318302737e+02 2.200477763415274793e-12 9.991133907661566845e-13 6.871274152130929779e-13
6.607400262086716793e+02 2.112388891166510188e-12 9.558442859251544855e-13 6.580708618720994705e-13
6.918800902056626683e+02 1.978443739999646446e-12 9.161496430294668036e-13 6.261848509643777223e-13
7.244877565080579416e+02 1.812275220126005553e-12 8.776062274828852745e-13 5.912766231795478866e-13
7.586321918499722869e+02 1.643018020706213555e-12 8.391625700743698783e-13 5.554628982497785140e-13
7.943858227294870176e+02 1.496837493336471569e-12 8.018134972990613229e-13 5.221255903179319136e-13
8.318244890382935637e+02 1.387554414608737031e-12 7.682769893947670648e-13 4.944849241445069751e-13
8.710276049317684510e+02 1.315374155719052086e-12 7.416330657611397662e-13 4.742447948368981061e-13
9.120783272807046842e+02 1.267567628394325003e-12 7.235699308463394722e-13 4.606280550350883869e-13
9.550637320620094215e+02 1.223712064339891841e-12 7.129947651666467207e-13 4.505071612557495545e-13
1.000074999062538950e+03 1.165234472861040619e-12 7.057823350019779457e-13 4.395481128894669156e-13
1.047207605287854676e+03 1.090398416455533231e-12 6.967105864461483755e-13 4.250955699709385697e-13
1.096561527486145678e+03 1.016003869605989484e-12 6.834767415387877640e-13 4.086042580511349221e-13
1.148241454216924012e+03 9.617665276932423816e-13 6.692846056450252073e-13 3.946507366033995886e-13
1.202357007914316910e+03 9.331643659875474766e-13 6.602265202335671236e-13 3.866595871042438112e-13
1.259022977416000913e+03 9.185255328874682120e-13 6.594469473673048787e-13 3.838589495830567364e-13
1.318359561450997035e+03 8.960257253055015956e-13 6.634709228068303966e-13 3.812044197380533149e-13
1.380492623602831372e+03 8.580782437994433387e-13 6.650074175385536386e-13 3.746528586276630251e-13
1.445553959288872875e+03 8.197422394267119341e-13 6.617228189558583580e-13 3.661525072233953807e-13
1.513681575322146045e+03 7.948355020202833313e-13 6.596198000952123620e-13 3.604711909596821615e-13
1.585019982648646192e+03 7.776288055876187737e-13 6.640304521542260110e-13 3.581770134721823715e-13
1.659720502881093125e+03 7.558503839849542257e-13 6.708608157902990978e-13 3.554120871101557859e-13
1.737941589279320169e+03 7.345463103507467998e-13 6.720702189963243374e-13 3.509603999105005922e-13
1.819849162858188720e+03 7.209318982533968527e-13 6.685897186421880546e-13 3.468874821035889586e-13
1.905616964335945568e+03 7.025016162231232838e-13 6.670275304150042117e-13 3.421525707080657869e-13
1.995426922669591704e+03 6.661535106100291728e-13 6.667825403240374878e-13 3.332339385217078915e-13
2.089469540958960806e+03 6.262043788197343759e-13 6.632075378441021371e-13 3.220875027576664942e-13
2.187944300538116295e+03 6.086943937284650477e-13 6.580267658007743909e-13 3.161999783875557225e-13
2.291060084111202286e+03 6.102914541144061074e-13 6.541339219450185394e-13 3.157262974692330332e-13
2.399035618830273506e+03 6.046759381685941572e-13 6.501227465605799158e-13 3.132881684412255781e-13
2.512099940254994181e+03 6.033270782459836914e-13 6.459107901801497723e-13 3.119465713426591813e-13
2.630492878178314186e+03 6.190278985999859466e-13 6.433120230111268847e-13 3.154681896144335197e-13
2.754465565348672044e+03 6.308450983577434419e-13 6.428902546705436009e-13 3.184053618176263829e-13
2.884280970167778378e+03 6.575843245467354010e-13 6.448615342794871126e-13 3.255803944338284425e-13
3.020214454493972880e+03 6.787663180584269652e-13 6.499453399168116294e-13 3.320216261117416100e-13
3.162554357734339192e+03 6.934560991480577136e-13 6.594314317234064773e-13 3.380079554757743677e-13
3.311602608464510467e+03 7.393696199400417766e-13 6.735826446346382167e-13 3.524723067071442434e-13
3.467675364873574836e+03 8.279800034839892912e-13 6.958604722257754660e-13 3.780963725546852825e-13
3.631103685392558418e+03 9.036753032462543152e-13 7.268982853449101443e-13 4.028521208943389713e-13
3.802234230928971556e+03 9.612071416501612900e-13 7.726160229373366096e-13 4.283274408652850529e-13
3.981430000197057325e+03 1.061344223539011241e-12 8.336684467447813880e-13 4.669146566533544901e-13
4.169071099703442997e+03 1.168977097611493237e-12 9.230484119260330673e-13 5.157788222987425305e-13
4.365555550021532326e+03 1.263897287298369016e-12 1.030886745147241746e-12 5.677810819150908235e-13
4.571300130064813857e+03 1.324452548100065829e-12 1.148342737118917021e-12 6.150632336451844178e-13
4.786741261150024911e+03 1.403179083572715849e-12 1.247878825579478044e-12 6.604900861808696678e-13
5.012335932725398379e+03 1.469480061655668265e-12 1.317154842728652942e-12 6.945770960012429143e-13
5.248562671727574525e+03 1.588693117418237348e-12 1.404522575020966715e-12 7.454709508007404146e-13
5.495922557623443936e+03 1.863247354793477972e-12 1.609787892778822657e-12 8.636344923638057369e-13
5.754940285289983876e+03 2.354757927856419010e-12 2.103505165183105947e-12 1.111025832399867262e-12
6.026165277986574438e+03 3.236856948991404158e-12 3.212798667073065429e-12 1.612391468673701069e-12
6.310172852780722678e+03 5.015775808467483877e-12 5.827667596766530159e-12 2.695663458486098632e-12
6.607565440899192254e+03 9.153640731285602672e-12 1.285522421016971936e-11 5.346577583761452455e-12
6.918973865593180562e+03 2.089630800371601348e-11 3.647146025169741896e-11 1.328479196491731892e-11
7.245058680228029516e+03 6.209613670304546587e-11 1.353688846312941321e-10 4.256898112183187934e-11
7.586511569435923775e+03 2.670382940581453689e-10 7.050848574662334397e-10 1.936839557917799308e-10
7.944056816303618689e+03 1.548605745615727873e-09 4.702823309728852429e-09 1.164984699272132028e-09
8.318452838707295086e+03 1.190679279512802412e-08 3.889975475037640820e-08 9.116370664217908165e-09
8.710493798053517821e+03 1.045417467057354927e-07 3.909557402982922941e-07 8.248517307835538431e-08
9.121011283838632153e+03 9.015251004443514326e-07 4.375964981973240043e-06 7.475224412183424622e-07
9.550876077599908967e+03 1.004364274912196917e-05 8.361798369847008852e-05 8.966630065294251570e-06
1.000099999999999818e+04 0.000000000000000000e+00 0.000000000000000000e+00 0.000000000000000000e+00
