1.000000000000000000e+00 7.823025331679538889e-08 9.758923512059924213e-07 7.242450310543306167e-08
1.048083990498704487e+00 7.121719149279498047e-08 8.884025401572532979e-07 6.593188086730334483e-08
1.098480051139688385e+00 6.483302139499186390e-08 8.087564474689911045e-07 6.002146995920191978e-08
1.151299355481705478e+00 5.902122011076950967e-08 7.362509324955326287e-07 5.464095303873938367e-08
1.206658422751852200e+00 5.373040562642858166e-08 6.702457764417397389e-07 4.974276547985160792e-08
1.264679374886633845e+00 4.891383833253277877e-08 6.101572352676441813e-07 4.528363261382057575e-08
1.325490205932590149e+00 4.452902896893166583e-08 5.554565211832727884e-07 4.122422534422278924e-08
1.389225064400778642e+00 4.053724916549134931e-08 5.056589760555511015e-07 3.752868100989835321e-08
1.456024549197987739e+00 3.690328862516663826e-08 4.603265673161178121e-07 3.416440902033219416e-08
1.526036019787504028e+00 3.359505470293911826e-08 4.190575376104218182e-07 3.110169065364599144e-08
1.599413921263647120e+00 3.058337697712479764e-08 3.814889124241780931e-07 2.831352537248552326e-08
1.676320125057183974e+00 2.784165624340266473e-08 3.472877734317637718e-07 2.577528191748792797e-08
1.756924286023220594e+00 2.534569889786864582e-08 3.161528066413255927e-07 2.346456488936947904e-08
1.841404216699304097e+00 2.307348655145400117e-08 2.878091263836438671e-07 2.136098878062732242e-08
1.929946279559347611e+00 2.100495584679685406e-08 2.620068478654988469e-07 1.944598140001226370e-08
2.022745798128689376e+00 1.912187338177436571e-08 2.385174281411088417e-07 1.770265651747101849e-08
2.120007487867203277e+00 1.740776544074909818e-08 2.171339597221686185e-07 1.611575525608090156e-08
2.221945907770991990e+00 1.584736754224013274e-08 1.976675423487442165e-07 1.467115433002431270e-08
2.328785933688887866e+00 1.442684092734834764e-08 1.799464018525638483e-07 1.335604673692223957e-08
2.440763254397900539e+00 1.313365123750664372e-08 1.638139062867203517e-07 1.215882684749016870e-08
2.558124891531956102e+00 1.195636009347383312e-08 1.491275908053271678e-07 1.106890640310201464e-08
2.681129744510877710e+00 1.088458302421890099e-08 1.357580366311157409e-07 1.007667228251520636e-08
2.810049161671732687e+00 9.908866081277052962e-09 1.235869632390099386e-07 9.173370242069124854e-09
2.945167538862448531e+00 9.020596761721951491e-09 1.125071436216592700e-07 8.351028104550440152e-09
3.086782946818203310e+00 8.211989981833329821e-09 1.024206651471020714e-07 7.602434155995672526e-09
3.235207788704572263e+00 7.475953940475254751e-09 9.323839930622295989e-08 6.921019261172831022e-09
3.390769489277977389e+00 6.805897007317102506e-09 8.487944216969065371e-08 6.300688273947178529e-09
3.553811217183716842e+00 6.195888930745056658e-09 7.726969663107067294e-08 5.735950389803561260e-09
3.724692641984967079e+00 5.640545896259580945e-09 7.034229037552880333e-08 5.221822937642890459e-09
3.903790727592766796e+00 5.134967281954382097e-09 6.403599363352225839e-08 4.753768457508930262e-09
4.091500563847268346e+00 4.674710758963060400e-09 5.829489284229467691e-08 4.327671561791926457e-09
4.288236238084743412e+00 4.255780032398528359e-09 5.306851991747270260e-08 3.939829140717334673e-09
4.494431748613010313e+00 3.874395756943655228e-09 4.831079818074669641e-08 3.586748220377129609e-09
4.710541962110394110e+00 3.527182964809561194e-09 4.397947716731635975e-08 3.265303480277461687e-09
4.937043617060258072e+00 3.211074910032886127e-09 4.003650200643223901e-08 2.972656880330113832e-09
5.174436375434672719e+00 2.923324769918647762e-09 3.644710105775913481e-08 2.706262659698541449e-09
5.423243924947224848e+00 2.661393258431836882e-09 3.317944626741299858e-08 2.463769146671874582e-09
5.684015134306542372e+00 2.422934199759653286e-09 3.020473121456776082e-08 2.243006826415097489e-09
5.957325264019030620e+00 2.205828713704707731e-09 2.749667521298501873e-08 2.042014904397135772e-09
6.243777235411813287e+00 2.008203610194920051e-09 2.503147467157522374e-08 1.859056800903226844e-09
6.544002960675382674e+00 1.828310043545551952e-09 2.278718891658844858e-08 1.692512771235807953e-09
6.858664736859990008e+00 1.664523705464041312e-09 2.074416485423779594e-08 1.540882415226545602e-09
7.188456706900965720e+00 1.515422946604434374e-09 1.888425453080125359e-08 1.402847308600410383e-09
7.534106390895940031e+00 1.379702591581700502e-09 1.719116316501114745e-08 1.277199064488922288e-09
7.896376291012006554e+00 1.256138496025598683e-09 1.564976662925526686e-08 1.162805195648920955e-09
8.276065573563224476e+00 1.143652566386418220e-09 1.424660857300642921e-08 1.058667576154222678e-09
8.674011831969092867e+00 1.041258470426985657e-09 1.296925254374531066e-08 9.638723421737615630e-10
9.091092934483143040e+00 9.480319560690424391e-10 1.180640954063494300e-08 8.775651629946178262e-10
9.528228960767670230e+00 8.631763849522048184e-10 1.074781870870348171e-08 7.990067366551119410e-10
9.986384231586702853e+00 7.859169362774855436e-10 9.784104779117096311e-09 7.274813485976421098e-10
1.046656943609472812e+01 7.155921397652760518e-10 8.906787264995312913e-09 6.623753532560574201e-10
1.096984386141394019e+01 6.515660636601261248e-10 8.108129707877281203e-09 6.031011002200725961e-10
1.149731772941843744e+01 5.932880448503247730e-10 7.381106240369328867e-09 5.491479269212768694e-10
1.205015464588037766e+01 5.402248899897410882e-10 6.719224600942445029e-09 5.000230906482111004e-10
1.262957416738081129e+01 4.919271493387263799e-10 6.116694590463288841e-09 4.553094808165489243e-10
1.323685449164783101e+01 4.479549615456704248e-10 5.568180573351877242e-09 4.146007183758811157e-10
1.387333527725695603e+01 4.079257383100522275e-10 5.068858400042058945e-09 3.775423228289611757e-10
1.454042059891392391e+01 3.714884651256312744e-10 4.614277164958604159e-09 3.438089290301758802e-10
1.523958204483926515e+01 3.383118009816115603e-10 4.200476240129194193e-09 3.130947444355186574e-10
1.597236196308753975e+01 3.081134095192584223e-10 3.823747709183605501e-09 2.851373533551574154e-10
1.674037686396251345e+01 2.806228855524756250e-10 3.480815898790610160e-09 2.596869595914870446e-10
1.754532098603401380e+01 2.555940229209457757e-10 3.168629796787141150e-09 2.365157418293545642e-10
1.838897003362319182e+01 2.328113959443854419e-10 2.884406601672589516e-09 2.154237297230917376e-10
1.927318509400089397e+01 2.120710289129600400e-10 2.625673787084031818e-09 1.962224857139124984e-10
2.019991674294060147e+01 1.931894317916196479e-10 2.390180584520150181e-09 1.787423505294267091e-10
2.117120934768277252e+01 1.759998561210121621e-10 2.175760818265046851e-09 1.628284693842629373e-10
2.218920557680284134e+01 1.603527303396023414e-10 1.980577649532438511e-09 1.483425321710369264e-10
2.325615112693162345e+01 1.461079924496793992e-10 1.802919491316588451e-09 1.351550707307799104e-10
2.437439967675543429e+01 1.331411589466886186e-10 1.641161533189075881e-09 1.231504351067052731e-10
2.554641807922417485e+01 1.213368304015537525e-10 1.493917337582403242e-09 1.122220875309186359e-10
2.677479180342151466e+01 1.105908944622572080e-10 1.359881372915429258e-09 1.022736033379759865e-10
2.806223063810201879e+01 1.008080078627201612e-10 1.237869903217463290e-09 9.321674609232887682e-11
2.941157466947697685e+01 9.190235316076109983e-11 1.126793013627049428e-09 8.497195632274980626e-11
3.082580054643603873e+01 8.379513100742212158e-11 1.025680212030531972e-09 7.746635225211918935e-11
3.230802804702582165e+01 7.641522414149382103e-11 9.336273288085295707e-10 7.063399595111711450e-11
3.386152696067089352e+01 6.969644709012992250e-11 8.498536403677640856e-10 6.441386944347213268e-11
3.548972430131941280e+01 6.358140159966116269e-11 7.735856158706129936e-10 5.875250301071151843e-11
3.719621186742568852e+01 5.801353984780140070e-11 7.041526753618203991e-10 5.359774347883378642e-11
3.898475416544679462e+01 5.294580427864632612e-11 6.409575425824847857e-10 4.890596471973189191e-11
4.085929671433245147e+01 4.833260349341846300e-11 5.834352333082760341e-10 4.463497847300251153e-11
4.282397474932817261e+01 4.413335923118889752e-11 5.310777837305086956e-10 4.074720543208062060e-11
4.488312234429162118e+01 4.031083217057590269e-11 4.834143111867541195e-10 3.720812990223045016e-11
4.704128197264671485e+01 3.683128782134071435e-11 4.400336984586704414e-10 3.398657537314706547e-11
4.930321452806635563e+01 3.366411716164302930e-11 4.005466807961164896e-10 3.105415723065329828e-11
5.167390982698947255e+01 3.078157377756741093e-11 3.646067934258817951e-10 2.838518237403306482e-11
5.415859761614132850e+01 2.815774090692963212e-11 3.318896157874697598e-10 2.595564621510624437e-11
5.676275910933904356e+01 2.576985560792372071e-11 3.021133382737786418e-10 2.374448355334737562e-11
5.949213907903273935e+01 2.359647222630775275e-11 2.750150974825912872e-10 2.173186429410438238e-11
6.235275852925654050e+01 2.161853664070402046e-11 2.503483207857743095e-10 1.990008781606440267e-11
6.535092797794534647e+01 1.981888136671501760e-11 2.278954837041882060e-10 1.823323227238212881e-11
6.849326137791837255e+01 1.818131097014677015e-11 2.074618088249644505e-10 1.671634244421371817e-11
7.178669070723945822e+01 1.669156173969982525e-11 1.888591047685867900e-10 1.533613809625968540e-11
7.523848126113982460e+01 1.533629563819579127e-11 1.719295494056736830e-10 1.408031666430952506e-11
7.885624767923739853e+01 1.410352487543267529e-11 1.565220008529260248e-10 1.293775900855635446e-11
8.264797074340931715e+01 1.298259301519778377e-11 1.424912378249450282e-10 1.189850239694086194e-11
8.662201498337263672e+01 1.196338671239800122e-11 1.297251775150681795e-10 1.095326551870298467e-11
9.078714712881175330e+01 1.103702826016143407e-11 1.181023249121318630e-10 1.009373723520888114e-11
9.515255544875799387e+01 1.019526632034562224e-11 1.075209750364018613e-10 9.312266199506174072e-12
9.972787002088355734e+01 9.430706645627209045e-12 9.789181890720104402e-11 8.602006171260358689e-12
1.045231839754237768e+02 8.736595518190378177e-12 8.912199632801008401e-11 7.956611872314650869e-12
1.095490757605923164e+02 8.106755800666093329e-12 8.113832941360075134e-11 7.370362424449927615e-12
1.148166324786065218e+02 7.535658216415150449e-12 7.386877634029431397e-11 6.838077733682779362e-12
1.203374743438011052e+02 7.018220272896980246e-12 6.724760031065508282e-11 6.354988985450450800e-12
1.261237803167864371e+02 6.549776260956757091e-12 6.122051869675411924e-11 5.916761913072300151e-12
1.321883149711995316e+02 6.126219775398297556e-12 5.573100312377370566e-11 5.519490811867936679e-12
1.385444566523144658e+02 5.743691333460714399e-12 5.073485036769051013e-11 5.159575859859537852e-12
1.452062269896324267e+02 5.398734034655902908e-12 4.618754537632250022e-11 4.833732458466456550e-12
1.521883218285546775e+02 5.088166467411313493e-12 4.204853080273907089e-11 4.538924804345463449e-12
1.595061436493727172e+02 4.809059497451760891e-12 3.828271751096778570e-11 4.272366539871657598e-12
1.671758355450940314e+02 4.558647819910043989e-12 3.485765219014029615e-11 4.031422536444274849e-12
1.752143168330573531e+02 4.334375404736855559e-12 3.174482341050572125e-11 3.813665112765216249e-12
1.836393203788951212e+02 4.133736516354373394e-12 2.891741793533689181e-11 3.616726509589929011e-12
1.924694317151823384e+02 3.954258270093323711e-12 2.635208477479553822e-11 3.438321443157733895e-12
2.017241300410662461e+02 3.793402304766301211e-12 2.402756166822200009e-11 3.276170009732326141e-12
2.114238311933203818e+02 3.648481020826511520e-12 2.192344145031773890e-11 3.127932994984806871e-12
2.215899326836195087e+02 3.516563061565536186e-12 2.002189486209523121e-11 2.991200873181194338e-12
2.322448609013873124e+02 3.394346022595922838e-12 1.830630118779224228e-11 2.863413243982879886e-12
2.434121205863426098e+02 3.278117717353038425e-12 1.676057798917308437e-11 2.741852487010518596e-12
2.551163466798856234e+02 3.163735381225750004e-12 1.537041302855330241e-11 2.623693220068858446e-12
2.673833586697055011e+02 3.046752330340995201e-12 1.412156155371177140e-11 2.506064419744208748e-12
2.802402175474913975e+02 2.922702568367416168e-12 1.300148719781908275e-11 2.386274000976187401e-12
2.937152855053996063e+02 2.787692140299979950e-12 1.199751113564146137e-11 2.262083711112153816e-12
3.078382885029656109e+02 2.638988283361151386e-12 1.109647966302197257e-11 2.131960842657808185e-12
3.226403818424797691e+02 2.475827334793789406e-12 1.028593277732249007e-11 1.995507932308513771e-12
3.381542188974916598e+02 2.299895899271196104e-12 9.553621836970679623e-12 1.853655275585969918e-12
3.544140231460555697e+02 2.115305532546242755e-12 8.887662337472274357e-12 1.708640935423029063e-12
3.714556636676182393e+02 1.927964716510960915e-12 8.276837975539532334e-12 1.563719756536697232e-12
3.893167342701016764e+02 1.744461648931859377e-12 7.711128340446737965e-12 1.422625946663422659e-12
4.080366364217319983e+02 1.570864607375849224e-12 7.182442427837500945e-12 1.288957940012394113e-12
4.276566661705580259e+02 1.411810307440127305e-12 6.685350941249524211e-12 1.165648932734054284e-12
4.482201052434104440e+02 1.270067094994558459e-12 6.217617488076938767e-12 1.054637290508025825e-12
4.697723165252630224e+02 1.146562535865158061e-12 5.780293395788235977e-12 9.567786481070429263e-13
4.923608441296182718e+02 1.040668669286098952e-12 5.377114821756664657e-12 8.719201783553562563e-13
5.160355182806805487e+02 9.505800815275314356e-13 5.013195336667797960e-12 7.990649039707073915e-13
5.408485652386830225e+02 8.736558300980820841e-13 4.693360637149259740e-12 7.365492643181937817e-13
5.668547225108579823e+02 8.067129321133360173e-13 4.420436155123737552e-12 6.822118429005002856e-13
5.941113596022153160e+02 7.463537618269488198e-13 4.193773006795397710e-12 6.335947246841467887e-13
6.226786045725008307e+02 6.894155136073055887e-13 4.008137614530970499e-12 5.882365088281106589e-13
6.526194766785116599e+02 6.335829402458559234e-13 3.853279526113013968e-12 5.441156688105569836e-13
6.840000253943902635e+02 5.779645584974046876e-13 3.715079122889148833e-12 5.001542552089900464e-13
7.168894761165678347e+02 5.232677680892521003e-13 3.579244187201807849e-12 4.565259376923966892e-13
7.513603828747783382e+02 4.713085614372134854e-13 3.437466686850706839e-12 4.144795687287401056e-13
7.874887883860316151e+02 4.240486035302092430e-13 3.292891131960974019e-12 3.756708436114952971e-13
8.253543918046220824e+02 3.826837531220434117e-13 3.160062842112317685e-12 3.413466574628250408e-13
8.650407245382197061e+02 3.471966382798325020e-13 3.057870958912661395e-12 3.117948431048387005e-13
9.066353345179072676e+02 3.164385017805949795e-13 2.999284016142917567e-12 2.862389525517721170e-13
9.502299793286563272e+02 2.886442052176331820e-13 2.982238232838725990e-12 2.631723398163112631e-13
9.959208286262797856e+02 2.622723094235841105e-13 2.985310416640699504e-12 2.410913973136892947e-13
1.043808676287407025e+03 2.367987182102065682e-13 2.975929048762281814e-12 2.193451282974709282e-13
1.093999162760476111e+03 2.128312593552610673e-13 2.935831829640269439e-12 1.984451076208762508e-13
1.146603008108241966e+03 1.913636095890376212e-13 2.882312337919264854e-12 1.794495263543908818e-13
1.201736256255903754e+03 1.727853064868129443e-13 2.853907234396973623e-12 1.629214826148895599e-13
1.259520530983661502e+03 1.564997340648604713e-13 2.872463049806921388e-12 1.484137427503468892e-13
1.320083304228403449e+03 1.414377939985431513e-13 2.917756943476977015e-12 1.348986059808223969e-13
1.383558177286419323e+03 1.270571908923282846e-13 2.942734797085048103e-12 1.217983558244557689e-13
1.450085175537464920e+03 1.137561275601541080e-13 2.932564844632091537e-12 1.095082309413780311e-13
1.519811057340320986e+03 1.021132455534146610e-13 2.926948853187893401e-12 9.867088795969453594e-14
1.592889637781297779e+03 9.199450548318431993e-14 2.957873858833630992e-12 8.921963521726994493e-14
1.669482127989859009e+03 8.274055855957407494e-14 2.997386265238145418e-12 8.051792279735264802e-14
1.749757490769880633e+03 7.412625051736338247e-14 3.000413856379968068e-12 7.233908859241848275e-14
1.833892813331097159e+03 6.650563726206186011e-14 2.980397768549732048e-12 6.505399958323150292e-14
1.922073697942950503e+03 5.992542278221847615e-14 2.974607269303742311e-12 5.874202597618205408e-14
2.014494671372649691e+03 5.394490640230991276e-14 2.976209458203940544e-12 5.298454182130212989e-14
2.111359614010623318e+03 4.849282157087654308e-14 2.963586319437458571e-12 4.771211374952838017e-14
2.212882209630056877e+03 4.383334206148115465e-14 2.947919395595050264e-12 4.319112258522061201e-14
2.319286416772661596e+03 3.979372803982626543e-14 2.941955280875834482e-12 3.926265021048089185e-14
2.430806962800533256e+03 3.617016931144631802e-14 2.938845369322111005e-12 3.573041323924119562e-14
2.547689861704016494e+03 3.309637910104176751e-14 2.938388642846493990e-12 3.272775186532985412e-14
2.670192956807838982e+03 3.044062670916880881e-14 2.946938925720283823e-12 3.012940278285049243e-14
2.798586489572695427e+03 2.810897159993288232e-14 2.963499799182913505e-12 2.784486143548811947e-14
2.933153695747109396e+03 2.620415333354177071e-14 2.988294536890832952e-12 2.597636831105875468e-14
3.074191430184654109e+03 2.452294431046174955e-14 3.023714867396714373e-12 2.432565826035622558e-14
3.222010821704852788e+03 2.300802437162511529e-14 3.070009746278773341e-12 2.283687463219960277e-14
3.376937959442429474e+03 2.159156530716647787e-14 3.128513829751746856e-12 2.144357162633761265e-14
3.539314612198974373e+03 2.030689412275727216e-14 3.200742157963245523e-12 2.017887063033457361e-14
3.709498982383876864e+03 1.926407768427549916e-14 3.288744891310767741e-12 1.915189398329280852e-14
3.887866496207774162e+03 1.839636768043281644e-14 3.396091429651986960e-12 1.829725286031307123e-14
4.074810631871661371e+03 1.771784812889199447e-14 3.528188769574548448e-12 1.762931727453977261e-14
4.270743787578599040e+03 1.735206499986202238e-14 3.695180359219690295e-12 1.727096290421561783e-14
4.476098191282926564e+03 1.727941604155660654e-14 3.920957693012584607e-12 1.720360084545001318e-14
4.691326854183844262e+03 1.770815398819901526e-14 4.232306812996041336e-12 1.763437102034930923e-14
4.916904570066738415e+03 1.860320684105390652e-14 4.694079678412052113e-12 1.852977111172571798e-14
5.153328962696860799e+03 2.022198807588138858e-14 5.396222244487774107e-12 2.014649042757502939e-14
5.401121583575876684e+03 2.285726590188807853e-14 6.351303217341620648e-12 2.277530144462613167e-14
5.660829062482887821e+03 2.623235860710112747e-14 7.377169965738472417e-12 2.613940990487692596e-14
5.933024313338100910e+03 3.116888307949000495e-14 8.171009348716891373e-12 3.105043902170827899e-14
6.218307798049234407e+03 3.636837555436212740e-14 8.956659562714550855e-12 3.622129953619090504e-14
6.517308851128655078e+03 4.911079277179439284e-14 1.089695630443667524e-11 4.889045153459429397e-14
6.830687068003443528e+03 7.627819310023208102e-14 1.644710800085883626e-11 7.592606414347118033e-14
7.159133760080946558e+03 1.315452516016063874e-13 3.214760465328437103e-11 1.310091732578483178e-13
7.503373479779635090e+03 2.616390728303863407e-13 8.303966866839907464e-11 2.608172969629029832e-13
7.864165618889584039e+03 5.838873851520902964e-13 2.822734453899117343e-10 5.826820974008589667e-13
8.242306083788511387e+03 1.584311169044664927e-12 1.232024372139860284e-09 1.582276454216274453e-12
8.638629051208814417e+03 5.321950820049236821e-12 6.717743023676434649e-09 5.317737985480707496e-12
9.054008808428965494e+03 2.648548319417842622e-11 4.611512702490430104e-08 2.647028041339337930e-11
9.489361681948652404e+03 2.145180018856505486e-10 5.033257562735658653e-07 2.144266130226659179e-10
9.945648058902244884e+03 2.169477276574871855e-09 7.245694720879324644e-06 2.168827894698377768e-09
1.042387450566994994e+04 2.808429472918117659e-08 1.401688816097582363e-04 2.807866887554485005e-08
1.092509598836028636e+04 3.719531181497273407e-07 2.433765987710422626e-03 3.718962811398846298e-07
1.145041820006202761e+04 3.990406782857437247e-06 3.020911120470982092e-01 3.990354073143962248e-06
1.200099999999999454e+04 0.000000000000000000e+00 0.000000000000000000e+00 0.000000000000000000e+00
