1.000000000000000000e+00 4.296758783225690951e-08 3.421174505909824015e-08 1.904649995862090646e-08
1.043506801891150637e+00 3.946742552958625232e-08 3.141847861069319624e-08 1.749299074138244833e-08
1.088906445593096795e+00 3.624770763212262685e-08 2.885329311700294513e-08 1.606527889117137542e-08
1.136281282599512554e+00 3.329032187325689083e-08 2.649757341108897131e-08 1.475403580474201879e-08
1.185717247254192142e+00 3.057386067255806475e-08 2.433421081627630627e-08 1.354975235698778379e-08
1.237304012629400596e+00 2.807781905892508136e-08 2.234738448672308612e-08 1.244349598887424236e-08
1.291135153185993367e+00 2.578638018594295439e-08 2.052287496175687708e-08 1.142775141998193239e-08
1.347308314510356819e+00 2.368116228031229662e-08 1.884723476829602863e-08 1.049473895225890387e-08
1.405925390436058908e+00 2.174828014270650011e-08 1.730849452499171936e-08 9.638020317364987575e-09
1.467092707871498813e+00 1.997271081021520415e-08 1.589530050419952903e-08 8.851124681235352574e-09
1.530921219668815780e+00 1.834208392668350488e-08 1.459749004236963256e-08 8.128471477124179349e-09
1.597526705883905551e+00 1.684480595684882698e-08 1.340570928382475382e-08 7.464883483912740245e-09
1.667029983792618797e+00 1.546952977432936080e-08 1.231116769006295759e-08 6.855406541981016401e-09
1.739557127044092155e+00 1.420652381406568834e-08 1.130599249722880239e-08 6.295688347386666466e-09
1.815239694348738553e+00 1.304672223310472442e-08 1.038292748589697864e-08 5.781698510204535069e-09
1.894214968115721653e+00 1.198150889491275649e-08 9.535193237703366520e-09 5.309642801583189305e-09
1.976626203472784393e+00 1.100325596954883455e-08 8.756669139616547203e-09 4.876125362396149712e-09
2.062622888120131837e+00 1.010593358420850170e-08 8.041714204147197418e-09 4.478212857009676230e-09
2.152361013489727082e+00 9.281273448150645015e-09 7.385158573061121032e-09 4.112678471750709483e-09
2.246003357701860548e+00 8.523846940484876012e-09 6.782189694809535990e-09 3.776963838344970307e-09
2.343719780832254074e+00 7.828184790221057594e-09 6.228455000061092949e-09 3.468645239935813993e-09
2.445687533025294069e+00 7.189138856125496082e-09 5.719919443701479613e-09 3.185460486081560436e-09
2.552091576012282204e+00 6.602358313259635957e-09 5.252913877218732706e-09 2.925417404920213400e-09
2.663124918617922887e+00 6.063364358234905370e-09 4.824028764314719448e-09 2.686579215373833483e-09
2.778988966863618959e+00 5.568430498449909571e-09 4.430178738569553123e-09 2.467257377165866564e-09
2.899893889302647576e+00 5.113826091761105228e-09 4.068467715948083367e-09 2.265821241946688178e-09
3.026058998249895549e+00 4.696913073128736937e-09 3.736288908747883092e-09 2.080944374176923652e-09
3.157713147597687176e+00 4.313869240834035913e-09 3.431242416733906984e-09 1.911132049972462773e-09
3.295095147939301583e+00 3.962019947783930942e-09 3.151097751739277635e-09 1.755167379086805178e-09
3.438454199753187890e+00 3.638831279024188939e-09 2.893827923594919046e-09 1.611924216139885089e-09
3.588050345433644761e+00 3.341972996974124841e-09 2.657570780975579002e-09 1.480367527312720648e-09
3.744154940987900027e+00 3.069177492782215921e-09 2.440590143561252780e-09 1.359513655043249386e-09
3.907051148255233031e+00 2.818735430807292129e-09 2.241334319526341870e-09 1.248545725741566051e-09
4.077034448540966416e+00 2.588808262255941540e-09 2.058335629364485325e-09 1.146647577107087326e-09
4.254413178597033607e+00 2.377752493085528557e-09 1.890289391213753200e-09 1.053091894235135446e-09
4.439509089921354956e+00 2.183768769197254611e-09 1.735958797613708527e-09 9.671418592813800656e-10
4.632657932390524813e+00 2.005573673875840109e-09 1.594229951525559659e-09 8.882000113346449962e-10
4.834210063284507086e+00 1.841933666972449763e-09 1.464068654169201710e-09 8.157034033606027364e-10
5.044531082808031641e+00 1.691839777728535851e-09 1.344536070068654192e-09 7.491627255509933462e-10
5.264002497261512481e+00 1.553907097366876249e-09 1.234760198985397886e-09 6.880356933433083868e-10
5.493022411064389487e+00 1.427225002283925392e-09 1.133953461725347699e-09 6.318992427678654284e-10
5.732006248886219346e+00 1.310861663540736595e-09 1.041375388434426393e-09 5.803407751388259525e-10
5.981387509195349672e+00 1.203948951383236691e-09 9.563539411228045055e-10 5.329814298541964043e-10
6.241618550592113124e+00 1.105844900463237159e-09 8.782746403196363388e-10 4.895045445802289965e-10
6.513171412352854794e+00 1.015709761224542635e-09 8.065729253326249777e-10 4.495702008493403068e-10
6.796538670673194282e+00 9.328783606231225202e-10 7.407206422465183804e-10 4.128840046115046783e-10
7.092234332163717347e+00 8.569236644241555944e-10 6.802478700443053719e-10 3.792162972342973946e-10
7.400794766218779408e+00 7.871558735366563133e-10 6.247109848276388768e-10 3.482941171518476761e-10
7.722779677949724864e+00 7.230255546251409617e-10 5.737118354891836362e-10 3.198861397935042228e-10
8.058773123447286579e+00 6.641016500838456333e-10 5.268709865179785861e-10 2.937900341071171310e-10
8.409384569214836347e+00 6.100174459784640067e-10 4.838581368986502907e-10 2.698313313754358376e-10
8.775249997694164250e+00 5.603047620633190369e-10 4.443545899326322355e-10 2.478193153622787183e-10
9.157033060889162357e+00 5.147301875160689116e-10 4.080792294991190129e-10 2.276208873126804622e-10
9.555426284179983298e+00 4.728655787257278518e-10 3.747642984135619169e-10 2.090690071628387853e-10
9.971152322511294130e+00 4.343627793480624231e-10 3.441691317281257938e-10 1.920207232309690512e-10
1.040496527123328008e+01 3.990221730864159363e-10 3.160702760699173425e-10 1.763674732606073774e-10
1.085765203397312817e+01 3.665544790464231313e-10 2.902688930887804910e-10 1.619908295036097952e-10
1.133003375001824686e+01 3.367955574209330370e-10 2.665734323311627992e-10 1.487990752930031492e-10
1.182296728380033457e+01 3.094009653536614785e-10 2.448100147473301029e-10 1.366707943557261121e-10
1.233734677918219091e+01 2.842593923249493415e-10 2.248240508250219077e-10 1.255360961498161434e-10
1.287410528136649646e+01 2.611601042756693272e-10 2.064726826766607498e-10 1.153093385289314334e-10
1.343421642936872473e+01 2.399694471663961143e-10 1.896162617803353262e-10 1.059209106949783611e-10
1.401869622212410427e+01 2.204867760406213723e-10 1.741383891326098215e-10 9.729539672894839855e-11
1.462860486143227945e+01 2.025916691130323395e-10 1.599222355421851546e-10 8.937288255906487423e-11
1.526504867508253582e+01 1.861709552280167599e-10 1.468685307742687094e-10 8.210033889793278971e-11
1.592918212364812369e+01 1.710781340989001318e-10 1.348788941015646462e-10 7.541853072615174617e-11
1.662220989458974074e+01 1.572233979991685134e-10 1.238694389757621350e-10 6.928377938622771049e-11
1.734538908746677066e+01 1.444869087171552856e-10 1.137577828657128980e-10 6.364704067308936765e-11
1.810003149422011504e+01 1.328037600856025390e-10 1.044727654304864288e-10 5.847344588990525085e-11
1.888750597866273750e+01 1.220617447167186696e-10 9.594536602178116728e-11 5.371961829332472909e-11
1.970924095949434118e+01 1.122017631763364897e-10 8.811409084853063754e-11 4.935483714962331468e-11
2.056672700134400245e+01 1.031461015570418602e-10 8.092202006528247017e-11 4.534620566716470454e-11
2.146151951854085382e+01 9.482977508984895569e-11 7.431779262146685597e-11 4.166503636337104084e-11
2.239524159651707436e+01 8.719039383304476627e-11 6.825192816908800700e-11 3.828373392959103853e-11
2.336958693596119829e+01 8.017595783101953221e-11 6.268247067141411628e-11 3.517907328239861737e-11
2.438632292506208543e+01 7.372668525963422877e-11 5.756648801670079905e-11 3.232602455709553007e-11
2.544729384541637174e+01 6.780793811088586980e-11 5.286861172752878789e-11 2.970677863121631802e-11
2.655442421741480175e+01 6.236957577037817849e-11 4.855454006624065579e-11 2.730088081222760671e-11
2.770972229117543861e+01 5.737986272259061410e-11 4.459261923402473459e-11 2.509224372098456425e-11
2.891528368935641069e+01 5.278707839851036360e-11 4.095401802782511914e-11 2.306184846117786755e-11
3.017329520845564517e+01 4.857448905585869895e-11 3.761273721679604121e-11 2.119826302935357750e-11
3.148603878549312896e+01 4.470616392795691993e-11 3.454404944631932506e-11 1.948678585872267735e-11
3.285589563727066320e+01 4.115189658252472149e-11 3.172607146834571121e-11 1.791471478902679693e-11
3.428535057971772204e+01 3.789095398142048230e-11 2.913835210261487072e-11 1.647160060452378832e-11
3.577699653515814759e+01 3.488696342210792068e-11 2.676158380980962831e-11 1.514440221889173611e-11
3.733353923567363353e+01 3.213812204386258961e-11 2.457924653825027455e-11 1.392749425334935779e-11
3.895780213109558332e+01 2.960584794605660135e-11 2.257486982352770758e-11 1.280833595177100784e-11
4.065273151052780776e+01 2.728156532484223768e-11 2.073421632687386375e-11 1.178074911461537805e-11
4.242140184669047898e+01 2.515060346709814260e-11 1.904381778934243361e-11 1.083764638392273012e-11
4.426702137277933247e+01 2.319245804679042774e-11 1.749172530108545801e-11 9.971346892786714594e-12
4.619293790195614946e+01 2.139094511599871939e-11 1.606609191295621570e-11 9.175015366884873487e-12
4.820264490002678315e+01 1.973955203685672955e-11 1.475718214650234065e-11 8.444282387715900003e-12
5.029978782232173273e+01 1.822252042280722137e-11 1.355495881837913163e-11 7.772973810272657800e-12
5.248817072627439728e+01 1.682840170790304497e-11 1.245098510266082479e-11 7.156235214977086323e-12
5.477176317169127628e+01 1.554777283648421062e-11 1.143720117104510131e-11 6.589704538643041908e-12
5.715470742123107328e+01 1.437248771815184782e-11 1.050614248443681380e-11 6.069442030896447938e-12
5.964132595415325255e+01 1.329488572976250254e-11 9.651159568718425973e-12 5.591859597449232814e-12
6.223612930696613432e+01 1.230344850849773224e-11 8.866001309491378450e-12 5.152821236521034327e-12
6.494382425519634694e+01 1.139504127390287599e-11 8.144989861440431651e-12 4.749864266017379724e-12
6.776932235112084868e+01 1.056097825219438203e-11 7.482760648051309785e-12 4.379650631575575123e-12
7.071774883294858682e+01 9.795390967250865882e-12 6.874588945671583466e-12 4.039554145460796367e-12
7.379445192161182376e+01 9.094044897234051711e-12 6.316255203434971339e-12 3.727397132255205603e-12
7.700501252203143565e+01 8.449628975909818327e-12 5.803351423797932410e-12 3.440414914828338019e-12
8.035525434645299470e+01 7.858325011823411140e-12 5.332311724144051547e-12 3.176725993705948033e-12
8.385125447821714317e+01 7.317601273727057258e-12 4.899759376941149508e-12 2.934716137376173356e-12
8.749935439512539403e+01 6.822854642179977884e-12 4.502457898961511275e-12 2.712473997124073895e-12
9.130617147239769338e+01 6.368198732115129281e-12 4.137588197569472864e-12 2.508044765245155380e-12
9.527861098608673274e+01 5.952881331710909376e-12 3.802378823131177589e-12 2.320297926762660223e-12
9.942387863872237119e+01 5.573613876145017828e-12 3.494625467678620599e-12 2.147902394288870743e-12
1.037494936299070645e+02 5.227825716920264068e-12 3.211871122784579259e-12 1.989538578700181240e-12
1.082633022955706252e+02 4.911571726625901879e-12 2.952164715023739063e-12 1.843877761448916717e-12
1.129734923406257820e+02 4.624120579798813016e-12 2.713555172224181028e-12 1.710051893863247055e-12
1.178886076908408143e+02 4.363819985039167033e-12 2.494371572411496301e-12 1.587151427110187394e-12
1.230175639908698031e+02 4.127153034016848640e-12 2.293039598964213023e-12 1.474056290674206403e-12
1.283696647765525256e+02 3.913606197249568876e-12 2.108025886554075656e-12 1.370057661903736654e-12
1.339546183508192598e+02 3.721530560451142808e-12 1.938042350582994546e-12 1.274386592154582096e-12
1.397825553938130554e+02 3.549880576264838466e-12 1.781888854302523952e-12 1.186377752324940708e-12
1.458640473391704688e+02 3.397879515284368882e-12 1.638430907887065390e-12 1.105410578645883531e-12
1.522101255497971692e+02 3.263260704920663175e-12 1.506607297478165253e-12 1.030731330329196873e-12
1.588323013279193674e+02 3.147857285101176958e-12 1.385537673356423669e-12 9.620769641348567865e-13
1.657425867957087178e+02 3.048029652518878146e-12 1.274248284231751409e-12 8.985878770048570944e-13
1.729535166843564582e+02 2.965847450405948247e-12 1.172061470819602657e-12 8.400754079236255514e-13
1.804781710711205562e+02 2.899275208102449980e-12 1.078169648818092028e-12 7.859092068889156145e-13
1.883301991055890028e+02 2.850256831292864760e-12 9.919679589935309954e-13 7.358662248738973814e-13
1.965238437681966275e+02 2.816794295912887482e-12 9.128154398734941304e-13 6.894054623424923650e-13
2.050739677059069948e+02 2.799633989357443089e-12 8.401482963283090791e-13 6.462220929399173925e-13
2.139960801919201003e+02 2.799765686660420795e-12 7.735008730804292276e-13 6.060620350723355793e-13
2.233063652583127521e+02 2.817285954049319799e-12 7.123644143896772755e-13 5.685929339545838191e-13
2.330217110526390911e+02 2.852037003138553382e-12 6.563278849339959573e-13 5.335452479265351441e-13
2.431597404717432198e+02 2.902488392733746585e-12 6.049623575802052042e-13 5.006189240890175973e-13
2.537388431283509647e+02 2.967238205418707073e-12 5.579063382637636667e-13 4.696093965588626270e-13
2.647782087084258933e+02 3.043753443719566377e-12 5.148212768443116109e-13 4.403417540286125475e-13
2.762978617797970742e+02 3.124804252780976174e-12 4.753952670505301372e-13 4.126207850560928234e-13
2.883186981151989698e+02 3.200868818111239859e-12 4.393177550023737485e-13 3.862984698685230295e-13
3.008625225956113809e+02 3.258384787359395081e-12 4.062965730926647266e-13 3.612512092342145988e-13
3.139520887626504759e+02 3.279958337455826556e-12 3.760511982726008918e-13 3.373711832616215925e-13
3.276111400917600349e+02 3.248011511427773669e-12 3.483450433558879105e-13 3.146041538244507455e-13
3.418644530610662855e+02 3.152810207760961398e-12 3.229384698025529577e-13 2.929336377640291695e-13
3.567378820940206197e+02 2.992586640097992098e-12 2.996145922023277557e-13 2.723474546471169764e-13
3.722584064573538853e+02 2.779511200558191033e-12 2.781495352002820604e-13 2.528468052317980215e-13
3.884541791994093956e+02 2.535382155068033504e-12 2.583723346992492195e-13 2.344775137396946898e-13
4.053545782176276475e+02 2.285075352027532303e-12 2.401232870626176187e-13 2.172897593958470451e-13
4.229902595478124567e+02 2.047225369399540248e-12 2.232617002851025320e-13 2.013079144742376166e-13
4.413932129718455144e+02 1.838278210547775698e-12 2.076823722463769437e-13 1.866008479469314022e-13
4.605968200447100571e+02 1.662868911770914749e-12 1.933005894515808711e-13 1.731703600421872150e-13
4.806359146460892475e+02 1.524016341360658824e-12 1.800590645227887838e-13 1.610333414797327157e-13
5.015468461663685957e+02 1.419895118315267563e-12 1.679108901578975327e-13 1.501542707200299741e-13
5.233675454416602406e+02 1.346656421298728444e-12 1.568131464799071964e-13 1.404574027815090397e-13
5.461375935574483265e+02 1.301369953353337605e-12 1.467304820770314958e-13 1.318628431731322040e-13
5.698982936456619655e+02 1.277319919019377957e-12 1.376125858603844765e-13 1.242287504322833079e-13
5.946927458054085491e+02 1.266412799256701735e-12 1.293865752740786865e-13 1.173928130138093419e-13
6.205659252832682569e+02 1.255838519854566202e-12 1.219465248760772106e-13 1.111531467753162266e-13
6.475647640549660764e+02 1.231634487914917551e-12 1.151845270742455629e-13 1.053335559120776857e-13
6.757382359563951013e+02 1.181087280826966198e-12 1.089756172125015143e-13 9.977010857808271761e-14
7.051374455184256931e+02 1.102117080431012519e-12 1.032104939574746754e-13 9.437272546259034575e-14
7.358157206666278398e+02 1.005233990452801161e-12 9.783366462598748999e-14 8.915656681600180532e-14
7.678287094540650060e+02 9.090264526040836022e-13 9.283245404091409461e-14 8.423057959921476883e-14
8.012344810026208961e+02 8.286760832530552326e-13 8.825028557696006308e-14 7.975656877573803858e-14
8.360936308359608802e+02 7.723928477414724299e-13 8.416939964786374123e-14 7.589856135365431829e-14
8.724693907951938172e+02 7.415780888109012977e-13 8.064503721857703015e-14 7.273523533865216233e-14
9.104277437366123422e+02 7.309895113306086688e-13 7.769343292362140349e-14 7.022911138407920601e-14
9.500375432195683061e+02 7.291091890811695195e-13 7.521952419084773439e-14 6.818511558882130445e-14
9.913706384015775939e+02 7.192487276457269514e-13 7.306634730442483701e-14 6.632825626312195945e-14
1.034502004367218660e+03 6.888464665377526262e-13 7.109413615768046168e-14 6.444312135720862593e-14
1.079509878127221327e+03 6.424422624385999446e-13 6.922806077702076670e-14 6.249386905564580466e-14
1.126475900534442644e+03 5.976296293865015639e-13 6.758817045275745881e-14 6.072100486239767441e-14
1.175485264374150120e+03 5.709705558517211760e-13 6.637993832425234083e-14 5.946647979210132580e-14
1.226626868897243185e+03 5.660433013035242267e-13 6.576368939830180377e-14 5.891846149338078079e-14
1.279993481076717899e+03 5.719675948679076980e-13 6.569863147164947239e-14 5.892971381699360588e-14
1.335681903879886931e+03 5.658859164842291054e-13 6.594455299304816811e-14 5.906187752940573928e-14
1.393793151861582601e+03 5.370807201857025940e-13 6.631035109557157489e-14 5.902309930863179599e-14
1.454432634396866888e+03 5.031504176207116325e-13 6.697445542159515258e-14 5.910674451980052475e-14
1.517710346885595754e+03 4.890447476065628131e-13 6.846986319013817538e-14 6.006089582948586124e-14
1.583741070275696984e+03 5.010152577750929567e-13 7.107200428372770778e-14 6.224252995715747592e-14
1.652644579267060635e+03 5.239525500300048476e-13 7.439012166317258956e-14 6.514142444857825310e-14
1.724545859573716598e+03 5.368563585955221372e-13 7.773541567585816202e-14 6.790320655222908569e-14
1.799575334638394452e+03 5.437674758087060413e-13 8.129217515493409266e-14 7.071971582048107072e-14
1.877869102210708206e+03 5.656514008606435806e-13 8.588069992043676014e-14 7.456046779375859331e-14
1.959569181218102358e+03 5.977063867456126137e-13 9.057706663688118658e-14 7.865726098090711463e-14
2.044823769377360577e+03 6.019246879521774981e-13 9.318670997383121576e-14 8.069408945047838597e-14
2.133787512013977448e+03 5.756583021662527594e-13 9.391597074747617538e-14 8.074310864950659483e-14
2.226621782576980422e+03 5.731624546518425850e-13 9.273206828150079175e-14 7.981825657167581593e-14
2.323494975358078136e+03 5.988059960775698808e-13 8.801104141552221148e-14 7.673301104033270273e-14
2.424582810946065820e+03 5.556328494451196878e-13 8.163851748431307650e-14 7.118010387450387946e-14
2.530068654970585612e+03 4.471878122180742243e-13 7.487192698105712798e-14 6.413406495312836577e-14
2.640143850713400752e+03 3.881518103322965182e-13 6.844868467490560385e-14 5.818758665824499742e-14
2.755008066190528098e+03 3.827025060943485879e-13 6.348673774945836640e-14 5.445342749897765112e-14
2.874869656334801675e+03 3.864192939496997767e-13 6.083357100358073313e-14 5.255922856547410676e-14
2.999946040935837118e+03 3.879647012697936611e-13 5.985041184509087309e-14 5.185141472971653755e-14
3.130464099022974096e+03 4.128393015731188872e-13 6.205263974316364081e-14 5.394441603142378997e-14
3.266660580406526151e+03 4.645386399075825596e-13 6.715473067628889223e-14 5.867285352357478453e-14
3.408782535123903926e+03 5.471674396381990927e-13 7.619088362210058216e-14 6.687834133221056037e-14
3.557087761569554004e+03 6.548410192640690693e-13 9.198034346423098389e-14 8.065181966184498116e-14
3.711845274121596958e+03 7.910658630141639530e-13 1.140911278758834226e-13 9.971043414982417023e-14
3.873335791113409414e+03 9.952079219581581767e-13 1.553474106055217183e-13 1.343724802403148953e-13
4.041852244035283547e+03 1.295288457433970252e-12 2.255710729955680856e-13 1.921147886022282518e-13
4.217700308889829103e+03 1.803616544307437506e-12 3.713671900044757573e-13 3.079581687616335254e-13
4.401198960664939477e+03 2.536012782924904229e-12 6.695950237967545761e-13 5.297284141156698298e-13
4.592681051930127069e+03 4.380164639731221595e-12 1.651375739091108909e-12 1.199245493684185815e-12
4.792493916605692903e+03 1.059354459804237686e-11 9.408857403909020579e-12 4.983059060367225295e-12
5.001000000000000909e+03 0.000000000000000000e+00 0.000000000000000000e+00 0.000000000000000000e+00
